100, 1
18.190 6.320 0
2.380 18.260 0
15.52 28.03 7.0:2.62 0.126 1.159,4.526 0.457 1.097
9.0 28.01 5.0:1.17 0.86 1.229
16.93 2.09 24.0:4.213 0.637 1.818
8.64 19.85 3.0:0.882 1.455 1.376
18.43 29.93 23.0:5.507 0.198 1.186
3.94 10.77 3.0:0.618 1.886 2.177
14.78 7.61 26.0:4.313 0.14 5.497
2.41 25.06 24.0:1.762 0.69 1.339
18.41 11.88 16.0:4.265 0.336 1.309
14.91 17.24 21.0:3.089 0.169 1.854
7.14 0.48 6.0:0.922 0.963 2.203
13.44 24.76 17.0:0.643 1.195 1.051
17.54 29.43 27.0:4.171 1.847 3.337
16.71 9.5 27.0:0.875 0.281 2.39,2.499 0.525 3.148
12.38 26.66 1.0:3.919 0.412 4.348,2.192 0.656 1.972
25.69 6.34 6.0:0.721 0.694 1.524
11.62 24.0 27.0:5.676 1.022 3.171
10.24 3.02 23.0:3.917 1.186 1.147,5.84 0.289 2.193
3.54 26.16 18.0:0.415 1.785 1.02
17.86 19.36 13.0:1.547 1.611 1.774
3.77 7.84 1.0:3.473 1.562 1.133
14.2 19.64 13.0:1.754 0.905 1.265,3.68 0.14 2.646
15.88 5.54 21.0:5.426 0.895 1.062
1.32 19.32 23.0:0.28 0.22 1.256
20.5 25.33 16.0:4.48 0.902 1.013
16.76 19.84 8.0:0.452 1.913 1.84
27.5 17.66 24.0:1.277 1.312 1.871
19.41 20.67 15.0:5.321 1.028 1.019
20.49 14.03 24.0:3.81 0.479 1.867
20.9 7.67 8.0:3.462 0.405 1.993,4.683 0.181 1.236
2.75 25.4 5.0:0.418 0.399 2.633
16.1 19.74 3.0:1.215 1.79 2.328
0.43 1.12 9.0:5.856 1.021 1.813
13.57 9.41 11.0:2.45 0.882 1.502
0.3 9.16 7.0:0.794 0.796 3.956
0.45 23.35 10.0:0.094 0.244 3.815
22.69 23.13 13.0:5.308 0.712 2.602
19.12 20.2 13.0:3.08 0.971 1.379
7.0 21.44 8.0:1.156 1.011 1.545,4.951 0.17 2.137
28.88 0.86 24.0:5.772 1.941 4.641
19.6 2.11 14.0:5.208 0.433 2.954,3.611 0.958 2.407
22.78 15.42 27.0:5.432 0.487 2.111
13.51 8.05 1.0:2.833 0.626 1.382
0.51 11.06 5.0:2.703 1.156 1.556
4.31 23.12 20.0:5.012 1.731 1.315
19.68 25.62 5.0:5.371 0.928 2.474
16.32 3.73 3.0:2.153 0.182 1.475
7.14 25.9 13.0:0.5 1.483 1.843
1.04 13.47 6.0:2.169 0.969 3.481
17.46 2.56 28.0:1.616 0.313 2.304
23.49 17.75 5.0:1.558 0.635 1.266
11.96 15.15 17.0:3.241 1.032 1.156
22.85 14.85 2.0:3.263 0.143 3.063,4.934 0.489 2.862
28.47 6.08 23.0:3.383 1.628 3.992
6.52 19.42 17.0:5.192 1.096 2.608
26.85 25.82 6.0:4.598 1.055 1.591,1.632 0.521 2.527
21.48 10.3 21.0:1.887 1.724 4.679
29.08 2.62 18.0:6.245 0.836 1.44
22.54 18.26 14.0:1.008 0.15 2.983,4.685 0.554 2.18
4.46 7.85 7.0:4.341 0.308 1.583
21.61 23.16 4.0:3.654 0.382 1.611
6.82 21.1 13.0:1.332 1.449 1.353
6.48 2.46 25.0:0.173 0.577 1.779
26.7 3.44 27.0:0.203 1.856 1.085
7.03 28.12 1.0:3.982 1.2 1.419
20.3 3.86 2.0:2.694 0.257 1.069,5.177 0.192 1.614,3.936 0.14 1.12
17.02 12.33 17.0:0.175 0.6 1.602
0.2 24.8 3.0:3.004 1.461 3.351
13.97 18.49 4.0:4.862 0.238 1.964
1.88 3.33 13.0:0.065 0.86 1.003
14.25 23.83 1.0:5.977 1.735 2.589
27.22 11.98 16.0:5.751 0.307 5.601
22.05 7.74 10.0:5.713 0.385 1.127,2.519 0.29 2.675
3.08 21.03 13.0:0.922 0.404 2.71
12.66 26.02 3.0:1.951 1.958 1.31
3.69 14.33 21.0:3.353 1.751 1.568
26.93 13.06 24.0:5.899 1.247 1.028
1.57 19.84 19.0:2.048 1.609 1.818
19.01 14.36 13.0:4.337 1.046 1.009,2.845 0.44 1.86
14.24 18.8 19.0:1.957 0.818 3.482
20.49 13.59 8.0:2.68 0.562 3.763
3.3 17.86 1.0:5.782 0.2 1.377,1.432 0.355 1.192
28.72 20.92 29.0:3.814 1.495 2.21
7.49 6.59 24.0:3.608 0.357 1.732
12.19 16.11 1.0:6.263 1.939 1.033
17.52 0.97 10.0:2.838 1.937 4.604
10.35 6.18 11.0:5.179 1.136 1.013
13.61 21.12 17.0:3.092 1.279 1.632
0.26 14.37 13.0:2.874 1.348 1.249,0.865 0.483 1.414
12.58 26.64 16.0:4.743 0.237 1.702,2.915 0.472 2.12
21.57 24.07 2.0:4.839 0.822 2.116,0.144 0.135 1.596
14.5 0.3 22.0:5.748 0.756 2.047
25.6 22.91 2.0:1.722 0.532 2.376,4.221 0.316 2.486
10.92 4.13 8.0:2.688 1.472 1.436
26.65 20.04 28.0:1.343 1.287 1.241,4.821 1.314 1.222
18.63 4.3 24.0:2.369 1.149 1.264,0.697 0.194 3.493
7.29 16.28 12.0:4.469 1.543 2.224
4.34 9.51 5.0:6.133 0.661 2.307