100 1
18.190 6.320 0
2.380 18.260 0
15.52 28.03 7.0:2.733 1.013 1.035
9.0 28.01 5.0:1.375 0.592 1.492,4.795 0.882 1.573
16.93 2.09 24.0:3.645 0.325 1.353
8.64 19.85 3.0:6.045 1.697 2.054
18.43 29.93 23.0:5.913 0.313 4.467
3.94 10.77 3.0:2.272 1.069 1.418
14.78 7.61 26.0:2.185 1.29 1.079
2.41 25.06 24.0:1.19 1.739 2.95
18.41 11.88 16.0:5.699 0.254 1.005,2.058 0.81 1.337,3.659 0.725 1.155
14.91 17.24 21.0:2.221 0.732 1.021
7.14 0.48 6.0:6.18 0.976 1.918
13.44 24.76 17.0:0.783 1.633 1.305
17.54 29.43 27.0:1.595 1.185 1.927
16.71 9.5 27.0:4.951 0.762 1.039
12.38 26.66 1.0:4.964 0.355 2.729,1.316 0.866 3.978
25.69 6.34 6.0:1.513 1.71 3.419
11.62 24.0 27.0:4.677 0.878 1.856,2.352 0.251 1.857
10.24 3.02 23.0:3.666 1.777 1.762
3.54 26.16 18.0:1.514 0.873 1.136
17.86 19.36 13.0:0.47 1.532 2.284
3.77 7.84 1.0:0.527 0.898 1.745
14.2 19.64 13.0:3.188 0.151 4.228
15.88 5.54 21.0:5.829 0.239 1.3,3.351 1.862 1.592
1.32 19.32 23.0:0.997 0.693 1.242,3.573 1.685 1.184
20.5 25.33 16.0:3.114 0.619 1.769
16.76 19.84 8.0:1.611 0.151 1.321
27.5 17.66 24.0:4.725 0.649 2.167
19.41 20.67 15.0:3.465 0.775 1.885
20.49 14.03 24.0:5.248 1.171 3.14
20.9 7.67 8.0:1.755 0.132 1.182
2.75 25.4 5.0:1.119 0.209 2.809
16.1 19.74 3.0:5.734 1.52 2.269
0.43 1.12 9.0:0.465 0.474 1.626
13.57 9.41 11.0:2.163 1.119 1.076,0.46 0.128 2.241
0.3 9.16 7.0:6.147 0.352 1.68
0.45 23.35 10.0:3.946 0.816 3.033,1.14 0.623 1.11
22.69 23.13 13.0:1.367 1.931 1.845
19.12 20.2 13.0:2.379 0.372 1.584
7.0 21.44 8.0:1.841 1.766 2.531
28.88 0.86 24.0:4.599 1.982 1.145
19.6 2.11 14.0:0.521 1.352 1.035
22.78 15.42 27.0:0.88 1.667 2.031
13.51 8.05 1.0:0.259 1.038 1.343
0.51 11.06 5.0:1.549 1.305 1.101,5.55 0.202 1.253
4.31 23.12 20.0:0.346 1.004 2.403
19.68 25.62 5.0:5.69 0.163 1.511,3.041 0.46 1.222,4.515 0.2 1.69
16.32 3.73 3.0:1.519 0.749 3.937,3.781 0.64 1.225
7.14 25.9 13.0:1.676 0.803 3.085,4.47 0.945 5.887
1.04 13.47 6.0:3.602 1.79 1.299
17.46 2.56 28.0:5.201 0.401 2.894,1.237 0.465 1.472
23.49 17.75 5.0:4.594 1.644 1.861
11.96 15.15 17.0:4.941 0.311 1.306,0.586 0.411 1.466
22.85 14.85 2.0:1.049 0.958 1.095,3.834 0.169 1.623,2.814 0.467 3.225
28.47 6.08 23.0:5.161 1.644 1.51
6.52 19.42 17.0:3.2 0.394 1.934
26.85 25.82 6.0:2.804 0.944 1.526
21.48 10.3 21.0:3.046 0.294 1.155
29.08 2.62 18.0:6.052 1.18 2.226
22.54 18.26 14.0:4.922 0.185 2.552
4.46 7.85 7.0:1.02 0.278 3.41,2.545 1.156 1.545
21.61 23.16 4.0:3.092 0.691 2.13
6.82 21.1 13.0:5.513 1.594 1.268
6.48 2.46 25.0:0.276 0.754 1.221
26.7 3.44 27.0:5.814 0.432 2.451,1.446 0.586 1.617
7.03 28.12 1.0:1.839 0.249 1.726,3.226 0.687 1.422
20.3 3.86 2.0:3.485 0.537 3.607,4.488 0.19 1.267
17.02 12.33 17.0:3.014 0.993 2.854
0.2 24.8 3.0:5.86 1.026 2.073
13.97 18.49 4.0:1.34 0.21 1.036,2.785 0.483 1.69
1.88 3.33 13.0:1.234 0.7 1.413
14.25 23.83 1.0:4.163 0.591 1.627
27.22 11.98 16.0:1.627 0.634 1.235,3.637 0.707 1.717
22.05 7.74 10.0:2.645 0.815 1.424
3.08 21.03 13.0:5.774 1.492 2.055
12.66 26.02 3.0:5.639 0.783 1.548
3.69 14.33 21.0:4.578 1.471 3.074,0.441 0.34 2.547
26.93 13.06 24.0:6.148 0.242 1.363
1.57 19.84 19.0:0.863 0.912 1.149
19.01 14.36 13.0:1.518 0.501 1.181
14.24 18.8 19.0:3.223 1.95 1.907
20.49 13.59 8.0:4.175 1.141 1.212
3.3 17.86 1.0:1.514 0.489 3.259,2.934 0.42 3.546
28.72 20.92 29.0:0.65 0.698 1.367
7.49 6.59 24.0:2.13 0.369 1.961
12.19 16.11 1.0:0.296 1.363 2.203
17.52 0.97 10.0:2.26 0.379 1.817,4.906 0.725 1.753
10.35 6.18 11.0:3.121 1.174 1.375
13.61 21.12 17.0:1.347 0.148 2.654,5.7 0.234 2.734,3.504 1.165 1.568
0.26 14.37 13.0:3.647 1.885 1.492
12.58 26.64 16.0:0.861 0.826 2.536
21.57 24.07 2.0:5.515 0.197 3.255,1.621 1.35 3.61
14.5 0.3 22.0:2.35 0.515 1.295
25.6 22.91 2.0:2.958 0.371 2.165
10.92 4.13 8.0:3.888 0.163 1.44
26.65 20.04 28.0:0.501 1.232 3.293
18.63 4.3 24.0:0.564 0.261 3.867
7.29 16.28 12.0:2.464 0.176 1.302,4.824 0.469 3.414
4.34 9.51 5.0:4.946 0.437 2.636,2.507 0.936 1.034,5.579 0.138 2.024