100 1
18.190 6.320 0
2.380 18.260 0
15.52 28.03 7.0:2.059 1.001 3.478,4.701 1.254 2.119
9.0 28.01 5.0:4.88 1.322 1.825,0.412 0.372 1.824
16.93 2.09 24.0:2.83 0.372 1.833
8.64 19.85 3.0:4.109 1.941 1.528
18.43 29.93 23.0:1.115 0.624 1.431,4.053 1.2 1.143
3.94 10.77 3.0:0.752 0.169 2.792,2.791 0.348 1.481,4.585 0.15 1.335
14.78 7.61 26.0:4.924 0.427 1.179
2.41 25.06 24.0:6.007 1.444 2.555
18.41 11.88 16.0:0.878 0.366 1.1
14.91 17.24 21.0:5.724 1.05 1.411
7.14 0.48 6.0:5.274 0.91 1.467,3.1 0.246 1.733
13.44 24.76 17.0:5.904 1.4 1.819
17.54 29.43 27.0:0.96 0.863 1.942
16.71 9.5 27.0:1.175 0.182 1.394,4.002 1.401 1.659
12.38 26.66 1.0:2.402 1.974 1.36
25.69 6.34 6.0:3.326 1.093 1.102,0.867 0.363 1.022
11.62 24.0 27.0:5.398 0.613 1.125,0.897 0.206 1.47
10.24 3.02 23.0:1.039 1.3 1.041
3.54 26.16 18.0:4.298 0.882 1.022
17.86 19.36 13.0:0.158 0.774 1.024
3.77 7.84 1.0:4.123 0.856 1.532
14.2 19.64 13.0:4.304 0.253 1.128,0.679 0.273 1.262
15.88 5.54 21.0:2.66 0.508 2.721,4.215 0.823 3.159
1.32 19.32 23.0:4.426 1.429 1.59,1.942 0.156 1.681
20.5 25.33 16.0:3.88 0.333 3.075
16.76 19.84 8.0:1.608 1.24 2.912
27.5 17.66 24.0:5.859 1.162 1.906
19.41 20.67 15.0:2.265 0.598 2.08,4.704 1.396 1.137
20.49 14.03 24.0:2.402 0.535 1.662,3.628 0.525 1.074
20.9 7.67 8.0:0.243 1.216 2.66
2.75 25.4 5.0:0.808 0.477 1.103,2.291 0.907 2.772
16.1 19.74 3.0:1.405 1.373 1.673
0.43 1.12 9.0:5.072 0.38 1.075,1.009 0.643 1.53
13.57 9.41 11.0:2.641 1.493 1.495,0.768 0.374 1.567
0.3 9.16 7.0:4.777 1.422 1.634
0.45 23.35 10.0:5.559 0.537 2.241
22.69 23.13 13.0:4.544 0.804 1.34
19.12 20.2 13.0:4.769 0.42 1.952
7.0 21.44 8.0:3.942 0.739 1.073,1.581 0.257 2.575
28.88 0.86 24.0:1.128 0.171 1.191
19.6 2.11 14.0:5.375 0.624 1.235,1.689 1.524 1.783
22.78 15.42 27.0:3.008 0.337 1.075
13.51 8.05 1.0:2.516 1.859 1.786
0.51 11.06 5.0:3.788 0.229 1.373
4.31 23.12 20.0:0.533 1.576 1.107
19.68 25.62 5.0:0.727 0.776 1.973
16.32 3.73 3.0:0.209 1.97 1.648
7.14 25.9 13.0:4.492 1.754 2.237,0.688 0.489 1.633
1.04 13.47 6.0:5.591 0.662 1.789
17.46 2.56 28.0:3.171 0.434 1.048
23.49 17.75 5.0:4.863 0.753 1.008
11.96 15.15 17.0:2.158 0.208 2.063,4.58 0.476 3.616
22.85 14.85 2.0:2.03 1.168 1.088
28.47 6.08 23.0:2.359 1.191 1.436
6.52 19.42 17.0:0.984 0.495 1.13
26.85 25.82 6.0:2.328 0.994 1.057
21.48 10.3 21.0:1.541 1.122 1.121,5.24 0.53 1.393
29.08 2.62 18.0:1.536 1.155 2.541,4.465 0.629 1.205
22.54 18.26 14.0:3.666 1.222 1.076
4.46 7.85 7.0:3.199 0.141 2.162,5.026 0.498 1.658
21.61 23.16 4.0:3.945 1.268 2.806
6.82 21.1 13.0:5.427 1.359 2.142
6.48 2.46 25.0:1.268 0.358 2.372
26.7 3.44 27.0:2.184 0.269 4.451
7.03 28.12 1.0:2.821 1.103 2.859,4.586 0.256 4.838
20.3 3.86 2.0:6.071 1.793 3.809
17.02 12.33 17.0:2.57 1.257 1.891,5.297 0.422 1.493
0.2 24.8 3.0:3.395 1.117 3.176,5.179 0.154 2.451
13.97 18.49 4.0:0.409 0.278 2.816
1.88 3.33 13.0:6.114 1.413 3.077
14.25 23.83 1.0:2.193 0.785 3.997
27.22 11.98 16.0:0.34 0.264 1.269
22.05 7.74 10.0:3.236 1.166 1.046,5.254 0.155 1.772
3.08 21.03 13.0:0.889 0.676 1.219,4.444 1.029 3.429
12.66 26.02 3.0:1.017 1.561 1.147
3.69 14.33 21.0:2.567 1.51 1.389
26.93 13.06 24.0:0.624 1.733 1.886
1.57 19.84 19.0:2.092 0.787 1.245
19.01 14.36 13.0:2.655 0.958 1.079
14.24 18.8 19.0:4.698 0.82 1.957,1.445 0.474 1.24
20.49 13.59 8.0:2.739 0.723 3.161,4.958 1.147 3.783
3.3 17.86 1.0:6.187 0.622 1.073
28.72 20.92 29.0:0.245 1.089 2.161
7.49 6.59 24.0:3.367 0.13 1.25,5.263 0.375 1.825
12.19 16.11 1.0:4.509 0.797 2.281,1.586 1.301 1.632
17.52 0.97 10.0:4.437 0.901 1.082
10.35 6.18 11.0:5.987 0.278 1.967
13.61 21.12 17.0:2.355 1.155 2.107,5.677 0.225 1.246
0.26 14.37 13.0:0.541 0.261 2.844,2.262 0.699 1.013
12.58 26.64 16.0:1.781 0.319 1.371
21.57 24.07 2.0:3.325 1.049 1.469
14.5 0.3 22.0:5.094 1.555 3.856
25.6 22.91 2.0:2.316 0.535 1.058,4.101 0.756 1.932
10.92 4.13 8.0:4.989 1.281 3.171,1.343 0.208 1.448
26.65 20.04 28.0:3.52 0.509 1.424
18.63 4.3 24.0:5.689 0.753 1.53
7.29 16.28 12.0:0.502 0.244 1.368,2.437 0.556 2.165,1.118 0.274 2.823
4.34 9.51 5.0:1.915 1.28 1.195