100 1
18.190 6.320 0
2.380 18.260 0
15.52 28.03 7.0:3.542 0.383 1.332,5.833 0.406 1.193
9.0 28.01 5.0:0.175 0.725 1.671
16.93 2.09 24.0:2.662 0.907 1.072
8.64 19.85 3.0:0.889 1.026 2.127
18.43 29.93 23.0:3.793 1.155 2.345,0.416 0.232 1.117
3.94 10.77 3.0:3.057 0.13 1.983
14.78 7.61 26.0:5.397 1.412 5.108
2.41 25.06 24.0:3.19 0.293 1.127
18.41 11.88 16.0:1.06 1.444 1.299
14.91 17.24 21.0:4.386 0.386 1.199
7.14 0.48 6.0:3.568 0.881 3.03
13.44 24.76 17.0:4.627 1.232 2.193
17.54 29.43 27.0:3.06 0.573 2.442,0.577 0.311 2.189
16.71 9.5 27.0:3.641 0.558 2.671,2.321 0.698 1.891
12.38 26.66 1.0:2.347 1.312 3.358
25.69 6.34 6.0:2.338 0.364 1.108
11.62 24.0 27.0:0.347 0.29 4.85
10.24 3.02 23.0:3.743 1.331 1.083
3.54 26.16 18.0:2.845 1.158 1.47
17.86 19.36 13.0:2.132 0.855 2.116,5.53 0.187 2.308
3.77 7.84 1.0:2.486 0.876 2.901
14.2 19.64 13.0:6.088 1.951 1.348
15.88 5.54 21.0:2.545 0.435 1.082
1.32 19.32 23.0:0.046 1.327 1.166
20.5 25.33 16.0:0.494 0.508 5.926
16.76 19.84 8.0:2.681 0.808 1.749,5.173 0.723 1.084
27.5 17.66 24.0:2.111 1.918 1.581
19.41 20.67 15.0:6.04 1.113 1.546
20.49 14.03 24.0:5.69 1.458 1.917
20.9 7.67 8.0:4.459 0.894 1.285
2.75 25.4 5.0:3.227 1.759 1.198
16.1 19.74 3.0:1.608 0.867 1.269
0.43 1.12 9.0:5.432 0.679 3.285
13.57 9.41 11.0:3.93 1.571 2.051
0.3 9.16 7.0:3.367 1.118 1.102,5.496 0.342 1.43
0.45 23.35 10.0:3.628 0.172 1.288
22.69 23.13 13.0:3.219 0.569 1.986
19.12 20.2 13.0:2.345 0.364 1.122
7.0 21.44 8.0:4.988 0.276 3.413
28.88 0.86 24.0:4.243 1.641 1.288
19.6 2.11 14.0:4.623 0.726 1.116
22.78 15.42 27.0:0.31 0.142 1.481,3.901 0.189 2.457
13.51 8.05 1.0:4.569 1.677 1.855
0.51 11.06 5.0:5.905 0.748 3.847
4.31 23.12 20.0:0.684 0.381 1.772
19.68 25.62 5.0:6.159 0.877 1.891
16.32 3.73 3.0:1.503 0.225 3.003
7.14 25.9 13.0:5.853 1.19 3.093
1.04 13.47 6.0:5.124 1.164 3.838
17.46 2.56 28.0:3.139 1.743 2.716
23.49 17.75 5.0:2.794 1.325 1.179
11.96 15.15 17.0:2.124 0.353 2.188
22.85 14.85 2.0:1.14 0.404 1.912
28.47 6.08 23.0:5.391 0.63 1.243
6.52 19.42 17.0:2.032 0.35 2.275,4.346 0.602 1.14
26.85 25.82 6.0:5.567 0.464 4.803,3.659 1.315 3.35
21.48 10.3 21.0:5.476 0.126 1.874
29.08 2.62 18.0:1.651 0.83 1.742
22.54 18.26 14.0:2.826 1.485 1.841
4.46 7.85 7.0:3.045 1.674 2.71
21.61 23.16 4.0:3.429 1.241 1.466
6.82 21.1 13.0:4.199 1.486 1.71,1.392 0.778 1.089
6.48 2.46 25.0:2.747 0.309 1.708
26.7 3.44 27.0:1.827 1.557 3.038
7.03 28.12 1.0:1.267 1.705 2.171
20.3 3.86 2.0:1.435 1.558 1.334
17.02 12.33 17.0:5.518 0.168 3.169
0.2 24.8 3.0:3.39 1.963 1.121
13.97 18.49 4.0:1.574 0.239 3.007,2.817 0.807 1.434
1.88 3.33 13.0:0.978 0.204 2.348,4.668 1.015 2.275
14.25 23.83 1.0:2.014 0.17 3.84,3.977 0.895 1.386
27.22 11.98 16.0:3.284 0.182 1.089
22.05 7.74 10.0:2.783 0.416 2.435
3.08 21.03 13.0:1.014 0.961 1.902,4.762 0.329 2.293
12.66 26.02 3.0:3.686 2.0 1.197
3.69 14.33 21.0:1.861 1.359 2.329
26.93 13.06 24.0:0.395 0.524 2.178
1.57 19.84 19.0:4.714 0.703 2.403
19.01 14.36 13.0:0.974 0.445 2.783,4.15 0.685 3.308
14.24 18.8 19.0:2.0 0.297 1.614
20.49 13.59 8.0:4.266 1.594 1.649
3.3 17.86 1.0:1.673 1.087 1.485
28.72 20.92 29.0:4.358 1.406 1.275
7.49 6.59 24.0:4.181 0.287 3.408,1.662 0.262 2.497
12.19 16.11 1.0:1.81 1.014 1.108
17.52 0.97 10.0:5.66 1.902 1.021
10.35 6.18 11.0:5.559 1.534 1.864
13.61 21.12 17.0:4.796 0.784 1.986
0.26 14.37 13.0:3.265 0.924 2.431,1.589 0.284 1.893
12.58 26.64 16.0:3.759 1.444 1.072
21.57 24.07 2.0:4.796 1.226 1.048
14.5 0.3 22.0:5.077 1.506 2.039
25.6 22.91 2.0:4.839 1.364 2.739
10.92 4.13 8.0:2.594 1.011 3.241
26.65 20.04 28.0:2.683 0.168 1.555,3.108 0.2 4.178
18.63 4.3 24.0:3.371 1.874 1.867
7.29 16.28 12.0:4.237 0.183 3.406
4.34 9.51 5.0:1.83 1.621 1.695,3.968 0.413 1.927