100, 1
18.190 6.320 0
2.380 18.260 0
15.52 28.03 7.0:4.739 0.987 2.017
9.0 28.01 5.0:1.857 1.849 2.524,4.597 0.651 1.058
16.93 2.09 24.0:5.248 0.6 1.083,1.208 0.454 3.35
8.64 19.85 3.0:2.326 0.774 1.231
18.43 29.93 23.0:3.191 0.22 5.248,2.243 0.219 1.85
3.94 10.77 3.0:0.282 0.839 1.801
14.78 7.61 26.0:4.542 1.616 2.968,1.109 0.141 1.818
2.41 25.06 24.0:2.534 1.248 1.326
18.41 11.88 16.0:5.868 1.276 2.227
14.91 17.24 21.0:2.355 1.329 1.514,4.84 1.013 2.195
7.14 0.48 6.0:0.02 1.71 1.129
13.44 24.76 17.0:1.898 0.435 1.952,5.548 0.252 1.392,3.413 0.44 1.611
17.54 29.43 27.0:2.79 0.653 2.124,5.203 0.521 1.25
16.71 9.5 27.0:2.936 1.658 1.611
12.38 26.66 1.0:2.721 1.369 2.851
25.69 6.34 6.0:5.924 1.578 1.777
11.62 24.0 27.0:5.265 0.191 1.009
10.24 3.02 23.0:2.764 0.744 3.263,1.607 0.247 1.676
3.54 26.16 18.0:2.63 0.605 1.21,4.294 0.796 4.352
17.86 19.36 13.0:1.849 0.258 2.259,0.65 0.137 1.831
3.77 7.84 1.0:4.992 1.198 2.043
14.2 19.64 13.0:1.085 0.623 1.276
15.88 5.54 21.0:2.557 0.483 2.011
1.32 19.32 23.0:5.388 1.027 1.29
20.5 25.33 16.0:4.982 0.664 1.442
16.76 19.84 8.0:2.075 0.41 1.35,4.382 1.474 1.786
27.5 17.66 24.0:3.066 1.688 1.88,5.374 0.303 3.285
19.41 20.67 15.0:2.803 1.004 1.014
20.49 14.03 24.0:2.155 0.292 1.156,4.899 0.516 2.261
20.9 7.67 8.0:4.394 0.389 1.258
2.75 25.4 5.0:2.337 1.053 2.045
16.1 19.74 3.0:3.231 1.652 1.203
0.43 1.12 9.0:2.908 0.78 1.419
13.57 9.41 11.0:5.306 1.454 1.556
0.3 9.16 7.0:3.814 0.449 2.004
0.45 23.35 10.0:6.199 0.266 1.632
22.69 23.13 13.0:5.341 1.79 1.054
19.12 20.2 13.0:0.675 1.036 1.049
7.0 21.44 8.0:1.788 1.135 2.374,4.42 0.308 2.586
28.88 0.86 24.0:3.066 0.835 1.029
19.6 2.11 14.0:4.048 0.358 1.482,2.203 0.666 1.634
22.78 15.42 27.0:6.154 1.388 3.199
13.51 8.05 1.0:1.543 1.865 6.309
0.51 11.06 5.0:0.195 0.299 4.959
4.31 23.12 20.0:2.839 0.776 1.461,4.885 0.265 2.298
19.68 25.62 5.0:2.997 1.681 1.526
16.32 3.73 3.0:0.452 0.441 1.116,2.627 0.792 2.118
7.14 25.9 13.0:4.883 0.196 2.594,0.902 0.607 1.213
1.04 13.47 6.0:4.824 0.342 1.509,1.824 0.139 1.48
17.46 2.56 28.0:4.143 0.267 1.121,0.446 0.138 2.055
23.49 17.75 5.0:2.53 0.898 2.799
11.96 15.15 17.0:5.77 0.184 1.43
22.85 14.85 2.0:3.076 1.707 3.096
28.47 6.08 23.0:1.72 0.346 1.099,3.44 0.256 1.27
6.52 19.42 17.0:2.425 0.835 3.072,3.591 0.19 4.019
26.85 25.82 6.0:5.105 0.512 1.374,1.783 0.892 2.105
21.48 10.3 21.0:4.866 0.491 3.206
29.08 2.62 18.0:4.723 0.335 1.038,2.95 0.485 2.11
22.54 18.26 14.0:2.705 0.158 1.409,4.824 0.248 1.054,3.368 0.314 1.929
4.46 7.85 7.0:3.217 1.022 1.566
21.61 23.16 4.0:5.326 0.138 2.068,2.853 1.646 2.732
6.82 21.1 13.0:5.98 0.167 1.268
6.48 2.46 25.0:0.398 0.645 2.994
26.7 3.44 27.0:0.513 0.736 1.134
7.03 28.12 1.0:4.856 0.16 1.274
20.3 3.86 2.0:5.931 0.52 1.269
17.02 12.33 17.0:0.408 0.996 1.918
0.2 24.8 3.0:0.82 1.024 1.285
13.97 18.49 4.0:5.483 1.712 3.135
1.88 3.33 13.0:3.313 0.428 1.122
14.25 23.83 1.0:1.504 1.57 1.424
27.22 11.98 16.0:3.869 1.857 2.398
22.05 7.74 10.0:5.765 0.961 2.932
3.08 21.03 13.0:3.799 1.664 1.131
12.66 26.02 3.0:2.767 0.154 1.012,0.796 0.322 1.361
3.69 14.33 21.0:6.267 1.802 1.886
26.93 13.06 24.0:2.335 1.198 2.399
1.57 19.84 19.0:0.503 1.144 2.145
19.01 14.36 13.0:0.949 1.404 1.266
14.24 18.8 19.0:2.457 1.493 2.427
20.49 13.59 8.0:0.625 0.314 2.167,2.346 0.984 1.092
3.3 17.86 1.0:1.477 0.146 1.401,2.9 1.277 2.855
28.72 20.92 29.0:5.433 0.946 1.754
7.49 6.59 24.0:1.916 1.64 3.394
12.19 16.11 1.0:2.072 1.718 3.109,4.292 0.189 1.212
17.52 0.97 10.0:5.339 0.519 2.009,4.192 0.266 2.882
10.35 6.18 11.0:5.164 0.964 1.411
13.61 21.12 17.0:6.237 0.188 2.007
0.26 14.37 13.0:5.843 0.6 1.823
12.58 26.64 16.0:3.061 0.642 1.304
21.57 24.07 2.0:5.723 0.143 2.721
14.5 0.3 22.0:1.184 0.536 1.131,4.309 1.934 1.208
25.6 22.91 2.0:5.589 0.467 1.258,3.666 0.126 1.157
10.92 4.13 8.0:1.278 1.71 3.064
26.65 20.04 28.0:4.4 1.523 1.452
18.63 4.3 24.0:5.81 0.772 3.163
7.29 16.28 12.0:1.87 0.311 2.814,4.509 0.231 2.363
4.34 9.51 5.0:3.71 0.376 1.976