100, 1
18.190 6.320 0
2.380 18.260 0
15.52 28.03 7.0:5.682 0.983 1.754
9.0 28.01 5.0:2.42 0.402 1.363,5.121 0.77 1.276
16.93 2.09 24.0:0.46 0.366 2.648,3.651 0.911 1.523
8.64 19.85 3.0:4.438 1.339 1.195
18.43 29.93 23.0:2.105 1.305 1.969
3.94 10.77 3.0:5.853 0.965 3.385
14.78 7.61 26.0:4.466 0.551 1.398,2.201 0.195 1.392
2.41 25.06 24.0:0.186 0.783 2.154
18.41 11.88 16.0:5.377 0.191 2.978,3.551 0.814 1.176
14.91 17.24 21.0:2.783 1.915 1.211
7.14 0.48 6.0:4.901 0.28 1.041,2.072 0.433 2.407
13.44 24.76 17.0:1.793 0.703 3.843
17.54 29.43 27.0:6.056 1.086 2.145
16.71 9.5 27.0:2.638 0.529 1.231
12.38 26.66 1.0:5.342 0.382 1.935,3.848 0.246 2.308
25.69 6.34 6.0:0.622 0.842 2.083
11.62 24.0 27.0:0.308 0.234 1.937
10.24 3.02 23.0:1.861 0.757 1.444
3.54 26.16 18.0:3.726 0.434 1.007
17.86 19.36 13.0:2.754 0.368 1.536
3.77 7.84 1.0:0.421 1.809 2.151
14.2 19.64 13.0:3.744 1.399 1.758
15.88 5.54 21.0:1.368 1.485 1.701
1.32 19.32 23.0:0.51 0.971 1.141
20.5 25.33 16.0:4.496 1.938 1.041
16.76 19.84 8.0:5.046 0.315 1.222,3.089 0.256 1.007
27.5 17.66 24.0:0.76 1.186 1.346
19.41 20.67 15.0:3.095 0.831 1.164
20.49 14.03 24.0:5.597 0.275 1.126
20.9 7.67 8.0:5.166 0.362 2.243
2.75 25.4 5.0:3.015 0.426 2.389,3.833 0.369 1.131
16.1 19.74 3.0:1.311 0.318 2.534
0.43 1.12 9.0:3.463 1.309 1.073
13.57 9.41 11.0:2.147 1.374 1.094,5.305 0.848 3.592
0.3 9.16 7.0:3.506 1.085 1.605
0.45 23.35 10.0:1.282 1.024 5.496
22.69 23.13 13.0:5.7 0.19 1.782
19.12 20.2 13.0:3.421 1.119 1.19
7.0 21.44 8.0:1.12 1.745 1.251
28.88 0.86 24.0:6.152 1.799 1.203
19.6 2.11 14.0:1.742 1.398 1.177
22.78 15.42 27.0:4.183 0.173 2.072,1.724 1.121 1.43,4.557 0.172 2.331
13.51 8.05 1.0:2.626 0.309 1.666,3.49 0.422 1.048
0.51 11.06 5.0:5.334 0.31 1.135,2.756 0.264 1.658
4.31 23.12 20.0:6.248 1.545 3.12
19.68 25.62 5.0:3.225 1.425 1.065
16.32 3.73 3.0:3.202 1.889 1.168
7.14 25.9 13.0:3.624 1.657 1.375
1.04 13.47 6.0:4.586 0.917 1.133
17.46 2.56 28.0:5.868 1.26 7.591
23.49 17.75 5.0:3.912 1.666 1.062
11.96 15.15 17.0:2.391 1.433 1.024
22.85 14.85 2.0:2.836 1.708 1.11
28.47 6.08 23.0:6.267 1.783 1.135
6.52 19.42 17.0:3.529 1.406 1.093
26.85 25.82 6.0:2.673 1.551 1.585,5.147 0.253 2.651
21.48 10.3 21.0:1.129 0.495 1.329
29.08 2.62 18.0:3.137 0.761 1.12
22.54 18.26 14.0:4.825 0.155 1.1
4.46 7.85 7.0:1.464 0.752 1.546
21.61 23.16 4.0:4.909 0.13 3.63
6.82 21.1 13.0:1.07 1.051 5.232
6.48 2.46 25.0:2.791 1.264 1.842,5.768 0.27 1.754
26.7 3.44 27.0:5.903 0.861 1.084
7.03 28.12 1.0:2.302 0.135 1.788
20.3 3.86 2.0:2.423 1.952 1.085
17.02 12.33 17.0:1.974 1.319 3.024
0.2 24.8 3.0:2.83 0.314 1.36,4.621 0.555 1.798,1.228 0.527 1.013
13.97 18.49 4.0:2.257 1.173 1.233
1.88 3.33 13.0:1.136 0.13 2.763,1.848 0.52 1.023
14.25 23.83 1.0:0.191 1.592 1.419
27.22 11.98 16.0:1.697 0.6 1.292
22.05 7.74 10.0:0.911 0.324 1.082,3.041 0.224 1.103
3.08 21.03 13.0:2.786 0.446 1.022
12.66 26.02 3.0:5.295 0.171 1.349,3.44 0.805 1.182
3.69 14.33 21.0:4.268 0.318 1.504
26.93 13.06 24.0:4.573 0.988 1.011
1.57 19.84 19.0:3.04 0.196 1.979
19.01 14.36 13.0:4.907 0.805 1.934
14.24 18.8 19.0:1.775 0.62 1.587,5.881 0.166 1.024,3.876 0.217 1.34
20.49 13.59 8.0:1.35 1.555 1.869
3.3 17.86 1.0:6.2 0.255 3.046
28.72 20.92 29.0:1.078 0.564 1.202
7.49 6.59 24.0:2.771 0.941 2.809
12.19 16.11 1.0:3.696 0.751 1.583
17.52 0.97 10.0:4.464 0.991 2.854
10.35 6.18 11.0:5.696 0.331 3.526,3.632 0.502 1.676
13.61 21.12 17.0:5.31 0.961 1.986,0.303 0.266 1.112
0.26 14.37 13.0:1.879 1.875 1.091
12.58 26.64 16.0:5.992 1.144 4.711
21.57 24.07 2.0:2.818 1.807 2.52
14.5 0.3 22.0:2.591 0.18 1.288
25.6 22.91 2.0:0.315 0.569 2.185
10.92 4.13 8.0:0.548 0.915 2.464
26.65 20.04 28.0:3.196 0.171 3.963
18.63 4.3 24.0:3.504 1.76 2.333
7.29 16.28 12.0:2.475 1.48 1.682
4.34 9.51 5.0:3.252 0.546 3.579,0.919 0.341 1.437,2.258 0.155 1.218