100 1
18.190 6.320 0
2.380 18.260 0
15.52 28.03 7.0:2.475 0.834 2.454,4.198 0.793 1.875
9.0 28.01 5.0:5.749 1.528 2.782
16.93 2.09 24.0:4.972 1.621 2.069
8.64 19.85 3.0:1.91 1.206 1.281,4.014 0.274 2.736
18.43 29.93 23.0:3.702 0.176 4.538,3.09 0.433 1.055,1.719 0.404 1.268
3.94 10.77 3.0:4.041 0.489 4.222,0.979 0.18 2.043
14.78 7.61 26.0:4.28 1.71 2.345
2.41 25.06 24.0:3.735 0.237 2.056
18.41 11.88 16.0:2.085 0.443 3.013
14.91 17.24 21.0:0.002 1.729 1.179
7.14 0.48 6.0:4.804 0.702 1.193,2.0 1.864 2.3
13.44 24.76 17.0:1.04 1.47 1.846
17.54 29.43 27.0:4.563 0.292 2.076,3.401 0.57 1.086
16.71 9.5 27.0:3.475 1.365 3.016
12.38 26.66 1.0:3.407 0.393 3.617
25.69 6.34 6.0:4.137 1.769 1.105
11.62 24.0 27.0:4.183 0.713 2.774,2.271 0.146 1.758
10.24 3.02 23.0:5.899 0.739 3.011
3.54 26.16 18.0:0.295 0.385 1.837
17.86 19.36 13.0:5.693 0.752 1.408
3.77 7.84 1.0:0.969 1.885 1.061
14.2 19.64 13.0:1.257 1.632 3.531
15.88 5.54 21.0:0.361 1.934 1.264
1.32 19.32 23.0:4.731 1.971 2.328
20.5 25.33 16.0:3.986 0.579 1.166
16.76 19.84 8.0:2.089 1.178 3.04
27.5 17.66 24.0:4.965 1.089 1.673
19.41 20.67 15.0:5.422 0.15 1.131,1.552 0.926 1.177
20.49 14.03 24.0:2.831 0.374 1.209,1.372 0.191 2.906
20.9 7.67 8.0:1.194 1.844 2.949
2.75 25.4 5.0:2.144 0.905 1.588
16.1 19.74 3.0:3.076 0.636 3.179
0.43 1.12 9.0:0.24 0.578 1.673
13.57 9.41 11.0:4.359 1.559 2.253
0.3 9.16 7.0:6.208 1.394 2.152
0.45 23.35 10.0:0.836 1.767 2.955
22.69 23.13 13.0:2.0 1.504 1.897
19.12 20.2 13.0:0.234 0.396 1.721
7.0 21.44 8.0:3.885 1.562 1.035
28.88 0.86 24.0:5.961 1.4 1.614
19.6 2.11 14.0:0.774 1.074 2.333
22.78 15.42 27.0:3.472 1.844 1.268
13.51 8.05 1.0:6.215 1.91 2.011
0.51 11.06 5.0:4.026 0.82 1.873
4.31 23.12 20.0:0.788 0.653 1.15
19.68 25.62 5.0:5.221 0.436 1.081,1.084 0.482 1.694
16.32 3.73 3.0:0.014 0.559 1.053
7.14 25.9 13.0:5.14 1.78 1.272
1.04 13.47 6.0:0.276 0.731 1.232
17.46 2.56 28.0:6.127 0.979 1.176
23.49 17.75 5.0:3.052 0.517 4.674
11.96 15.15 17.0:5.289 0.726 2.588
22.85 14.85 2.0:0.849 0.303 1.365,4.626 0.291 1.987,3.338 0.222 1.465
28.47 6.08 23.0:0.458 1.456 1.142
6.52 19.42 17.0:0.374 0.212 1.177,3.53 0.389 2.424,5.148 0.607 1.056
26.85 25.82 6.0:3.246 0.816 1.132
21.48 10.3 21.0:5.787 0.563 1.111
29.08 2.62 18.0:4.271 0.196 1.251
22.54 18.26 14.0:4.424 1.836 1.019
4.46 7.85 7.0:0.05 1.104 1.113
21.61 23.16 4.0:1.269 0.825 1.3,4.091 0.841 2.136
6.82 21.1 13.0:0.673 0.452 1.313,3.402 1.653 2.516
6.48 2.46 25.0:0.221 0.147 1.358,3.429 0.998 1.189
26.7 3.44 27.0:4.797 0.421 1.026
7.03 28.12 1.0:0.438 1.515 2.237
20.3 3.86 2.0:2.205 0.219 1.966
17.02 12.33 17.0:3.712 0.465 2.827
0.2 24.8 3.0:0.518 1.773 3.943
13.97 18.49 4.0:1.606 0.803 2.892
1.88 3.33 13.0:1.244 1.342 1.948
14.25 23.83 1.0:3.172 0.842 1.921
27.22 11.98 16.0:3.199 1.578 3.559
22.05 7.74 10.0:5.61 0.521 1.121
3.08 21.03 13.0:3.151 1.448 2.018
12.66 26.02 3.0:0.449 1.04 1.487
3.69 14.33 21.0:4.808 0.822 2.474
26.93 13.06 24.0:5.175 1.846 2.904
1.57 19.84 19.0:4.136 1.666 1.525
19.01 14.36 13.0:4.146 1.43 1.726
14.24 18.8 19.0:3.414 0.524 1.832,1.215 0.938 1.652
20.49 13.59 8.0:3.049 1.513 2.148
3.3 17.86 1.0:1.482 2.006 1.291
28.72 20.92 29.0:2.615 0.484 1.625
7.49 6.59 24.0:3.747 0.36 2.309,4.611 0.134 2.449,2.669 0.348 2.29
12.19 16.11 1.0:3.006 0.141 4.022,4.686 1.431 3.27
17.52 0.97 10.0:2.67 1.445 5.32,5.098 0.36 1.884
10.35 6.18 11.0:0.169 0.432 1.15
13.61 21.12 17.0:0.07 0.157 1.15
0.26 14.37 13.0:0.61 1.67 1.03
12.58 26.64 16.0:3.467 1.912 2.309
21.57 24.07 2.0:0.196 1.792 1.019
14.5 0.3 22.0:3.302 1.37 2.51,0.763 0.623 2.947
25.6 22.91 2.0:6.236 0.549 1.41
10.92 4.13 8.0:4.221 1.097 1.18
26.65 20.04 28.0:1.786 1.01 7.033,4.579 1.561 2.236
18.63 4.3 24.0:1.511 1.486 3.427,5.201 0.743 2.922
7.29 16.28 12.0:3.48 0.134 1.363
4.34 9.51 5.0:4.807 1.906 1.582