100, 1
18.190 6.320 0
2.380 18.260 0
15.52 28.03 7.0:0.177 1.058 2.572
9.0 28.01 5.0:0.822 0.518 1.464
16.93 2.09 24.0:5.93 1.307 1.486
8.64 19.85 3.0:5.731 1.68 5.29
18.43 29.93 23.0:3.319 0.226 1.952,0.744 0.432 3.827
3.94 10.77 3.0:2.484 0.184 1.331
14.78 7.61 26.0:3.824 0.228 1.559
2.41 25.06 24.0:1.851 1.591 1.581,4.698 0.706 1.289
18.41 11.88 16.0:3.206 1.282 1.72
14.91 17.24 21.0:1.281 0.456 1.385,5.948 0.308 1.515
7.14 0.48 6.0:2.26 0.785 4.508,4.736 0.142 1.686
13.44 24.76 17.0:3.88 0.148 2.973,2.143 1.397 1.451
17.54 29.43 27.0:2.604 1.407 1.201
16.71 9.5 27.0:0.464 1.602 1.285
12.38 26.66 1.0:1.938 0.901 1.625
25.69 6.34 6.0:5.391 1.213 1.594
11.62 24.0 27.0:2.915 0.959 1.529
10.24 3.02 23.0:2.031 1.649 4.906
3.54 26.16 18.0:3.202 0.382 1.812
17.86 19.36 13.0:1.169 0.756 1.076,3.818 0.415 1.748
3.77 7.84 1.0:4.408 1.178 1.712
14.2 19.64 13.0:3.291 1.921 2.092
15.88 5.54 21.0:6.205 1.324 1.44
1.32 19.32 23.0:5.852 1.521 1.135
20.5 25.33 16.0:4.157 1.229 1.699
16.76 19.84 8.0:3.772 1.709 1.71
27.5 17.66 24.0:5.066 1.207 1.247
19.41 20.67 15.0:1.959 1.517 3.012
20.49 14.03 24.0:5.01 0.552 1.117,0.732 0.328 1.838,3.046 0.346 1.738
20.9 7.67 8.0:2.879 0.834 1.024
2.75 25.4 5.0:1.749 1.895 1.334
16.1 19.74 3.0:4.571 0.642 1.279
0.43 1.12 9.0:5.052 0.213 1.503
13.57 9.41 11.0:5.47 1.694 1.274
0.3 9.16 7.0:0.074 0.733 1.564
0.45 23.35 10.0:4.604 1.321 4.188
22.69 23.13 13.0:2.433 1.767 1.397
19.12 20.2 13.0:3.998 1.258 1.157
7.0 21.44 8.0:2.967 0.14 3.343,3.786 0.395 1.443
28.88 0.86 24.0:4.872 0.318 2.177
19.6 2.11 14.0:5.389 1.668 1.002
22.78 15.42 27.0:0.048 0.532 2.023
13.51 8.05 1.0:4.894 0.33 3.413
0.51 11.06 5.0:1.653 1.2 2.961
4.31 23.12 20.0:6.25 1.648 1.209
19.68 25.62 5.0:3.224 0.216 1.573,4.908 1.361 1.703
16.32 3.73 3.0:1.375 0.506 1.002
7.14 25.9 13.0:5.855 0.198 1.993,3.002 1.019 2.406
1.04 13.47 6.0:2.218 1.695 1.056,4.871 0.178 1.161
17.46 2.56 28.0:0.326 0.551 2.007
23.49 17.75 5.0:4.209 0.146 1.355
11.96 15.15 17.0:1.985 0.524 2.615,3.904 0.391 1.81
22.85 14.85 2.0:3.973 1.117 1.233
28.47 6.08 23.0:1.367 0.462 2.385
6.52 19.42 17.0:0.336 0.136 1.651,4.468 1.33 1.001
26.85 25.82 6.0:4.865 1.612 1.041
21.48 10.3 21.0:1.896 0.683 1.004
29.08 2.62 18.0:3.689 0.878 1.114
22.54 18.26 14.0:2.224 0.191 1.737
4.46 7.85 7.0:0.699 1.785 6.176
21.61 23.16 4.0:1.736 0.743 1.085,5.626 0.263 1.517
6.82 21.1 13.0:4.871 1.004 3.503,1.464 0.249 4.634
6.48 2.46 25.0:5.086 0.587 1.542
26.7 3.44 27.0:2.914 0.517 1.016
7.03 28.12 1.0:2.436 1.015 1.119
20.3 3.86 2.0:5.117 0.378 1.074
17.02 12.33 17.0:2.1 1.867 1.859
0.2 24.8 3.0:2.252 1.644 2.347
13.97 18.49 4.0:4.404 0.369 1.083
1.88 3.33 13.0:0.139 0.143 4.015
14.25 23.83 1.0:2.365 0.63 1.819
27.22 11.98 16.0:4.952 0.666 2.356,2.133 0.805 1.102
22.05 7.74 10.0:2.846 0.609 1.715,0.813 0.585 1.417,3.81 0.246 1.389
3.08 21.03 13.0:1.804 1.808 2.76
12.66 26.02 3.0:3.688 0.223 1.087,1.027 0.168 3.494,2.405 0.346 3.073
3.69 14.33 21.0:5.259 1.791 1.242
26.93 13.06 24.0:2.813 0.77 1.143
1.57 19.84 19.0:3.84 0.393 3.245
19.01 14.36 13.0:3.288 0.697 1.988
14.24 18.8 19.0:4.6 1.175 2.843,2.616 0.247 2.535
20.49 13.59 8.0:5.237 0.635 1.386
3.3 17.86 1.0:4.365 1.912 3.556
28.72 20.92 29.0:3.391 1.27 1.912
7.49 6.59 24.0:3.293 0.566 1.568
12.19 16.11 1.0:3.186 1.562 1.169
17.52 0.97 10.0:3.974 1.074 1.523
10.35 6.18 11.0:1.659 0.728 2.087
13.61 21.12 17.0:5.425 0.563 1.875,1.235 0.184 1.994
0.26 14.37 13.0:3.203 0.258 1.432,5.115 0.851 1.692
12.58 26.64 16.0:4.865 1.634 1.17
21.57 24.07 2.0:2.06 0.775 1.023
14.5 0.3 22.0:5.299 1.922 1.174
25.6 22.91 2.0:2.475 0.834 2.454,4.198 0.793 1.875
10.92 4.13 8.0:5.749 0.153 2.567,3.238 1.535 2.994
26.65 20.04 28.0:1.91 0.686 2.019
18.63 4.3 24.0:4.393 0.379 1.89,2.533 1.125 1.677
7.29 16.28 12.0:0.387 1.924 2.031
4.34 9.51 5.0:2.035 0.16 2.043