100, 1
18.190 6.320 0
2.380 18.260 0
15.52 28.03 7.0:4.014 1.117 1.282
9.0 28.01 5.0:0.809 0.713 1.949,4.597 0.18 3.052
16.93 2.09 24.0:4.415 1.343 2.663
8.64 19.85 3.0:5.0 0.778 1.357
18.43 29.93 23.0:3.048 0.129 1.395,4.343 0.489 2.159
3.94 10.77 3.0:0.27 0.243 2.243,3.647 0.403 1.076
14.78 7.61 26.0:2.211 1.361 1.076
2.41 25.06 24.0:3.68 0.598 2.273
18.41 11.88 16.0:1.393 0.621 3.743,4.851 0.188 1.574
14.91 17.24 21.0:0.066 0.313 1.135
7.14 0.48 6.0:3.182 0.362 2.972
13.44 24.76 17.0:3.855 0.584 1.289
17.54 29.43 27.0:5.825 0.471 1.574
16.71 9.5 27.0:2.12 0.427 1.487
12.38 26.66 1.0:5.921 0.179 1.126
25.69 6.34 6.0:5.925 0.65 3.329
11.62 24.0 27.0:2.518 1.234 1.883,5.034 0.699 1.419
10.24 3.02 23.0:5.127 1.336 2.272
3.54 26.16 18.0:5.846 0.204 1.061,4.174 0.525 3.893
17.86 19.36 13.0:1.52 0.803 1.108,6.042 0.157 1.752,5.096 0.173 2.249
3.77 7.84 1.0:6.227 1.38 1.537
14.2 19.64 13.0:5.273 0.226 1.671,3.262 0.778 3.033
15.88 5.54 21.0:0.085 0.836 1.386
1.32 19.32 23.0:5.889 1.759 2.337
20.5 25.33 16.0:3.598 1.646 2.389
16.76 19.84 8.0:5.797 0.385 1.416,3.061 0.677 3.8
27.5 17.66 24.0:1.894 0.162 1.677
19.41 20.67 15.0:6.229 1.067 2.504
20.49 14.03 24.0:5.604 0.981 2.304
20.9 7.67 8.0:5.444 1.249 1.294
2.75 25.4 5.0:0.509 0.984 2.044
16.1 19.74 3.0:5.574 0.34 1.016,3.409 0.545 1.406
0.43 1.12 9.0:3.887 1.096 1.172,0.932 0.14 1.264
13.57 9.41 11.0:6.035 0.259 1.051
0.3 9.16 7.0:4.959 0.29 1.423,3.413 0.376 2.425
0.45 23.35 10.0:0.967 1.524 1.487
22.69 23.13 13.0:4.704 1.048 1.244
19.12 20.2 13.0:6.203 1.734 2.392
7.0 21.44 8.0:3.931 0.3 1.506
28.88 0.86 24.0:4.16 0.818 1.526,1.893 0.969 1.243
19.6 2.11 14.0:0.912 0.907 1.877,4.035 0.939 1.37
22.78 15.42 27.0:5.27 0.158 1.31
13.51 8.05 1.0:3.976 0.127 1.517
0.51 11.06 5.0:0.391 1.064 3.07
4.31 23.12 20.0:0.724 1.152 3.162
19.68 25.62 5.0:6.206 0.686 4.816
16.32 3.73 3.0:5.578 0.325 2.905
7.14 25.9 13.0:2.765 0.133 1.161
1.04 13.47 6.0:5.604 0.291 1.639
17.46 2.56 28.0:2.121 1.226 1.208
23.49 17.75 5.0:5.392 1.338 5.567
11.96 15.15 17.0:5.573 1.472 4.048
22.85 14.85 2.0:5.4 1.163 1.84
28.47 6.08 23.0:4.469 0.423 1.008,3.128 0.147 1.419
6.52 19.42 17.0:1.834 1.456 1.701
26.85 25.82 6.0:5.963 0.181 2.146,5.335 0.353 1.204
21.48 10.3 21.0:1.134 0.154 1.091,4.434 1.393 3.096
29.08 2.62 18.0:3.576 0.74 1.568,0.383 0.155 1.324
22.54 18.26 14.0:4.948 0.55 1.261,2.459 0.328 1.884
4.46 7.85 7.0:3.106 0.283 2.781
21.61 23.16 4.0:1.253 1.395 1.727
6.82 21.1 13.0:1.271 0.707 1.095
6.48 2.46 25.0:3.487 0.131 1.279
26.7 3.44 27.0:1.095 1.842 2.304
7.03 28.12 1.0:2.715 0.732 1.168
20.3 3.86 2.0:5.728 1.756 1.382
17.02 12.33 17.0:2.998 0.322 1.628,0.631 0.365 1.259
0.2 24.8 3.0:3.688 0.143 2.7,1.963 0.216 1.03
13.97 18.49 4.0:4.717 0.617 2.162,1.912 0.825 1.37
1.88 3.33 13.0:3.943 0.623 2.042
14.25 23.83 1.0:0.038 0.935 1.062
27.22 11.98 16.0:3.03 0.7 1.236
22.05 7.74 10.0:1.685 1.685 1.537
3.08 21.03 13.0:2.764 1.101 2.498,5.622 0.362 1.666
12.66 26.02 3.0:2.21 0.271 2.001
3.69 14.33 21.0:4.34 0.269 1.153
26.93 13.06 24.0:4.427 0.3 1.611
1.57 19.84 19.0:3.05 1.891 1.892,0.706 0.441 3.032
19.01 14.36 13.0:0.685 0.511 5.074,5.198 1.036 1.994
14.24 18.8 19.0:5.763 0.697 5.758
20.49 13.59 8.0:1.093 1.281 2.441
3.3 17.86 1.0:1.404 1.665 1.783
28.72 20.92 29.0:1.032 0.574 2.354,2.794 0.274 6.329
7.49 6.59 24.0:0.201 0.151 1.221
12.19 16.11 1.0:4.799 0.345 1.09,3.635 0.687 1.086
17.52 0.97 10.0:0.599 1.491 1.227
10.35 6.18 11.0:2.771 0.439 2.392,4.798 0.569 2.138
13.61 21.12 17.0:0.923 0.33 3.317
0.26 14.37 13.0:0.445 2.006 4.41
12.58 26.64 16.0:6.094 0.289 1.122
21.57 24.07 2.0:2.425 1.727 1.179
14.5 0.3 22.0:1.782 0.355 1.53,3.023 0.189 1.567,4.881 1.146 3.185
25.6 22.91 2.0:0.338 0.215 1.966,1.701 0.986 3.791
10.92 4.13 8.0:5.678 0.213 1.087,0.296 0.27 1.724
26.65 20.04 28.0:3.054 0.395 2.265
18.63 4.3 24.0:3.139 1.631 2.115
7.29 16.28 12.0:1.708 1.646 1.419
4.34 9.51 5.0:3.719 1.511 1.687,1.663 0.172 1.617