100, 1
18.190 6.320 0
2.380 18.260 0
15.52 28.03 7.0:1.563 0.27 1.107,3.705 0.401 1.724
9.0 28.01 5.0:0.317 1.366 1.1
16.93 2.09 24.0:2.126 0.941 2.903
8.64 19.85 3.0:1.639 0.671 3.546
18.43 29.93 23.0:1.647 0.207 2.001
3.94 10.77 3.0:2.954 0.241 1.407
14.78 7.61 26.0:1.688 0.854 1.544
2.41 25.06 24.0:5.253 0.984 2.356,3.116 0.343 1.303
18.41 11.88 16.0:3.973 1.296 1.108
14.91 17.24 21.0:2.785 1.103 1.181
7.14 0.48 6.0:0.541 0.433 2.237,2.516 0.196 1.827
13.44 24.76 17.0:6.208 0.217 2.292
17.54 29.43 27.0:1.215 1.014 1.616
16.71 9.5 27.0:0.373 0.308 3.253,4.178 0.247 2.167
12.38 26.66 1.0:3.988 0.213 2.497
25.69 6.34 6.0:2.92 1.702 2.163
11.62 24.0 27.0:3.694 0.731 2.026,5.325 0.292 4.748
10.24 3.02 23.0:2.201 1.46 2.131
3.54 26.16 18.0:3.27 1.554 2.528,0.908 0.652 1.896
17.86 19.36 13.0:1.574 1.298 1.245
3.77 7.84 1.0:5.684 0.137 1.137,0.588 0.459 1.297
14.2 19.64 13.0:3.156 1.952 2.137
15.88 5.54 21.0:0.954 0.449 1.176
1.32 19.32 23.0:1.956 1.86 5.103,4.79 0.945 4.033
20.5 25.33 16.0:1.619 0.456 2.844
16.76 19.84 8.0:3.675 0.873 1.925,1.1 0.262 1.294
27.5 17.66 24.0:1.839 1.015 1.215
19.41 20.67 15.0:1.829 1.959 2.513
20.49 14.03 24.0:1.448 1.175 1.459
20.9 7.67 8.0:5.098 0.711 1.874
2.75 25.4 5.0:3.465 0.565 2.002,4.531 0.162 1.77
16.1 19.74 3.0:1.578 0.454 2.155
0.43 1.12 9.0:1.939 1.263 1.209
13.57 9.41 11.0:4.66 1.316 3.155
0.3 9.16 7.0:0.922 0.411 1.171
0.45 23.35 10.0:3.744 1.806 2.292
22.69 23.13 13.0:4.391 0.189 1.706
19.12 20.2 13.0:4.794 0.783 1.598,1.833 0.456 1.279
7.0 21.44 8.0:3.554 0.674 3.443,1.369 0.254 1.393
28.88 0.86 24.0:3.624 1.483 2.798
19.6 2.11 14.0:0.918 1.999 2.353
22.78 15.42 27.0:2.552 0.446 1.356
13.51 8.05 1.0:4.103 0.703 1.095
0.51 11.06 5.0:4.226 1.87 2.942
4.31 23.12 20.0:0.12 0.382 1.135
19.68 25.62 5.0:5.604 1.68 1.449
16.32 3.73 3.0:0.854 1.356 1.25
7.14 25.9 13.0:4.378 0.415 1.549
1.04 13.47 6.0:4.66 0.859 1.042
17.46 2.56 28.0:3.563 0.988 1.205
23.49 17.75 5.0:5.571 1.11 1.3
11.96 15.15 17.0:1.35 0.191 1.314,5.878 0.292 1.343
22.85 14.85 2.0:2.149 1.546 1.422
28.47 6.08 23.0:4.533 1.175 2.302,1.156 0.932 1.574
6.52 19.42 17.0:5.962 0.573 3.717
26.85 25.82 6.0:2.825 0.527 4.295
21.48 10.3 21.0:4.194 0.136 2.604
29.08 2.62 18.0:3.361 0.203 1.998
22.54 18.26 14.0:5.596 0.291 1.128
4.46 7.85 7.0:1.433 1.918 2.772
21.61 23.16 4.0:0.569 1.492 3.401
6.82 21.1 13.0:0.429 0.889 1.553
6.48 2.46 25.0:0.072 1.761 1.579
26.7 3.44 27.0:5.744 1.16 1.229
7.03 28.12 1.0:6.218 1.981 3.19
20.3 3.86 2.0:3.353 0.523 3.302
17.02 12.33 17.0:5.146 0.364 1.784,2.51 1.182 2.659
0.2 24.8 3.0:5.024 0.322 1.313,1.196 0.914 2.123
13.97 18.49 4.0:4.299 0.551 1.805
1.88 3.33 13.0:2.5 0.176 1.266
14.25 23.83 1.0:2.661 0.418 2.118
27.22 11.98 16.0:4.117 1.256 2.611
22.05 7.74 10.0:3.304 0.796 1.206,4.617 0.445 2.087
3.08 21.03 13.0:5.92 0.42 2.794
12.66 26.02 3.0:0.264 0.151 1.558,3.061 0.909 1.32
3.69 14.33 21.0:1.712 0.618 2.119
26.93 13.06 24.0:6.167 1.314 2.124
1.57 19.84 19.0:5.101 0.675 2.52,3.751 0.285 1.216
19.01 14.36 13.0:6.275 0.868 1.009
14.24 18.8 19.0:2.631 0.169 1.381
20.49 13.59 8.0:4.803 0.316 1.517
3.3 17.86 1.0:0.512 0.132 1.049
28.72 20.92 29.0:2.874 0.438 1.05
7.49 6.59 24.0:3.599 0.305 1.071,1.252 0.215 1.185
12.19 16.11 1.0:0.382 1.473 1.997
17.52 0.97 10.0:2.935 0.439 1.856
10.35 6.18 11.0:4.236 1.047 3.632,1.146 0.415 2.016
13.61 21.12 17.0:5.817 1.839 1.107
0.26 14.37 13.0:5.311 0.396 1.322
12.58 26.64 16.0:1.874 0.195 1.184
21.57 24.07 2.0:3.861 0.815 1.295
14.5 0.3 22.0:1.632 0.292 2.279
25.6 22.91 2.0:4.839 0.681 1.966
10.92 4.13 8.0:3.605 0.405 1.265,5.672 0.358 1.973
26.65 20.04 28.0:5.783 1.58 1.849
18.63 4.3 24.0:2.639 0.157 2.401
7.29 16.28 12.0:5.052 0.58 4.007
4.34 9.51 5.0:3.047 0.806 1.537