100 1
18.190 6.320 0
2.380 18.260 0
15.52 28.03 7.0:2.425 1.99 1.261,4.684 0.197 1.476
9.0 28.01 5.0:2.347 0.513 4.931,4.929 1.11 1.511
16.93 2.09 24.0:0.728 1.408 2.123
8.64 19.85 3.0:2.604 0.317 2.674,0.314 0.137 1.408
18.43 29.93 23.0:1.661 0.2 1.863,0.197 0.19 2.123
3.94 10.77 3.0:0.143 0.155 1.918
14.78 7.61 26.0:1.457 1.459 4.084
2.41 25.06 24.0:3.097 0.908 1.489
18.41 11.88 16.0:1.755 0.316 1.812
14.91 17.24 21.0:5.019 1.653 1.04
7.14 0.48 6.0:2.782 0.442 1.502
13.44 24.76 17.0:5.736 1.699 1.063
17.54 29.43 27.0:0.157 1.229 1.032
16.71 9.5 27.0:5.906 1.629 1.864
12.38 26.66 1.0:5.166 1.022 1.721
25.69 6.34 6.0:4.401 1.326 1.078,2.092 0.276 1.079
11.62 24.0 27.0:0.092 0.284 2.891
10.24 3.02 23.0:1.202 1.112 3.884,5.859 0.169 1.108
3.54 26.16 18.0:3.659 0.138 2.089,1.214 0.263 2.074
17.86 19.36 13.0:3.788 1.108 3.344
3.77 7.84 1.0:1.609 0.402 1.811
14.2 19.64 13.0:1.312 1.695 2.119
15.88 5.54 21.0:5.702 0.688 1.073
1.32 19.32 23.0:0.606 0.399 1.922,4.327 1.541 2.577,2.065 0.483 3.422
20.5 25.33 16.0:1.696 0.788 1.148,4.729 0.259 1.885
16.76 19.84 8.0:4.267 0.289 6.214,2.963 0.852 2.267
27.5 17.66 24.0:2.192 0.643 1.975
19.41 20.67 15.0:5.814 1.463 1.019
20.49 14.03 24.0:2.195 0.144 1.12
20.9 7.67 8.0:1.605 0.718 1.547
2.75 25.4 5.0:3.672 1.102 1.222
16.1 19.74 3.0:3.205 0.915 1.494
0.43 1.12 9.0:5.332 0.824 1.571
13.57 9.41 11.0:2.236 0.27 1.085
0.3 9.16 7.0:3.141 0.871 2.164
0.45 23.35 10.0:4.255 0.526 1.24
22.69 23.13 13.0:3.818 1.022 1.322
19.12 20.2 13.0:2.454 0.165 1.058,4.349 0.913 1.152
7.0 21.44 8.0:3.177 0.132 1.151
28.88 0.86 24.0:2.372 0.668 1.178,4.524 0.221 2.422
19.6 2.11 14.0:2.879 0.464 1.633
22.78 15.42 27.0:1.941 1.714 4.088
13.51 8.05 1.0:2.64 0.93 1.285
0.51 11.06 5.0:2.032 0.147 1.619,5.807 0.403 3.236
4.31 23.12 20.0:1.313 2.007 1.267
19.68 25.62 5.0:2.218 0.127 1.427
16.32 3.73 3.0:1.598 0.257 1.488
7.14 25.9 13.0:1.407 0.545 2.331,3.431 0.457 1.959
1.04 13.47 6.0:1.073 0.222 2.615,4.438 1.618 1.479
17.46 2.56 28.0:2.83 0.713 4.934
23.49 17.75 5.0:4.681 1.59 2.153
11.96 15.15 17.0:1.0 1.566 1.379
22.85 14.85 2.0:6.029 0.139 2.312
28.47 6.08 23.0:3.466 0.594 2.941
6.52 19.42 17.0:0.215 0.551 2.915
26.85 25.82 6.0:5.796 0.392 3.039,2.133 1.184 2.072
21.48 10.3 21.0:0.173 0.435 3.555
29.08 2.62 18.0:4.344 0.185 2.309,2.314 0.24 2.416
22.54 18.26 14.0:0.791 0.258 1.288
4.46 7.85 7.0:5.005 0.155 5.496
21.61 23.16 4.0:4.156 0.713 1.393,1.774 0.728 2.664
6.82 21.1 13.0:5.89 0.733 2.417
6.48 2.46 25.0:2.951 1.64 1.018
26.7 3.44 27.0:0.211 1.197 3.262
7.03 28.12 1.0:5.461 1.612 2.356
20.3 3.86 2.0:5.907 0.129 2.161,2.981 1.674 2.817
17.02 12.33 17.0:2.007 0.803 1.009
0.2 24.8 3.0:1.76 0.481 1.444,3.285 0.297 1.021
13.97 18.49 4.0:2.851 0.668 1.22
1.88 3.33 13.0:1.301 0.929 1.151
14.25 23.83 1.0:0.105 0.383 1.971
27.22 11.98 16.0:3.238 0.533 1.911,5.464 0.32 3.382
22.05 7.74 10.0:3.916 1.286 1.189
3.08 21.03 13.0:4.961 1.517 1.865
12.66 26.02 3.0:4.408 1.816 1.764,1.684 0.585 1.901
3.69 14.33 21.0:4.927 0.143 1.461
26.93 13.06 24.0:3.07 0.814 3.731,1.626 0.581 1.75
1.57 19.84 19.0:2.809 1.015 1.758
19.01 14.36 13.0:2.98 1.083 2.184
14.24 18.8 19.0:3.993 0.27 1.217
20.49 13.59 8.0:4.323 1.172 1.244
3.3 17.86 1.0:0.676 0.582 2.012
28.72 20.92 29.0:5.288 1.641 2.411
7.49 6.59 24.0:1.909 0.553 1.604
12.19 16.11 1.0:1.569 1.718 3.63
17.52 0.97 10.0:1.641 1.924 3.61
10.35 6.18 11.0:2.861 1.886 1.01,0.697 0.217 1.606
13.61 21.12 17.0:0.981 0.148 1.061
0.26 14.37 13.0:4.264 1.644 1.097
12.58 26.64 16.0:4.313 0.547 1.035
21.57 24.07 2.0:1.002 0.929 1.886,5.433 0.479 1.79
14.5 0.3 22.0:1.596 0.696 2.178
25.6 22.91 2.0:3.261 1.634 1.112,5.32 0.356 2.243
10.92 4.13 8.0:0.177 1.289 1.08
26.65 20.04 28.0:4.979 0.244 3.879,1.542 0.518 2.354
18.63 4.3 24.0:5.731 1.969 1.346
7.29 16.28 12.0:0.717 1.295 1.335
4.34 9.51 5.0:3.858 0.202 3.827