100, 1
18.190 6.320 0
2.380 18.260 0
15.52 28.03 7.0:6.152 0.559 1.491
9.0 28.01 5.0:0.825 0.274 2.165,2.31 0.465 2.823
16.93 2.09 24.0:1.915 1.396 1.003,4.591 0.611 3.237
8.64 19.85 3.0:0.361 0.405 1.512
18.43 29.93 23.0:5.221 1.079 1.647
3.94 10.77 3.0:4.454 0.452 2.685
14.78 7.61 26.0:0.848 0.532 2.437,3.989 1.168 1.007
2.41 25.06 24.0:1.628 0.507 1.814,4.259 1.328 2.954
18.41 11.88 16.0:3.585 1.437 1.504,5.588 0.153 1.206,1.429 0.191 3.886
14.91 17.24 21.0:4.899 0.77 1.87
7.14 0.48 6.0:5.642 0.233 1.713
13.44 24.76 17.0:6.255 0.993 2.777
17.54 29.43 27.0:0.554 1.831 1.053
16.71 9.5 27.0:5.678 0.222 3.127,2.747 0.156 2.056
12.38 26.66 1.0:5.752 1.667 1.635
25.69 6.34 6.0:4.212 0.646 1.334
11.62 24.0 27.0:1.607 1.252 4.161
10.24 3.02 23.0:4.967 1.982 1.292
3.54 26.16 18.0:5.987 0.896 1.805
17.86 19.36 13.0:0.298 1.464 1.525
3.77 7.84 1.0:6.279 0.309 1.58
14.2 19.64 13.0:5.853 0.344 1.53,0.37 0.191 1.909
15.88 5.54 21.0:4.594 0.533 1.05
1.32 19.32 23.0:2.0 0.226 1.292
20.5 25.33 16.0:2.404 0.66 1.202
16.76 19.84 8.0:1.991 0.637 1.069
27.5 17.66 24.0:2.123 0.777 1.007
19.41 20.67 15.0:2.753 0.338 1.137,1.374 0.384 3.897
20.49 14.03 24.0:1.062 0.918 1.188
20.9 7.67 8.0:1.639 0.272 1.277,4.252 0.196 4.194
2.75 25.4 5.0:1.005 0.223 4.393,3.165 1.199 2.828
16.1 19.74 3.0:2.454 0.278 1.715,3.49 0.395 1.773
0.43 1.12 9.0:3.323 1.597 1.281
13.57 9.41 11.0:0.799 0.241 1.395,3.52 0.499 3.957
0.3 9.16 7.0:2.362 0.728 3.944
0.45 23.35 10.0:5.205 0.408 1.406,4.222 0.246 1.174
22.69 23.13 13.0:6.034 0.323 1.372
19.12 20.2 13.0:4.156 0.964 1.887
7.0 21.44 8.0:5.25 1.447 4.972
28.88 0.86 24.0:5.96 0.776 1.918
19.6 2.11 14.0:2.361 1.644 1.303
22.78 15.42 27.0:1.368 0.215 1.863
13.51 8.05 1.0:3.013 0.382 1.592
0.51 11.06 5.0:0.87 0.829 4.519
4.31 23.12 20.0:5.176 0.204 1.369
19.68 25.62 5.0:2.893 0.622 1.872
16.32 3.73 3.0:2.794 0.26 2.097
7.14 25.9 13.0:0.769 1.215 6.55
1.04 13.47 6.0:4.895 0.339 2.589
17.46 2.56 28.0:5.932 0.276 1.54,3.676 1.216 1.629
23.49 17.75 5.0:1.916 1.635 1.634
11.96 15.15 17.0:5.065 0.585 1.201
22.85 14.85 2.0:2.036 1.638 1.848
28.47 6.08 23.0:1.612 0.892 2.131,4.151 1.572 1.453
6.52 19.42 17.0:3.155 1.071 3.411
26.85 25.82 6.0:6.159 0.226 1.627
21.48 10.3 21.0:0.639 0.83 1.832
29.08 2.62 18.0:4.61 0.303 2.507,2.332 0.206 4.243
22.54 18.26 14.0:0.685 1.271 1.955
4.46 7.85 7.0:1.602 0.239 1.676,4.043 0.284 1.34
21.61 23.16 4.0:3.168 0.641 1.872,0.642 0.41 1.188
6.82 21.1 13.0:6.046 0.871 2.211
6.48 2.46 25.0:5.858 0.521 1.725
26.7 3.44 27.0:4.942 1.335 1.493,0.436 0.23 2.194
7.03 28.12 1.0:0.376 1.927 1.3
20.3 3.86 2.0:0.584 1.537 1.487
17.02 12.33 17.0:6.132 0.513 1.883
0.2 24.8 3.0:3.026 0.667 1.36
13.97 18.49 4.0:4.127 0.673 2.27,2.22 0.397 2.354
1.88 3.33 13.0:1.361 1.004 4.034
14.25 23.83 1.0:3.341 0.606 1.954
27.22 11.98 16.0:2.921 0.783 1.243,4.452 0.383 1.314
22.05 7.74 10.0:1.874 0.66 1.56
3.08 21.03 13.0:1.196 0.386 2.085
12.66 26.02 3.0:2.881 1.559 2.679
3.69 14.33 21.0:4.519 0.161 1.28,2.549 0.152 1.644
26.93 13.06 24.0:1.229 1.815 1.193
1.57 19.84 19.0:4.462 0.648 1.006,1.584 0.464 1.514
19.01 14.36 13.0:1.312 0.341 1.063,4.805 0.555 2.605
14.24 18.8 19.0:5.389 0.761 2.29
20.49 13.59 8.0:2.507 0.752 1.222
3.3 17.86 1.0:1.206 1.44 1.549
28.72 20.92 29.0:3.496 1.048 1.551,1.538 0.688 1.069
7.49 6.59 24.0:2.92 1.669 1.675,5.883 0.32 1.268
12.19 16.11 1.0:5.259 0.796 2.634,1.525 0.727 1.664
17.52 0.97 10.0:0.302 0.864 1.038
10.35 6.18 11.0:3.444 1.637 1.759
13.61 21.12 17.0:0.524 0.606 1.348
0.26 14.37 13.0:5.459 0.128 1.731
12.58 26.64 16.0:3.461 0.228 1.223
21.57 24.07 2.0:5.418 1.517 6.414
14.5 0.3 22.0:3.439 0.331 1.994,0.517 0.276 2.296
25.6 22.91 2.0:2.368 0.696 1.215,3.382 0.188 3.466
10.92 4.13 8.0:3.968 0.516 1.71
26.65 20.04 28.0:6.079 0.302 4.147
18.63 4.3 24.0:1.212 1.212 2.793
7.29 16.28 12.0:2.741 1.134 1.272
4.34 9.51 5.0:5.469 1.338 1.247