100, 1
18.190 6.320 0
2.380 18.260 0
15.52 28.03 7.0:2.953 1.743 1.022
9.0 28.01 5.0:5.519 0.65 2.988,4.083 0.389 4.916
16.93 2.09 24.0:1.752 1.122 4.972
8.64 19.85 3.0:0.99 0.993 1.906
18.43 29.93 23.0:3.562 1.367 3.021
3.94 10.77 3.0:1.566 0.472 1.229
14.78 7.61 26.0:3.905 0.135 1.002,2.558 0.554 2.813
2.41 25.06 24.0:5.367 0.909 1.274
18.41 11.88 16.0:5.332 0.904 2.902,1.597 0.563 1.727
14.91 17.24 21.0:0.98 0.209 1.062
7.14 0.48 6.0:1.595 0.212 1.487
13.44 24.76 17.0:4.125 1.317 2.503
17.54 29.43 27.0:3.623 0.161 1.748
16.71 9.5 27.0:3.774 1.267 1.832
12.38 26.66 1.0:0.176 1.625 1.39
25.69 6.34 6.0:3.289 1.432 2.063,5.118 0.324 2.679
11.62 24.0 27.0:2.562 0.353 1.412
10.24 3.02 23.0:2.525 1.646 1.345,0.423 0.156 3.55
3.54 26.16 18.0:4.828 0.17 1.276
17.86 19.36 13.0:6.099 1.345 1.127
3.77 7.84 1.0:3.833 0.377 2.25
14.2 19.64 13.0:5.317 0.402 3.055,0.658 0.487 2.95
15.88 5.54 21.0:0.416 0.466 1.05
1.32 19.32 23.0:3.006 1.61 4.03,5.401 0.548 1.813
20.5 25.33 16.0:1.085 0.825 1.365,4.514 1.312 1.126
16.76 19.84 8.0:2.759 1.922 1.722
27.5 17.66 24.0:6.23 1.257 2.133
19.41 20.67 15.0:5.762 0.636 1.718
20.49 14.03 24.0:4.075 1.739 2.63
20.9 7.67 8.0:5.733 0.605 2.724
2.75 25.4 5.0:5.567 0.145 1.224
16.1 19.74 3.0:2.36 1.828 1.276
0.43 1.12 9.0:2.778 0.531 1.671,4.815 1.101 2.585
13.57 9.41 11.0:5.687 1.35 1.329
0.3 9.16 7.0:0.191 0.532 1.682
0.45 23.35 10.0:5.281 1.617 1.053
22.69 23.13 13.0:2.805 0.207 1.87,1.93 0.189 1.994
19.12 20.2 13.0:2.199 1.883 1.821,5.29 0.402 1.009
7.0 21.44 8.0:3.138 0.952 2.778
28.88 0.86 24.0:1.013 0.934 1.83,3.066 0.518 2.007
19.6 2.11 14.0:3.429 1.926 2.361
22.78 15.42 27.0:3.954 0.205 1.204,5.021 0.333 1.399
13.51 8.05 1.0:2.918 0.22 1.437
0.51 11.06 5.0:1.411 0.7 1.73,5.014 1.113 1.891
4.31 23.12 20.0:3.618 1.361 1.165
19.68 25.62 5.0:1.631 0.917 1.158
16.32 3.73 3.0:3.385 1.549 1.07
7.14 25.9 13.0:2.241 0.145 2.018,0.668 0.162 1.717
1.04 13.47 6.0:4.159 1.772 2.365
17.46 2.56 28.0:3.876 0.688 1.875
23.49 17.75 5.0:2.399 0.299 1.883
11.96 15.15 17.0:6.121 0.946 3.224
22.85 14.85 2.0:0.974 0.972 1.389,5.787 0.135 1.598
28.47 6.08 23.0:4.329 1.961 2.351
6.52 19.42 17.0:3.942 1.15 1.149
26.85 25.82 6.0:5.227 0.215 1.561,3.961 0.676 2.374
21.48 10.3 21.0:2.377 0.27 2.101
29.08 2.62 18.0:5.943 0.326 1.952
22.54 18.26 14.0:0.279 1.675 1.129
4.46 7.85 7.0:3.338 0.673 3.304
21.61 23.16 4.0:4.614 1.464 2.67
6.82 21.1 13.0:4.277 0.612 1.038
6.48 2.46 25.0:3.757 0.242 3.009
26.7 3.44 27.0:0.023 1.39 1.598
7.03 28.12 1.0:3.406 0.663 1.739
20.3 3.86 2.0:1.527 0.578 1.072
17.02 12.33 17.0:5.288 1.595 1.722
0.2 24.8 3.0:0.448 0.206 2.023
13.97 18.49 4.0:5.603 1.117 2.641
1.88 3.33 13.0:6.158 1.546 1.039
14.25 23.83 1.0:2.838 0.477 3.056
27.22 11.98 16.0:1.736 0.539 3.063
22.05 7.74 10.0:5.158 0.252 1.347,1.698 1.062 4.621
3.08 21.03 13.0:4.175 0.644 1.598
12.66 26.02 3.0:0.422 2.009 1.599
3.69 14.33 21.0:1.693 0.682 2.89,0.241 0.14 1.745
26.93 13.06 24.0:3.263 0.336 1.986
1.57 19.84 19.0:0.243 0.185 1.437,3.195 0.14 2.86
19.01 14.36 13.0:3.34 1.1 1.742
14.24 18.8 19.0:3.821 1.221 1.276
20.49 13.59 8.0:5.834 0.175 2.652,2.467 1.914 1.344
3.3 17.86 1.0:4.759 1.415 1.329,1.739 0.82 1.204
28.72 20.92 29.0:0.269 0.694 1.291
7.49 6.59 24.0:6.219 1.349 1.522
12.19 16.11 1.0:2.243 0.292 1.943
17.52 0.97 10.0:0.336 0.692 2.32
10.35 6.18 11.0:1.598 0.393 1.09
13.61 21.12 17.0:0.795 0.945 2.804
0.26 14.37 13.0:5.719 0.476 3.199,3.288 1.085 1.498
12.58 26.64 16.0:3.57 0.131 2.579
21.57 24.07 2.0:3.272 0.506 4.691
14.5 0.3 22.0:5.003 0.135 1.492,0.709 0.451 2.074
25.6 22.91 2.0:0.068 1.69 2.041
10.92 4.13 8.0:4.546 1.671 2.628
26.65 20.04 28.0:3.355 1.157 1.927
18.63 4.3 24.0:2.401 1.708 3.376,5.358 0.891 1.065
7.29 16.28 12.0:0.599 1.967 1.965
4.34 9.51 5.0:3.092 1.655 1.039