100 1
18.190 6.320 0
2.380 18.260 0
15.52 28.03 7.0:2.459 1.493 2.93
9.0 28.01 5.0:4.047 0.512 2.878,1.403 0.36 1.485
16.93 2.09 24.0:3.782 0.7 1.636,0.849 0.746 1.441
8.64 19.85 3.0:0.158 1.812 1.153
18.43 29.93 23.0:4.781 1.053 1.676
3.94 10.77 3.0:4.853 1.815 1.172
14.78 7.61 26.0:1.093 0.521 3.818
2.41 25.06 24.0:0.602 1.79 1.365
18.41 11.88 16.0:4.735 0.599 1.045
14.91 17.24 21.0:1.291 1.155 2.349
7.14 0.48 6.0:1.617 0.157 2.956
13.44 24.76 17.0:4.635 0.902 1.924
17.54 29.43 27.0:0.502 1.841 2.6
16.71 9.5 27.0:1.41 0.22 1.305,5.274 0.9 1.118
12.38 26.66 1.0:0.487 1.222 1.822
25.69 6.34 6.0:6.147 0.689 1.452
11.62 24.0 27.0:5.945 0.126 1.602
10.24 3.02 23.0:5.209 0.224 1.25,3.682 0.999 3.072
3.54 26.16 18.0:1.458 0.878 2.411
17.86 19.36 13.0:1.68 0.353 1.008,4.732 0.67 1.196
3.77 7.84 1.0:1.143 0.479 1.322
14.2 19.64 13.0:0.445 1.499 2.363
15.88 5.54 21.0:0.3 1.433 2.799
1.32 19.32 23.0:5.595 0.982 1.986
20.5 25.33 16.0:5.885 1.707 2.434
16.76 19.84 8.0:2.496 1.494 1.629
27.5 17.66 24.0:3.541 0.624 2.979
19.41 20.67 15.0:3.115 0.495 1.427
20.49 14.03 24.0:5.214 1.411 1.091
20.9 7.67 8.0:3.569 1.002 1.775,1.176 0.514 2.023
2.75 25.4 5.0:3.739 0.558 1.183
16.1 19.74 3.0:4.139 0.42 2.468,2.056 0.782 2.19
0.43 1.12 9.0:4.953 0.472 1.064
13.57 9.41 11.0:3.053 0.658 1.015,1.762 0.375 3.006
0.3 9.16 7.0:6.18 0.547 1.887
0.45 23.35 10.0:0.054 1.573 3.073
22.69 23.13 13.0:3.228 1.437 1.027
19.12 20.2 13.0:5.22 1.449 2.487
7.0 21.44 8.0:6.022 0.516 1.11
28.88 0.86 24.0:3.995 1.546 1.452,1.532 0.61 1.899
19.6 2.11 14.0:1.596 1.918 1.15
22.78 15.42 27.0:4.54 0.363 2.408
13.51 8.05 1.0:1.653 0.469 1.178
0.51 11.06 5.0:1.939 1.978 1.721
4.31 23.12 20.0:0.36 0.431 1.303
19.68 25.62 5.0:1.252 1.685 1.083
16.32 3.73 3.0:3.518 1.774 3.627
7.14 25.9 13.0:3.684 0.971 1.197
1.04 13.47 6.0:5.715 0.214 5.521
17.46 2.56 28.0:6.029 1.093 1.352
23.49 17.75 5.0:4.705 0.259 2.898
11.96 15.15 17.0:4.217 0.802 1.47,2.003 0.724 1.942
22.85 14.85 2.0:4.647 1.605 1.494
28.47 6.08 23.0:5.566 0.714 1.336,1.898 0.39 1.663
6.52 19.42 17.0:2.504 0.673 1.122,4.919 0.322 1.103
26.85 25.82 6.0:1.914 0.23 1.059,4.249 0.222 5.23
21.48 10.3 21.0:2.661 0.77 2.399
29.08 2.62 18.0:5.565 0.388 1.238
22.54 18.26 14.0:0.958 1.718 1.731
4.46 7.85 7.0:3.932 1.823 1.899
21.61 23.16 4.0:4.749 1.684 1.553
6.82 21.1 13.0:4.963 1.501 1.276
6.48 2.46 25.0:3.535 0.907 1.682
26.7 3.44 27.0:4.53 1.023 2.886,0.574 0.223 1.808
7.03 28.12 1.0:4.305 0.76 2.898
20.3 3.86 2.0:1.401 1.149 2.463
17.02 12.33 17.0:3.847 1.69 1.603
0.2 24.8 3.0:4.506 1.771 3.8
13.97 18.49 4.0:0.112 0.568 1.1
1.88 3.33 13.0:2.484 0.627 1.28,1.706 0.129 1.442
14.25 23.83 1.0:0.818 0.187 1.813,2.187 1.156 1.17
27.22 11.98 16.0:4.054 0.562 1.66
22.05 7.74 10.0:5.796 0.985 2.91
3.08 21.03 13.0:4.607 0.363 1.687
12.66 26.02 3.0:4.454 0.565 1.864
3.69 14.33 21.0:6.014 0.739 1.487
26.93 13.06 24.0:1.312 0.796 2.015,4.515 0.504 2.21
1.57 19.84 19.0:3.098 0.319 1.976
19.01 14.36 13.0:0.721 0.444 2.048,3.025 1.754 2.936
14.24 18.8 19.0:1.337 0.884 1.808,5.259 0.684 1.805
20.49 13.59 8.0:3.002 0.218 2.003
3.3 17.86 1.0:3.986 0.578 2.103
28.72 20.92 29.0:3.189 1.948 1.097
7.49 6.59 24.0:5.027 0.149 1.169
12.19 16.11 1.0:1.724 0.42 1.583,0.828 0.267 1.83
17.52 0.97 10.0:2.307 0.42 1.753,4.976 0.6 1.58
10.35 6.18 11.0:3.439 1.615 2.57
13.61 21.12 17.0:5.511 1.226 1.003
0.26 14.37 13.0:4.337 0.707 4.089
12.58 26.64 16.0:6.072 1.099 3.764
21.57 24.07 2.0:1.259 0.778 2.315,3.545 0.263 1.267
14.5 0.3 22.0:1.201 0.44 1.0
25.6 22.91 2.0:6.034 1.688 1.0
10.92 4.13 8.0:1.789 1.01 1.05,3.582 0.29 1.146
26.65 20.04 28.0:2.135 1.108 1.335
18.63 4.3 24.0:4.272 0.774 1.054
7.29 16.28 12.0:5.785 1.419 1.117
4.34 9.51 5.0:1.972 0.442 1.16,5.503 0.625 1.712