100 1
18.190 6.320 0
2.380 18.260 0
15.52 28.03 7.0:5.151 1.839 1.38
9.0 28.01 5.0:1.256 0.345 2.072,5.366 0.475 2.029
16.93 2.09 24.0:1.339 0.437 2.891,3.169 0.665 1.642
8.64 19.85 3.0:2.296 0.315 1.169
18.43 29.93 23.0:2.731 0.609 1.449
3.94 10.77 3.0:2.632 1.52 1.275,0.268 0.129 1.556
14.78 7.61 26.0:5.911 0.616 1.047
2.41 25.06 24.0:1.248 0.856 2.2,3.075 0.722 1.515
18.41 11.88 16.0:2.152 0.514 4.48
14.91 17.24 21.0:2.672 0.358 1.411
7.14 0.48 6.0:2.436 0.859 3.114
13.44 24.76 17.0:5.633 0.329 1.58,1.998 1.418 1.18
17.54 29.43 27.0:2.254 0.442 1.383,0.807 0.281 5.986,5.82 0.274 2.768
16.71 9.5 27.0:6.109 1.05 3.971
12.38 26.66 1.0:5.603 1.1 1.338
25.69 6.34 6.0:2.241 1.846 1.484
11.62 24.0 27.0:1.205 1.149 2.199,5.189 0.17 1.866
10.24 3.02 23.0:2.75 0.749 2.254,5.776 0.396 1.144
3.54 26.16 18.0:0.434 1.571 2.504
17.86 19.36 13.0:5.082 1.728 1.288
3.77 7.84 1.0:4.816 0.415 3.036
14.2 19.64 13.0:4.039 2.0 1.464
15.88 5.54 21.0:3.655 0.296 2.003,2.079 0.301 1.302
1.32 19.32 23.0:3.896 1.735 1.364
20.5 25.33 16.0:1.457 1.004 2.73,4.312 0.172 1.866
16.76 19.84 8.0:5.441 0.869 1.333
27.5 17.66 24.0:5.87 0.596 1.339
19.41 20.67 15.0:4.858 0.813 1.41
20.49 14.03 24.0:5.62 1.074 1.13
20.9 7.67 8.0:2.56 1.166 1.076
2.75 25.4 5.0:5.956 0.521 1.103
16.1 19.74 3.0:0.637 1.291 1.413
0.43 1.12 9.0:4.321 0.164 2.879
13.57 9.41 11.0:2.03 1.388 1.235
0.3 9.16 7.0:5.022 1.156 2.218,2.21 1.418 1.056
0.45 23.35 10.0:4.567 0.893 2.764
22.69 23.13 13.0:3.589 1.561 1.026
19.12 20.2 13.0:5.93 1.985 3.713
7.0 21.44 8.0:0.425 0.253 1.191,5.555 0.442 1.546
28.88 0.86 24.0:3.488 0.135 3.535,5.048 0.748 3.271,1.401 0.455 2.567
19.6 2.11 14.0:3.926 1.044 1.358,2.038 0.803 2.61
22.78 15.42 27.0:3.437 0.463 1.387
13.51 8.05 1.0:3.883 1.391 2.963
0.51 11.06 5.0:4.965 0.871 1.847
4.31 23.12 20.0:4.253 1.539 1.267,0.731 0.326 6.041
19.68 25.62 5.0:1.364 0.748 3.084
16.32 3.73 3.0:0.402 0.792 2.309
7.14 25.9 13.0:3.271 0.868 1.07,1.037 0.129 1.448
1.04 13.47 6.0:5.299 1.776 3.026
17.46 2.56 28.0:3.355 1.273 2.155
23.49 17.75 5.0:0.57 0.645 1.877
11.96 15.15 17.0:5.238 1.598 1.7
22.85 14.85 2.0:3.113 0.964 1.912
28.47 6.08 23.0:0.866 0.501 1.369
6.52 19.42 17.0:3.452 1.069 1.728,5.791 0.32 1.396
26.85 25.82 6.0:0.788 0.561 1.572
21.48 10.3 21.0:5.852 0.177 1.965,0.279 0.194 3.085
29.08 2.62 18.0:3.492 1.211 1.193,1.693 0.153 1.761
22.54 18.26 14.0:1.322 0.239 1.479,5.101 0.58 1.551
4.46 7.85 7.0:0.618 0.202 1.548
21.61 23.16 4.0:5.073 0.515 1.013,3.627 0.42 1.137
6.82 21.1 13.0:5.013 1.369 1.091
6.48 2.46 25.0:5.34 0.33 2.279,1.521 0.259 1.401
26.7 3.44 27.0:3.147 0.314 1.307
7.03 28.12 1.0:1.584 0.312 1.107
20.3 3.86 2.0:0.996 0.52 3.591,6.1 0.127 2.502
17.02 12.33 17.0:5.69 0.204 2.017
0.2 24.8 3.0:2.884 1.152 3.932
13.97 18.49 4.0:5.401 0.717 1.62,3.43 0.761 4.2
1.88 3.33 13.0:0.342 0.868 1.109
14.25 23.83 1.0:3.483 0.524 1.089,1.223 1.213 1.381
27.22 11.98 16.0:5.689 0.776 7.08
22.05 7.74 10.0:1.011 0.142 3.232,5.148 0.59 1.338
3.08 21.03 13.0:4.487 1.475 3.091
12.66 26.02 3.0:4.24 0.876 4.209
3.69 14.33 21.0:1.462 1.687 1.869
26.93 13.06 24.0:5.479 0.37 2.98
1.57 19.84 19.0:2.109 1.692 1.379
19.01 14.36 13.0:4.231 0.866 1.08
14.24 18.8 19.0:0.668 0.485 1.158
20.49 13.59 8.0:6.172 0.595 1.322
3.3 17.86 1.0:4.245 1.341 1.306
28.72 20.92 29.0:6.278 1.669 1.348
7.49 6.59 24.0:0.543 0.252 5.793
12.19 16.11 1.0:5.136 0.76 1.949,2.019 0.136 1.015
17.52 0.97 10.0:1.427 0.501 9.705
10.35 6.18 11.0:5.778 0.208 2.521
13.61 21.12 17.0:3.256 0.309 1.038
0.26 14.37 13.0:4.261 0.192 1.006
12.58 26.64 16.0:4.31 0.19 3.989,2.198 0.243 1.94
21.57 24.07 2.0:3.323 0.218 1.153
14.5 0.3 22.0:4.832 0.163 3.655,3.164 1.21 2.377
25.6 22.91 2.0:2.861 0.461 2.916
10.92 4.13 8.0:2.637 0.8 3.059,4.786 0.364 1.744
26.65 20.04 28.0:0.6 0.136 1.157
18.63 4.3 24.0:0.087 0.694 1.19
7.29 16.28 12.0:2.471 1.332 4.658
4.34 9.51 5.0:4.043 1.418 1.142