100 1
18.190 6.320 0
2.380 18.260 0
15.52 28.03 7.0:1.873 0.555 2.01,1.007 0.241 1.537
9.0 28.01 5.0:1.017 1.228 1.333
16.93 2.09 24.0:4.694 0.351 1.447
8.64 19.85 3.0:3.025 1.733 2.196
18.43 29.93 23.0:0.572 1.113 1.514
3.94 10.77 3.0:1.898 0.828 1.863
14.78 7.61 26.0:5.869 1.596 1.198
2.41 25.06 24.0:0.157 0.172 1.545
18.41 11.88 16.0:5.502 0.182 1.548
14.91 17.24 21.0:6.189 1.221 1.036
7.14 0.48 6.0:0.747 0.961 1.762
13.44 24.76 17.0:4.31 1.249 1.014
17.54 29.43 27.0:3.45 0.559 1.754
16.71 9.5 27.0:2.938 1.009 1.728,5.107 0.979 1.019
12.38 26.66 1.0:3.681 0.989 3.968
25.69 6.34 6.0:5.401 0.148 4.277
11.62 24.0 27.0:5.337 0.754 2.216
10.24 3.02 23.0:1.719 1.126 1.457
3.54 26.16 18.0:2.784 0.475 2.036
17.86 19.36 13.0:5.665 1.186 1.797
3.77 7.84 1.0:5.188 0.419 1.96,2.307 0.35 1.254
14.2 19.64 13.0:4.481 0.494 2.07
15.88 5.54 21.0:4.212 0.41 2.054
1.32 19.32 23.0:1.461 0.33 1.5
20.5 25.33 16.0:0.243 0.339 1.609
16.76 19.84 8.0:4.444 0.88 1.117
27.5 17.66 24.0:2.257 0.131 2.13,1.184 0.629 3.574
19.41 20.67 15.0:0.583 0.15 3.113,5.594 0.582 1.5
20.49 14.03 24.0:1.643 0.426 1.769,5.474 0.785 1.219
20.9 7.67 8.0:1.712 1.669 1.728
2.75 25.4 5.0:2.073 0.608 1.784,3.732 0.94 4.873
16.1 19.74 3.0:2.601 1.684 3.984
0.43 1.12 9.0:0.405 0.182 1.523
13.57 9.41 11.0:4.695 0.184 1.289,3.108 0.172 1.722
0.3 9.16 7.0:0.601 1.318 2.138
0.45 23.35 10.0:1.851 0.458 1.002
22.69 23.13 13.0:2.548 0.544 2.295
19.12 20.2 13.0:3.233 1.312 1.096
7.0 21.44 8.0:2.287 0.451 1.149,5.893 0.381 1.661
28.88 0.86 24.0:3.292 1.541 1.805
19.6 2.11 14.0:6.089 0.275 1.09
22.78 15.42 27.0:4.508 1.403 3.232
13.51 8.05 1.0:5.388 0.247 1.3,4.016 0.897 2.452
0.51 11.06 5.0:4.798 0.705 2.632,2.865 0.254 2.893
4.31 23.12 20.0:1.82 0.484 1.495
19.68 25.62 5.0:0.967 0.785 1.888,3.192 0.825 1.434
16.32 3.73 3.0:2.117 1.805 1.099
7.14 25.9 13.0:5.808 0.829 1.298
1.04 13.47 6.0:4.466 0.695 1.773,1.728 0.703 1.24
17.46 2.56 28.0:3.094 1.153 1.153
23.49 17.75 5.0:4.671 1.486 2.489
11.96 15.15 17.0:2.969 1.654 2.722
22.85 14.85 2.0:2.04 1.436 1.026
28.47 6.08 23.0:5.171 1.409 2.534
6.52 19.42 17.0:5.139 1.219 2.554
26.85 25.82 6.0:4.822 0.217 2.196,2.093 0.147 2.741
21.48 10.3 21.0:3.34 0.818 1.033,0.539 0.413 2.666
29.08 2.62 18.0:2.963 1.919 1.479,5.04 0.142 1.823
22.54 18.26 14.0:2.123 0.144 2.089,3.46 0.897 3.039,4.992 0.189 1.76
4.46 7.85 7.0:1.035 0.148 3.892
21.61 23.16 4.0:3.915 0.938 1.886
6.82 21.1 13.0:3.445 0.793 1.468
6.48 2.46 25.0:5.874 0.524 1.061
26.7 3.44 27.0:5.795 0.37 1.601
7.03 28.12 1.0:3.262 0.194 1.709
20.3 3.86 2.0:1.463 1.492 5.081
17.02 12.33 17.0:3.678 1.848 1.237
0.2 24.8 3.0:1.069 1.27 1.449
13.97 18.49 4.0:1.031 0.852 1.754
1.88 3.33 13.0:0.997 0.927 3.599
14.25 23.83 1.0:2.198 1.4 1.084
27.22 11.98 16.0:4.274 1.662 1.514
22.05 7.74 10.0:3.137 1.391 1.61
3.08 21.03 13.0:0.836 1.107 1.26
12.66 26.02 3.0:1.345 1.954 1.276
3.69 14.33 21.0:2.443 0.872 1.45
26.93 13.06 24.0:0.751 1.085 2.27
1.57 19.84 19.0:3.764 1.625 1.397
19.01 14.36 13.0:4.564 1.469 1.419
14.24 18.8 19.0:2.736 0.743 2.144
20.49 13.59 8.0:0.791 0.452 3.045
3.3 17.86 1.0:4.346 1.354 1.095
28.72 20.92 29.0:3.676 0.232 1.081
7.49 6.59 24.0:4.565 0.308 1.543,1.799 0.415 1.559
12.19 16.11 1.0:5.851 0.205 2.63
17.52 0.97 10.0:2.597 0.219 1.586,3.788 0.432 1.378,5.134 0.593 1.115
10.35 6.18 11.0:0.266 1.089 3.987
13.61 21.12 17.0:5.5 1.131 2.745
0.26 14.37 13.0:4.257 1.73 2.13,1.944 0.484 1.217
12.58 26.64 16.0:1.604 0.599 1.114
21.57 24.07 2.0:4.115 0.936 2.682
14.5 0.3 22.0:0.172 0.984 3.209
25.6 22.91 2.0:6.112 0.235 3.857
10.92 4.13 8.0:6.029 0.777 2.926
26.65 20.04 28.0:5.565 0.533 3.288,1.894 0.272 1.452
18.63 4.3 24.0:2.048 1.194 1.84
7.29 16.28 12.0:2.831 0.982 1.009
4.34 9.51 5.0:1.137 1.42 3.012