100 1
18.190 6.320 0
2.380 18.260 0
15.52 28.03 7.0:4.262 0.36 1.205,3.162 0.292 2.86
9.0 28.01 5.0:6.174 1.759 1.427
16.93 2.09 24.0:4.902 1.495 1.891
8.64 19.85 3.0:0.63 0.553 4.189,3.374 0.994 1.499
18.43 29.93 23.0:2.469 1.083 2.168,4.968 0.598 1.518
3.94 10.77 3.0:0.855 0.504 3.601,2.831 0.344 2.17
14.78 7.61 26.0:3.763 0.867 3.667
2.41 25.06 24.0:1.052 0.402 1.074
18.41 11.88 16.0:6.149 1.117 1.237
14.91 17.24 21.0:0.659 0.59 1.772
7.14 0.48 6.0:2.131 0.856 2.192
13.44 24.76 17.0:4.318 1.013 4.892,2.25 0.979 2.346
17.54 29.43 27.0:0.236 0.82 1.325
16.71 9.5 27.0:4.825 0.169 1.796
12.38 26.66 1.0:5.033 0.188 2.448,4.081 0.421 1.916
25.69 6.34 6.0:5.63 2.006 1.073
11.62 24.0 27.0:0.093 0.207 2.156
10.24 3.02 23.0:2.178 1.751 1.619
3.54 26.16 18.0:5.559 1.379 1.4
17.86 19.36 13.0:5.005 0.465 4.769,2.04 1.8 1.741
3.77 7.84 1.0:5.981 0.564 1.929
14.2 19.64 13.0:2.1 0.202 1.204
15.88 5.54 21.0:3.31 1.454 1.196
1.32 19.32 23.0:6.015 1.89 1.039
20.5 25.33 16.0:0.362 0.171 4.072,1.965 0.537 1.326
16.76 19.84 8.0:3.16 1.347 3.212
27.5 17.66 24.0:0.638 0.354 4.552
19.41 20.67 15.0:1.788 1.694 1.17
20.49 14.03 24.0:3.971 0.275 1.181,1.323 0.684 1.22
20.9 7.67 8.0:3.605 0.378 1.035
2.75 25.4 5.0:5.424 0.133 1.253
16.1 19.74 3.0:0.064 0.423 1.314
0.43 1.12 9.0:4.414 1.057 1.338
13.57 9.41 11.0:5.888 1.828 3.705
0.3 9.16 7.0:1.782 0.304 3.945,3.465 0.304 4.322
0.45 23.35 10.0:4.052 1.914 2.001
22.69 23.13 13.0:2.726 0.772 2.644
19.12 20.2 13.0:2.459 1.176 1.195
7.0 21.44 8.0:1.451 1.82 3.952
28.88 0.86 24.0:2.941 0.137 2.122,3.957 0.406 1.802,0.993 0.138 1.388
19.6 2.11 14.0:4.902 0.26 1.281
22.78 15.42 27.0:1.837 0.201 1.092
13.51 8.05 1.0:0.757 0.897 2.969
0.51 11.06 5.0:0.171 1.468 2.108
4.31 23.12 20.0:5.639 0.898 2.178
19.68 25.62 5.0:3.269 0.796 1.331
16.32 3.73 3.0:6.094 1.308 1.301
7.14 25.9 13.0:3.652 0.194 1.965,6.002 0.197 1.254
1.04 13.47 6.0:4.808 0.22 1.527,3.57 0.197 1.091
17.46 2.56 28.0:4.223 1.708 4.259
23.49 17.75 5.0:2.553 0.475 3.109,4.673 0.998 1.294
11.96 15.15 17.0:5.913 1.109 2.939
22.85 14.85 2.0:0.174 1.005 2.05
28.47 6.08 23.0:2.032 1.001 2.052
6.52 19.42 17.0:5.316 1.117 1.509
26.85 25.82 6.0:0.968 0.879 1.184
21.48 10.3 21.0:4.351 1.722 3.931
29.08 2.62 18.0:0.533 1.595 3.253
22.54 18.26 14.0:3.318 0.973 1.557
4.46 7.85 7.0:5.313 0.181 1.401
21.61 23.16 4.0:1.622 0.446 1.951,4.09 1.753 1.241
6.82 21.1 13.0:4.715 1.531 2.24,1.33 1.053 1.495
6.48 2.46 25.0:4.774 0.959 1.138
26.7 3.44 27.0:1.085 1.398 1.276
7.03 28.12 1.0:6.117 1.94 3.968
20.3 3.86 2.0:5.02 1.48 2.966
17.02 12.33 17.0:2.881 1.818 1.033
0.2 24.8 3.0:3.094 0.397 1.396
13.97 18.49 4.0:1.567 0.79 1.763
1.88 3.33 13.0:2.513 0.148 3.672
14.25 23.83 1.0:1.348 1.026 1.196
27.22 11.98 16.0:5.047 0.441 3.332
22.05 7.74 10.0:5.421 2.004 1.349
3.08 21.03 13.0:6.219 1.073 3.526
12.66 26.02 3.0:6.056 0.602 2.711
3.69 14.33 21.0:0.31 0.601 1.117
26.93 13.06 24.0:3.315 0.32 1.045,2.219 0.347 2.249
1.57 19.84 19.0:4.108 0.222 2.076
19.01 14.36 13.0:3.029 0.744 3.981
14.24 18.8 19.0:2.209 1.548 3.022
20.49 13.59 8.0:5.079 0.855 2.473
3.3 17.86 1.0:6.144 1.875 1.012
28.72 20.92 29.0:1.859 1.265 1.455,4.637 0.715 1.879
7.49 6.59 24.0:3.353 1.018 2.477
12.19 16.11 1.0:4.12 0.128 1.115
17.52 0.97 10.0:3.939 0.376 3.452
10.35 6.18 11.0:3.91 0.218 1.87,1.456 0.893 1.292,4.839 0.207 2.048
13.61 21.12 17.0:4.498 1.487 1.6
0.26 14.37 13.0:4.417 0.304 1.834
12.58 26.64 16.0:5.71 1.505 1.16
21.57 24.07 2.0:2.34 1.026 1.219
14.5 0.3 22.0:6.164 0.862 1.263
25.6 22.91 2.0:3.085 1.059 2.099
10.92 4.13 8.0:3.303 0.299 1.923
26.65 20.04 28.0:1.397 1.708 2.294
18.63 4.3 24.0:4.3 1.851 1.223
7.29 16.28 12.0:5.073 0.34 1.085
4.34 9.51 5.0:5.688 1.57 1.719