100 1
18.190 6.320 0
2.380 18.260 0
15.52 28.03 7.0:3.092 1.268 1.24
9.0 28.01 5.0:5.227 1.632 1.633
16.93 2.09 24.0:2.552 1.86 1.275
8.64 19.85 3.0:3.847 0.514 1.395
18.43 29.93 23.0:5.815 1.119 1.052
3.94 10.77 3.0:4.838 1.163 1.018
14.78 7.61 26.0:2.043 0.991 3.456
2.41 25.06 24.0:0.833 0.269 2.509,4.144 0.862 1.718
18.41 11.88 16.0:5.529 0.806 2.116
14.91 17.24 21.0:2.126 0.504 3.972
7.14 0.48 6.0:4.731 0.537 2.342
13.44 24.76 17.0:3.958 1.021 3.71
17.54 29.43 27.0:4.814 0.309 1.866
16.71 9.5 27.0:3.781 0.19 2.381
12.38 26.66 1.0:2.907 0.227 1.665,4.974 0.27 1.821
25.69 6.34 6.0:2.874 0.244 1.609,1.671 0.506 1.908,0.606 0.378 1.803
11.62 24.0 27.0:0.271 0.357 1.167
10.24 3.02 23.0:5.536 1.301 1.53
3.54 26.16 18.0:2.338 0.195 1.472,1.759 0.22 4.98
17.86 19.36 13.0:0.148 1.38 2.498
3.77 7.84 1.0:2.758 0.456 1.105,1.414 0.813 2.149
14.2 19.64 13.0:0.224 0.23 1.114
15.88 5.54 21.0:3.08 0.934 1.077
1.32 19.32 23.0:4.276 1.018 2.501,5.501 0.169 2.689
20.5 25.33 16.0:5.747 1.663 1.203
16.76 19.84 8.0:3.785 0.216 1.99
27.5 17.66 24.0:4.809 1.35 3.487
19.41 20.67 15.0:5.142 0.135 1.897,5.621 0.273 1.085,1.358 0.27 1.889
20.49 14.03 24.0:5.335 0.84 1.267,1.38 1.06 3.893
20.9 7.67 8.0:0.522 0.193 2.03
2.75 25.4 5.0:5.14 0.858 1.004,2.324 1.369 2.76
16.1 19.74 3.0:5.79 0.279 1.418
0.43 1.12 9.0:5.267 0.282 3.388
13.57 9.41 11.0:3.986 0.99 1.1,0.72 0.162 1.752
0.3 9.16 7.0:4.533 0.934 3.699,1.134 0.268 1.069
0.45 23.35 10.0:5.195 0.157 1.525
22.69 23.13 13.0:5.757 1.171 1.626
19.12 20.2 13.0:5.824 0.664 1.061
7.0 21.44 8.0:5.577 0.416 1.913
28.88 0.86 24.0:3.977 1.975 2.424
19.6 2.11 14.0:2.012 1.913 1.393
22.78 15.42 27.0:4.313 1.543 1.924
13.51 8.05 1.0:3.92 1.437 2.218
0.51 11.06 5.0:3.281 1.458 1.507
4.31 23.12 20.0:2.724 0.571 1.463
19.68 25.62 5.0:5.042 0.378 1.164
16.32 3.73 3.0:5.636 1.252 1.927
7.14 25.9 13.0:4.473 0.852 3.851,1.996 0.153 1.053
1.04 13.47 6.0:0.294 1.739 2.53
17.46 2.56 28.0:4.741 1.828 1.052
23.49 17.75 5.0:1.052 1.961 1.909
11.96 15.15 17.0:5.201 1.71 2.076
22.85 14.85 2.0:6.018 1.057 1.119
28.47 6.08 23.0:4.313 1.068 2.102,0.859 0.369 1.047
6.52 19.42 17.0:4.587 0.308 1.141,2.074 0.422 1.2
26.85 25.82 6.0:3.395 0.45 1.115,1.207 0.187 1.457
21.48 10.3 21.0:3.0 0.127 1.018
29.08 2.62 18.0:0.149 0.834 2.137
22.54 18.26 14.0:1.093 1.535 3.498
4.46 7.85 7.0:2.166 1.271 1.081
21.61 23.16 4.0:4.371 1.824 1.397,1.514 0.243 1.38
6.82 21.1 13.0:1.29 0.274 1.031
6.48 2.46 25.0:3.607 1.154 1.302
26.7 3.44 27.0:3.461 1.264 1.516
7.03 28.12 1.0:5.607 0.194 2.88,3.877 0.524 1.068
20.3 3.86 2.0:3.043 0.168 1.392
17.02 12.33 17.0:1.159 0.538 1.293,4.991 0.66 2.089
0.2 24.8 3.0:4.481 1.595 1.203
13.97 18.49 4.0:2.418 1.32 1.306
1.88 3.33 13.0:4.252 1.989 2.882,0.729 0.646 1.212
14.25 23.83 1.0:3.478 1.821 1.537
27.22 11.98 16.0:3.783 0.715 1.116,4.976 0.243 1.503
22.05 7.74 10.0:4.089 0.171 1.113
3.08 21.03 13.0:2.34 0.525 2.217,5.71 0.168 1.523
12.66 26.02 3.0:0.487 0.244 1.119
3.69 14.33 21.0:1.845 0.705 1.04
26.93 13.06 24.0:6.1 0.672 1.396
1.57 19.84 19.0:2.846 0.399 1.154
19.01 14.36 13.0:3.938 0.599 4.141
14.24 18.8 19.0:3.796 1.114 1.093,5.975 0.29 2.841
20.49 13.59 8.0:6.021 0.266 2.271
3.3 17.86 1.0:4.341 0.198 1.457,1.87 0.368 2.049
28.72 20.92 29.0:2.256 1.5 1.025,5.04 0.363 1.499
7.49 6.59 24.0:4.388 1.959 3.344
12.19 16.11 1.0:0.569 0.635 1.433
17.52 0.97 10.0:2.147 0.494 1.072
10.35 6.18 11.0:2.116 1.759 1.178
13.61 21.12 17.0:0.08 0.457 1.472
0.26 14.37 13.0:2.726 0.134 2.93
12.58 26.64 16.0:5.578 0.509 1.275
21.57 24.07 2.0:2.419 0.227 1.371,3.31 0.486 1.627
14.5 0.3 22.0:4.691 0.944 1.144
25.6 22.91 2.0:4.68 0.732 1.143
10.92 4.13 8.0:5.408 0.576 1.147
26.65 20.04 28.0:0.266 1.934 4.435
18.63 4.3 24.0:1.061 0.592 1.615
7.29 16.28 12.0:3.283 0.254 3.685,3.986 0.323 2.064,1.975 0.302 1.621
4.34 9.51 5.0:4.051 1.501 1.275