100, 1
18.190 6.320 0
2.380 18.260 0
15.52 28.03 7.0:0.311 0.342 1.268
9.0 28.01 5.0:4.413 1.412 2.263
16.93 2.09 24.0:4.071 0.437 3.32
8.64 19.85 3.0:5.367 1.538 2.472
18.43 29.93 23.0:3.549 1.468 3.78
3.94 10.77 3.0:4.836 0.133 1.038,3.26 0.139 3.561
14.78 7.61 26.0:5.051 0.167 1.093
2.41 25.06 24.0:4.908 0.619 2.765,2.731 1.137 1.25
18.41 11.88 16.0:5.432 1.49 1.484
14.91 17.24 21.0:5.231 0.165 1.094,3.264 1.004 1.593
7.14 0.48 6.0:5.85 0.127 1.684,1.988 0.909 4.367
13.44 24.76 17.0:5.012 0.721 2.597,2.004 0.8 4.487
17.54 29.43 27.0:1.612 0.761 2.932
16.71 9.5 27.0:0.146 0.519 2.042
12.38 26.66 1.0:1.037 0.649 1.709
25.69 6.34 6.0:5.587 1.119 2.088
11.62 24.0 27.0:2.448 0.48 1.313
10.24 3.02 23.0:2.046 1.588 1.256
3.54 26.16 18.0:0.839 0.363 6.385,2.475 0.642 1.039
17.86 19.36 13.0:3.814 0.702 1.599,0.56 0.456 2.661
3.77 7.84 1.0:4.464 0.736 2.355
14.2 19.64 13.0:0.489 1.3 1.318
15.88 5.54 21.0:5.744 1.269 1.354
1.32 19.32 23.0:1.624 1.408 1.43
20.5 25.33 16.0:5.997 0.271 1.791,5.106 0.172 1.523
16.76 19.84 8.0:6.057 1.094 4.825
27.5 17.66 24.0:0.325 1.06 1.222
19.41 20.67 15.0:2.93 1.874 1.853
20.49 14.03 24.0:0.509 0.359 2.529,4.399 1.766 1.532
20.9 7.67 8.0:2.853 0.82 2.484,0.749 0.613 1.4
2.75 25.4 5.0:0.319 0.646 1.172
16.1 19.74 3.0:4.322 1.203 1.04
0.43 1.12 9.0:3.201 1.807 1.381
13.57 9.41 11.0:5.309 1.784 2.165
0.3 9.16 7.0:4.798 0.174 3.526
0.45 23.35 10.0:2.44 0.951 1.015
22.69 23.13 13.0:0.052 0.836 1.795
19.12 20.2 13.0:4.371 1.675 1.205,1.242 0.186 2.043
7.0 21.44 8.0:0.708 0.892 3.005
28.88 0.86 24.0:6.02 1.896 2.102
19.6 2.11 14.0:5.96 0.674 1.876
22.78 15.42 27.0:0.482 0.264 3.614
13.51 8.05 1.0:3.904 0.861 1.144,5.623 0.391 1.5
0.51 11.06 5.0:3.628 0.386 1.335
4.31 23.12 20.0:4.479 0.346 1.261
19.68 25.62 5.0:2.182 0.753 2.132,4.35 0.439 2.684
16.32 3.73 3.0:4.328 1.499 2.663
7.14 25.9 13.0:2.43 0.969 1.077
1.04 13.47 6.0:2.992 0.588 2.705
17.46 2.56 28.0:2.896 0.548 1.361
23.49 17.75 5.0:2.862 0.601 3.622
11.96 15.15 17.0:3.948 1.413 2.442
22.85 14.85 2.0:1.16 0.192 1.548,3.715 1.463 1.511
28.47 6.08 23.0:1.853 0.208 1.611,3.415 0.551 2.391
6.52 19.42 17.0:4.814 0.508 3.265,0.851 0.292 1.118
26.85 25.82 6.0:2.431 0.284 1.253
21.48 10.3 21.0:1.744 0.386 1.523
29.08 2.62 18.0:3.707 1.902 1.409
22.54 18.26 14.0:5.07 0.364 1.376
4.46 7.85 7.0:0.841 1.756 1.516
21.61 23.16 4.0:5.667 0.371 3.326
6.82 21.1 13.0:4.305 0.726 2.961,2.278 0.319 2.474
6.48 2.46 25.0:1.735 1.676 1.001
26.7 3.44 27.0:2.946 1.625 1.606
7.03 28.12 1.0:0.286 0.897 1.152
20.3 3.86 2.0:3.844 1.817 1.059
17.02 12.33 17.0:4.096 0.364 1.757,0.6 0.182 3.29
0.2 24.8 3.0:5.011 1.314 2.18
13.97 18.49 4.0:4.402 0.704 1.233
1.88 3.33 13.0:4.605 1.066 1.702
14.25 23.83 1.0:0.911 0.478 1.606
27.22 11.98 16.0:2.491 0.181 2.923
22.05 7.74 10.0:1.467 0.263 2.759
3.08 21.03 13.0:0.076 0.404 1.613
12.66 26.02 3.0:1.707 0.478 2.842
3.69 14.33 21.0:2.103 0.561 1.151
26.93 13.06 24.0:4.474 0.951 1.483
1.57 19.84 19.0:4.024 1.748 1.391
19.01 14.36 13.0:0.244 1.119 5.49
14.24 18.8 19.0:4.097 0.59 2.432
20.49 13.59 8.0:2.508 0.39 1.119,5.774 0.144 1.563
3.3 17.86 1.0:3.953 0.658 1.048,1.952 0.871 2.017
28.72 20.92 29.0:4.467 0.705 1.053,5.739 0.166 1.707
7.49 6.59 24.0:0.52 0.226 3.47,4.377 0.297 2.437,2.112 0.244 1.498
12.19 16.11 1.0:5.53 1.267 2.476
17.52 0.97 10.0:5.158 1.367 1.841
10.35 6.18 11.0:0.17 1.009 1.341
13.61 21.12 17.0:4.25 1.139 1.195,1.104 0.352 4.65
0.26 14.37 13.0:0.721 1.327 1.066
12.58 26.64 16.0:5.673 0.7 3.66
21.57 24.07 2.0:3.027 1.32 1.697
14.5 0.3 22.0:3.205 0.735 3.047
25.6 22.91 2.0:0.335 1.92 1.428
10.92 4.13 8.0:6.132 0.955 1.108
26.65 20.04 28.0:1.769 1.824 3.397
18.63 4.3 24.0:3.17 1.387 1.519
7.29 16.28 12.0:5.528 1.528 3.28
4.34 9.51 5.0:0.831 0.349 1.681,3.226 1.035 1.775