100 1
18.190 6.320 0
2.380 18.260 0
15.52 28.03 7.0:5.0 1.825 3.984
9.0 28.01 5.0:2.87 0.3 1.53
16.93 2.09 24.0:2.743 0.528 3.78
8.64 19.85 3.0:2.421 0.744 5.279,5.768 0.307 1.411
18.43 29.93 23.0:4.548 0.229 4.224
3.94 10.77 3.0:0.014 1.106 1.202
14.78 7.61 26.0:5.077 1.678 1.438
2.41 25.06 24.0:0.557 1.523 2.997
18.41 11.88 16.0:4.093 0.448 1.067
14.91 17.24 21.0:3.289 0.164 1.528,0.866 0.591 1.474
7.14 0.48 6.0:5.769 0.724 1.687
13.44 24.76 17.0:3.336 0.935 2.931,5.568 0.663 4.74
17.54 29.43 27.0:2.485 0.439 1.884,5.456 0.299 1.333
16.71 9.5 27.0:5.514 0.413 1.192,3.01 0.334 1.05
12.38 26.66 1.0:3.506 1.115 2.959
25.69 6.34 6.0:2.13 0.878 1.063,4.188 0.755 1.512
11.62 24.0 27.0:3.774 0.727 1.224,5.552 0.173 2.563
10.24 3.02 23.0:0.497 0.332 1.377
3.54 26.16 18.0:1.34 1.899 3.334
17.86 19.36 13.0:1.133 1.463 1.159
3.77 7.84 1.0:5.892 0.716 1.313
14.2 19.64 13.0:3.146 0.379 1.467
15.88 5.54 21.0:2.712 0.929 1.051
1.32 19.32 23.0:3.765 1.714 1.967
20.5 25.33 16.0:1.908 0.19 2.523,2.568 0.394 1.024,3.329 0.146 2.508
16.76 19.84 8.0:0.869 1.977 1.418
27.5 17.66 24.0:1.336 0.375 1.494,2.624 0.147 2.137
19.41 20.67 15.0:3.282 0.345 1.277,1.192 0.86 1.47
20.49 14.03 24.0:0.572 0.612 1.474
20.9 7.67 8.0:2.83 0.453 2.297
2.75 25.4 5.0:4.05 1.097 1.526
16.1 19.74 3.0:5.275 0.216 1.073,3.325 1.237 2.302
0.43 1.12 9.0:3.079 0.952 2.806
13.57 9.41 11.0:3.108 1.759 1.238
0.3 9.16 7.0:2.06 1.113 2.196,4.932 0.676 1.927
0.45 23.35 10.0:1.932 0.894 1.006,4.232 0.162 1.113
22.69 23.13 13.0:2.142 1.869 1.253
19.12 20.2 13.0:3.078 1.257 1.079
7.0 21.44 8.0:0.056 0.968 2.391
28.88 0.86 24.0:4.06 0.69 1.01
19.6 2.11 14.0:3.58 1.197 1.439,1.705 0.306 1.241
22.78 15.42 27.0:2.045 1.507 1.247
13.51 8.05 1.0:2.118 0.279 1.716,4.034 1.489 2.451
0.51 11.06 5.0:0.847 1.614 1.027
4.31 23.12 20.0:2.634 1.351 1.141
19.68 25.62 5.0:1.87 1.23 1.043
16.32 3.73 3.0:3.027 0.439 4.603,2.114 0.342 2.409
7.14 25.9 13.0:0.831 0.316 3.226
1.04 13.47 6.0:3.765 1.384 1.116
17.46 2.56 28.0:6.124 0.907 1.832
23.49 17.75 5.0:5.82 0.696 3.413
11.96 15.15 17.0:2.225 0.256 1.054
22.85 14.85 2.0:4.774 0.279 1.725
28.47 6.08 23.0:1.335 0.602 1.042
6.52 19.42 17.0:1.701 1.287 1.087
26.85 25.82 6.0:6.039 1.428 1.044
21.48 10.3 21.0:3.891 0.594 2.164
29.08 2.62 18.0:0.111 1.253 2.91
22.54 18.26 14.0:5.235 1.888 1.606
4.46 7.85 7.0:1.289 0.127 2.763,4.22 0.406 2.913
21.61 23.16 4.0:1.187 1.563 3.089
6.82 21.1 13.0:2.872 0.328 1.712,4.907 0.908 3.379
6.48 2.46 25.0:6.073 0.655 1.575
26.7 3.44 27.0:3.737 1.589 2.709
7.03 28.12 1.0:2.63 0.711 1.635
20.3 3.86 2.0:5.042 0.18 2.732
17.02 12.33 17.0:1.261 0.312 1.315
0.2 24.8 3.0:0.311 0.825 2.969
13.97 18.49 4.0:0.179 1.178 1.737
1.88 3.33 13.0:5.404 0.798 1.103,3.66 0.274 2.225
14.25 23.83 1.0:4.544 0.564 1.544,1.369 0.688 2.81
27.22 11.98 16.0:5.862 1.431 1.287
22.05 7.74 10.0:3.05 1.455 1.135
3.08 21.03 13.0:5.314 0.3 2.665
12.66 26.02 3.0:5.863 1.329 1.288
3.69 14.33 21.0:2.937 1.579 1.026
26.93 13.06 24.0:0.454 0.359 1.125
1.57 19.84 19.0:1.188 0.375 4.682
19.01 14.36 13.0:0.491 0.503 1.455
14.24 18.8 19.0:2.886 0.421 1.721,4.524 1.127 1.257
20.49 13.59 8.0:4.839 0.5 2.034
3.3 17.86 1.0:1.496 0.93 1.519
28.72 20.92 29.0:5.804 0.308 1.227
7.49 6.59 24.0:6.076 1.711 1.817
12.19 16.11 1.0:3.219 1.308 1.294
17.52 0.97 10.0:5.073 1.1 3.255,2.016 1.28 2.918
10.35 6.18 11.0:2.677 1.816 1.489
13.61 21.12 17.0:5.776 0.812 1.372
0.26 14.37 13.0:5.52 1.159 1.259
12.58 26.64 16.0:3.823 0.25 2.941
21.57 24.07 2.0:0.773 1.417 2.629
14.5 0.3 22.0:1.116 0.754 2.862
25.6 22.91 2.0:3.459 1.229 1.475
10.92 4.13 8.0:2.45 0.183 1.07,5.929 0.35 1.413,1.454 0.555 1.234
26.65 20.04 28.0:1.03 0.927 1.387
18.63 4.3 24.0:2.41 1.733 1.152
7.29 16.28 12.0:3.124 1.016 1.713,0.396 0.272 1.785,4.98 0.573 1.095
4.34 9.51 5.0:5.862 0.225 1.749,2.839 0.489 1.163