100, 1
18.190 6.320 0
2.380 18.260 0
15.52 28.03 7.0:2.449 0.876 1.162,3.829 0.501 1.062,5.887 0.131 1.051
9.0 28.01 5.0:5.582 0.196 1.799,2.392 0.15 1.861
16.93 2.09 24.0:3.886 1.863 1.051
8.64 19.85 3.0:3.83 1.114 1.095,0.954 0.929 1.491
18.43 29.93 23.0:3.956 0.183 4.779
3.94 10.77 3.0:3.183 1.224 2.411
14.78 7.61 26.0:4.491 1.13 2.939
2.41 25.06 24.0:0.977 0.407 1.052
18.41 11.88 16.0:5.525 0.217 2.064,4.487 0.135 4.012,2.235 1.335 3.853
14.91 17.24 21.0:0.523 0.186 1.156,3.145 0.516 1.235
7.14 0.48 6.0:2.829 0.483 2.523
13.44 24.76 17.0:2.502 0.895 2.167,5.028 0.329 1.512,5.849 0.355 2.711
17.54 29.43 27.0:5.623 1.871 3.257
16.71 9.5 27.0:5.047 0.908 1.474
12.38 26.66 1.0:1.088 1.589 1.304
25.69 6.34 6.0:6.062 1.019 1.136
11.62 24.0 27.0:0.754 0.179 1.528,3.394 0.149 1.039
10.24 3.02 23.0:5.696 0.34 3.113,3.979 0.606 1.082
3.54 26.16 18.0:5.181 0.127 1.419
17.86 19.36 13.0:1.635 0.161 2.262
3.77 7.84 1.0:3.913 1.449 1.497
14.2 19.64 13.0:2.461 0.158 1.455
15.88 5.54 21.0:4.053 1.963 1.535
1.32 19.32 23.0:2.383 0.674 1.364
20.5 25.33 16.0:2.627 0.682 3.071,4.276 0.224 1.387
16.76 19.84 8.0:1.853 1.403 1.737,4.8 1.437 1.967
27.5 17.66 24.0:0.753 0.132 1.476
19.41 20.67 15.0:5.136 0.28 1.268,1.699 1.09 1.359
20.49 14.03 24.0:0.193 0.959 1.053
20.9 7.67 8.0:0.391 0.16 2.022
2.75 25.4 5.0:4.005 0.276 1.707
16.1 19.74 3.0:0.969 0.595 2.83,4.7 0.183 1.166
0.43 1.12 9.0:1.15 0.174 1.419,4.148 0.653 2.222
13.57 9.41 11.0:6.195 1.295 1.96
0.3 9.16 7.0:4.054 1.29 1.025
0.45 23.35 10.0:3.13 1.096 1.68,5.878 0.333 3.037
22.69 23.13 13.0:5.334 1.562 1.018
19.12 20.2 13.0:2.667 1.318 1.764,5.329 0.303 1.944
7.0 21.44 8.0:2.259 1.321 1.866
28.88 0.86 24.0:4.618 0.432 2.129,1.483 1.117 4.505
19.6 2.11 14.0:2.754 0.489 1.155,4.167 0.642 7.54
22.78 15.42 27.0:1.109 0.519 1.73
13.51 8.05 1.0:5.894 0.126 1.305,2.546 0.288 1.455,3.767 0.409 1.203
0.51 11.06 5.0:3.807 1.856 2.173
4.31 23.12 20.0:1.823 1.533 2.232
19.68 25.62 5.0:1.858 0.698 1.911,3.201 0.613 1.06
16.32 3.73 3.0:2.025 1.186 1.068
7.14 25.9 13.0:0.213 1.154 1.652
1.04 13.47 6.0:0.124 2.004 1.431
17.46 2.56 28.0:0.116 0.185 1.094
23.49 17.75 5.0:3.527 0.941 1.17
11.96 15.15 17.0:0.696 0.61 1.354
22.85 14.85 2.0:5.416 0.308 1.9,0.68 0.671 1.92
28.47 6.08 23.0:0.711 0.232 2.111
6.52 19.42 17.0:1.783 0.268 1.572
26.85 25.82 6.0:0.449 0.322 1.148
21.48 10.3 21.0:1.187 0.401 1.886
29.08 2.62 18.0:0.79 0.212 1.017,4.015 0.684 3.819
22.54 18.26 14.0:0.233 1.516 2.202
4.46 7.85 7.0:1.149 1.164 2.002
21.61 23.16 4.0:5.845 0.247 3.081,0.999 0.853 1.444
6.82 21.1 13.0:0.868 1.23 2.251
6.48 2.46 25.0:1.332 1.072 1.566
26.7 3.44 27.0:5.081 1.324 1.029
7.03 28.12 1.0:5.434 0.194 1.111,1.481 0.385 1.283
20.3 3.86 2.0:0.617 1.077 1.482
17.02 12.33 17.0:1.313 0.319 1.407,3.244 1.376 1.148
0.2 24.8 3.0:4.956 1.213 1.646
13.97 18.49 4.0:2.968 0.952 1.036
1.88 3.33 13.0:5.557 1.182 2.368
14.25 23.83 1.0:5.171 0.204 4.738
27.22 11.98 16.0:5.217 1.115 3.743
22.05 7.74 10.0:4.461 0.237 1.222,1.103 0.816 1.321
3.08 21.03 13.0:0.816 1.243 3.308
12.66 26.02 3.0:4.348 1.854 1.046,1.136 0.932 1.736
3.69 14.33 21.0:3.498 0.616 1.887
26.93 13.06 24.0:1.565 1.919 1.66
1.57 19.84 19.0:4.3 0.934 2.008
19.01 14.36 13.0:2.233 0.35 1.441,4.094 0.589 2.418
14.24 18.8 19.0:2.605 0.303 6.08
20.49 13.59 8.0:1.972 1.351 3.016,6.008 0.202 1.78
3.3 17.86 1.0:5.332 0.579 2.141
28.72 20.92 29.0:2.835 0.204 1.015
7.49 6.59 24.0:0.643 1.908 1.691
12.19 16.11 1.0:6.188 0.6 2.305
17.52 0.97 10.0:4.568 1.369 3.935
10.35 6.18 11.0:0.712 0.547 1.389
13.61 21.12 17.0:4.784 1.949 3.831
0.26 14.37 13.0:3.346 1.097 3.656
12.58 26.64 16.0:2.198 0.139 1.477,4.598 1.19 2.529
21.57 24.07 2.0:3.351 0.21 1.587
14.5 0.3 22.0:4.48 0.921 3.909
25.6 22.91 2.0:0.974 0.856 3.663
10.92 4.13 8.0:4.602 0.452 1.069
26.65 20.04 28.0:6.128 1.768 1.45
18.63 4.3 24.0:4.271 0.87 3.656
7.29 16.28 12.0:6.267 0.215 1.535
4.34 9.51 5.0:4.191 0.5 1.294