100, 1
18.190 6.320 0
2.380 18.260 0
15.52 28.03 7.0:4.847 1.423 1.178
9.0 28.01 5.0:5.595 0.536 1.167
16.93 2.09 24.0:0.448 0.18 1.631
8.64 19.85 3.0:1.435 0.436 2.216
18.43 29.93 23.0:5.758 0.391 1.776
3.94 10.77 3.0:4.772 1.244 2.086
14.78 7.61 26.0:1.719 1.758 1.881
2.41 25.06 24.0:0.111 0.551 1.974
18.41 11.88 16.0:5.675 1.943 1.413
14.91 17.24 21.0:0.878 0.886 1.351
7.14 0.48 6.0:2.33 1.826 2.009
13.44 24.76 17.0:0.877 1.291 1.074
17.54 29.43 27.0:5.206 1.568 1.209
16.71 9.5 27.0:4.161 0.648 2.323,1.83 1.295 1.168
12.38 26.66 1.0:5.183 0.514 4.165,3.227 0.313 3.189
25.69 6.34 6.0:4.004 0.388 4.857,1.718 0.775 2.403
11.62 24.0 27.0:0.436 0.472 1.157
10.24 3.02 23.0:5.633 1.507 2.773
3.54 26.16 18.0:5.278 1.382 2.212
17.86 19.36 13.0:1.251 0.204 1.311,5.829 0.132 1.118
3.77 7.84 1.0:3.947 1.809 2.966,0.305 0.225 1.248,1.162 0.144 2.892
14.2 19.64 13.0:4.048 1.046 1.207
15.88 5.54 21.0:4.328 0.143 2.574,1.559 1.044 2.002
1.32 19.32 23.0:2.726 1.317 2.175,4.891 0.48 1.646
20.5 25.33 16.0:3.976 1.181 1.28,1.071 1.002 1.194
16.76 19.84 8.0:3.574 0.33 3.048,5.762 0.196 2.222
27.5 17.66 24.0:3.963 0.131 1.94
19.41 20.67 15.0:5.007 0.274 1.165,3.306 1.143 1.579
20.49 14.03 24.0:3.301 0.836 1.463
20.9 7.67 8.0:0.784 0.171 1.833,4.463 1.437 1.681
2.75 25.4 5.0:2.286 0.314 1.5,1.698 0.214 1.598
16.1 19.74 3.0:3.291 0.943 1.813
0.43 1.12 9.0:1.974 1.48 1.857,4.386 0.129 1.115
13.57 9.41 11.0:0.163 0.96 1.111
0.3 9.16 7.0:5.645 0.173 1.319,2.635 1.488 1.532
0.45 23.35 10.0:2.591 0.564 1.869
22.69 23.13 13.0:5.6 1.848 1.797
19.12 20.2 13.0:3.97 1.882 1.456
7.0 21.44 8.0:4.92 1.563 1.272
28.88 0.86 24.0:2.737 0.415 1.251,5.355 0.313 2.257
19.6 2.11 14.0:3.569 0.128 1.844
22.78 15.42 27.0:0.768 1.881 1.783
13.51 8.05 1.0:0.288 0.412 2.632
0.51 11.06 5.0:3.989 1.647 3.342
4.31 23.12 20.0:4.609 0.998 1.354,2.357 0.476 1.744
19.68 25.62 5.0:3.299 1.313 1.434
16.32 3.73 3.0:1.129 0.958 1.966
7.14 25.9 13.0:4.424 1.104 1.935
1.04 13.47 6.0:0.706 1.28 1.374
17.46 2.56 28.0:4.471 0.544 1.12,2.019 0.811 2.855
23.49 17.75 5.0:2.633 0.649 1.865
11.96 15.15 17.0:3.78 0.502 2.152,1.624 1.021 1.117
22.85 14.85 2.0:1.934 1.939 2.578
28.47 6.08 23.0:2.78 1.043 2.181
6.52 19.42 17.0:2.987 1.902 2.064
26.85 25.82 6.0:0.455 1.784 1.231
21.48 10.3 21.0:0.325 0.866 3.924
29.08 2.62 18.0:2.505 0.533 1.168,1.028 0.507 2.423
22.54 18.26 14.0:3.807 0.277 1.616,0.753 0.289 4.143
4.46 7.85 7.0:0.849 1.556 2.6
21.61 23.16 4.0:5.154 0.96 2.64,1.057 0.642 5.43,2.49 0.238 1.263
6.82 21.1 13.0:5.414 1.087 2.187
6.48 2.46 25.0:4.259 0.343 1.185
26.7 3.44 27.0:0.538 0.261 1.216,3.719 0.965 1.498
7.03 28.12 1.0:0.192 0.836 1.924
20.3 3.86 2.0:1.344 1.963 3.072
17.02 12.33 17.0:2.088 0.131 5.539
0.2 24.8 3.0:0.471 1.823 1.797
13.97 18.49 4.0:3.765 0.129 1.119
1.88 3.33 13.0:2.303 0.723 5.127,3.942 0.729 3.816
14.25 23.83 1.0:1.552 1.43 2.517,4.058 0.921 1.812
27.22 11.98 16.0:2.77 1.168 1.454
22.05 7.74 10.0:1.353 1.282 1.154
3.08 21.03 13.0:4.639 0.299 2.999,0.489 0.236 3.067,1.484 0.562 1.268
12.66 26.02 3.0:5.235 0.602 3.34
3.69 14.33 21.0:3.26 0.903 2.774
26.93 13.06 24.0:4.518 1.378 5.886
1.57 19.84 19.0:1.3 0.884 1.199,4.126 0.168 3.598
19.01 14.36 13.0:1.842 1.171 3.145
14.24 18.8 19.0:2.427 0.377 1.445,4.363 0.336 2.194
20.49 13.59 8.0:4.851 0.294 1.133,2.975 1.186 1.319
3.3 17.86 1.0:2.459 1.597 1.253
28.72 20.92 29.0:1.452 0.989 1.652,5.322 0.248 1.636
7.49 6.59 24.0:0.158 1.812 1.153
12.19 16.11 1.0:4.781 0.147 1.991
17.52 0.97 10.0:3.968 1.137 2.345
10.35 6.18 11.0:4.853 1.815 1.172
13.61 21.12 17.0:1.093 0.521 3.818
0.26 14.37 13.0:0.602 1.79 1.365
12.58 26.64 16.0:4.735 1.105 1.23,2.478 0.498 2.13
21.57 24.07 2.0:1.297 0.395 3.034,4.653 0.182 2.956
14.5 0.3 22.0:4.635 0.257 1.821
25.6 22.91 2.0:3.85 0.991 1.772
10.92 4.13 8.0:0.502 0.789 1.177
26.65 20.04 28.0:5.015 0.884 2.829,0.622 0.352 1.114
18.63 4.3 24.0:3.511 0.402 1.118
7.29 16.28 12.0:0.487 0.574 1.144
4.34 9.51 5.0:3.521 1.946 1.593