100 1
18.190 6.320 0
2.380 18.260 0
15.52 28.03 7.0:0.338 0.287 1.917,1.701 0.215 1.355
9.0 28.01 5.0:3.891 1.31 1.048
16.93 2.09 24.0:0.634 1.296 1.724
8.64 19.85 3.0:3.054 0.395 2.265
18.43 29.93 23.0:3.139 1.631 2.115
3.94 10.77 3.0:1.708 1.646 1.419
14.78 7.61 26.0:3.719 0.404 1.578
2.41 25.06 24.0:3.123 1.04 1.617
18.41 11.88 16.0:2.648 1.021 1.42
14.91 17.24 21.0:1.567 0.148 4.785
7.14 0.48 6.0:4.546 0.36 3.924
13.44 24.76 17.0:1.161 1.707 4.879
17.54 29.43 27.0:4.87 1.642 1.292
16.71 9.5 27.0:0.435 1.541 1.241
12.38 26.66 1.0:4.85 1.136 2.049
25.69 6.34 6.0:1.994 0.462 1.088,4.214 1.515 1.407
11.62 24.0 27.0:2.387 0.288 1.729
10.24 3.02 23.0:5.187 0.601 3.368,2.515 0.487 1.326
3.54 26.16 18.0:5.407 0.918 1.12
17.86 19.36 13.0:4.384 0.227 1.044,2.006 0.247 1.189
3.77 7.84 1.0:1.272 0.152 1.133,5.435 0.408 2.451
14.2 19.64 13.0:0.569 1.695 1.316
15.88 5.54 21.0:0.489 0.475 1.502
1.32 19.32 23.0:5.33 1.774 3.657
20.5 25.33 16.0:0.852 1.565 2.855
16.76 19.84 8.0:2.539 1.139 3.052
27.5 17.66 24.0:5.243 1.694 1.37
19.41 20.67 15.0:4.474 0.788 2.305,1.663 0.358 1.825
20.49 14.03 24.0:1.149 0.5 1.224
20.9 7.67 8.0:2.136 0.237 5.102,5.404 0.607 1.281
2.75 25.4 5.0:3.427 0.246 1.286
16.1 19.74 3.0:0.445 1.646 5.516
0.43 1.12 9.0:1.928 0.448 2.944,5.503 0.305 2.304
13.57 9.41 11.0:3.97 0.146 1.627,3.022 0.359 1.569
0.3 9.16 7.0:6.062 0.44 1.075
0.45 23.35 10.0:3.313 0.999 1.373
22.69 23.13 13.0:0.681 0.988 2.53
19.12 20.2 13.0:1.458 0.468 2.72
7.0 21.44 8.0:5.522 1.03 2.074
28.88 0.86 24.0:3.888 0.153 2.384
19.6 2.11 14.0:5.385 1.021 1.613
22.78 15.42 27.0:5.507 0.299 2.862,2.421 1.676 3.548
13.51 8.05 1.0:5.718 1.19 2.509
0.51 11.06 5.0:4.364 1.806 1.366
4.31 23.12 20.0:2.854 0.559 1.003
19.68 25.62 5.0:1.262 0.15 1.637
16.32 3.73 3.0:5.966 1.392 1.706
7.14 25.9 13.0:2.811 0.135 1.481
1.04 13.47 6.0:3.953 0.402 2.13,1.074 0.733 1.999
17.46 2.56 28.0:4.483 0.956 1.235
23.49 17.75 5.0:4.486 0.943 3.238
11.96 15.15 17.0:2.64 0.137 1.463
22.85 14.85 2.0:5.327 0.808 2.1
28.47 6.08 23.0:3.921 0.305 1.408
6.52 19.42 17.0:5.206 1.499 1.377
26.85 25.82 6.0:5.369 1.179 3.011
21.48 10.3 21.0:3.598 1.421 2.655
29.08 2.62 18.0:1.447 1.414 2.83,4.255 0.885 1.394
22.54 18.26 14.0:5.632 1.824 2.394
4.46 7.85 7.0:1.441 0.641 2.341,4.658 0.546 2.134
21.61 23.16 4.0:2.257 0.678 3.385
6.82 21.1 13.0:2.232 0.518 4.495,5.605 0.314 1.401
6.48 2.46 25.0:3.36 1.902 2.624
26.7 3.44 27.0:5.684 0.398 1.644,2.889 0.406 1.243
7.03 28.12 1.0:5.23 0.546 2.512
20.3 3.86 2.0:5.881 1.246 1.012
17.02 12.33 17.0:0.533 1.818 2.868
0.2 24.8 3.0:6.042 0.758 1.331
13.97 18.49 4.0:5.134 0.155 1.19,4.306 0.336 1.892
1.88 3.33 13.0:4.234 0.924 1.108
14.25 23.83 1.0:5.707 0.871 1.381
27.22 11.98 16.0:2.616 0.599 1.282,0.772 0.24 1.61
22.05 7.74 10.0:2.587 0.645 1.036,1.031 0.583 3.12
3.08 21.03 13.0:2.097 0.61 1.163
12.66 26.02 3.0:0.481 0.21 1.431,5.863 0.253 2.645,3.682 1.836 4.01
3.69 14.33 21.0:4.0 0.807 4.987
26.93 13.06 24.0:6.187 0.244 3.319
1.57 19.84 19.0:0.473 0.29 1.707,2.29 0.191 2.503
19.01 14.36 13.0:0.871 1.766 3.794
14.24 18.8 19.0:0.48 1.904 1.494
20.49 13.59 8.0:2.966 0.837 1.634,4.906 0.295 1.299
3.3 17.86 1.0:2.188 1.416 1.993
28.72 20.92 29.0:4.842 0.548 1.638
7.49 6.59 24.0:3.96 0.405 2.208
12.19 16.11 1.0:5.228 0.635 1.168
17.52 0.97 10.0:2.112 0.413 1.558,4.37 0.185 2.362
10.35 6.18 11.0:1.721 1.574 1.279
13.61 21.12 17.0:3.464 0.956 1.314
0.26 14.37 13.0:5.311 0.918 2.276
12.58 26.64 16.0:3.333 0.828 1.076
21.57 24.07 2.0:3.932 1.658 5.825
14.5 0.3 22.0:5.361 1.069 1.336
25.6 22.91 2.0:3.697 0.465 2.422,1.939 0.575 4.116
10.92 4.13 8.0:3.39 1.303 1.681
26.65 20.04 28.0:3.372 0.372 2.211,0.469 0.319 2.782
18.63 4.3 24.0:0.375 1.184 1.802
7.29 16.28 12.0:0.867 0.354 2.959,3.359 1.247 1.235
4.34 9.51 5.0:0.855 0.916 3.411