100, 1
18.190 6.320 0
2.380 18.260 0
15.52 28.03 7.0:6.247 1.973 1.035
9.0 28.01 5.0:1.107 0.211 1.073
16.93 2.09 24.0:2.786 1.962 1.69
8.64 19.85 3.0:6.151 0.51 1.742
18.43 29.93 23.0:2.797 0.519 1.833
3.94 10.77 3.0:3.013 0.27 2.023,1.284 0.253 1.507
14.78 7.61 26.0:3.164 0.765 1.227
2.41 25.06 24.0:0.567 1.357 1.594
18.41 11.88 16.0:0.443 1.287 1.04
14.91 17.24 21.0:1.018 1.491 1.059
7.14 0.48 6.0:3.885 0.603 2.2
13.44 24.76 17.0:0.628 1.412 2.685
17.54 29.43 27.0:5.825 1.943 1.054
16.71 9.5 27.0:0.052 0.765 1.124
12.38 26.66 1.0:5.532 0.728 9.324,3.366 0.209 2.569
25.69 6.34 6.0:3.347 0.893 1.411,4.864 0.264 1.331
11.62 24.0 27.0:5.725 1.424 2.461
10.24 3.02 23.0:4.578 0.808 1.9
3.54 26.16 18.0:2.822 0.249 1.473
17.86 19.36 13.0:0.944 0.876 2.983,4.296 0.683 2.177
3.77 7.84 1.0:5.841 0.984 2.72
14.2 19.64 13.0:0.118 0.435 1.421
15.88 5.54 21.0:0.75 0.422 3.689,4.245 1.103 1.896
1.32 19.32 23.0:2.324 1.156 2.458
20.5 25.33 16.0:4.474 0.203 1.312,2.818 0.217 2.853
16.76 19.84 8.0:4.216 0.648 1.185,3.114 0.222 1.641
27.5 17.66 24.0:0.308 1.287 1.444
19.41 20.67 15.0:0.291 1.467 1.963
20.49 14.03 24.0:5.213 0.318 1.375,2.716 0.311 2.658
20.9 7.67 8.0:2.631 1.057 2.005
2.75 25.4 5.0:0.283 0.519 1.274
16.1 19.74 3.0:5.327 0.758 3.008,2.593 0.519 1.505
0.43 1.12 9.0:5.411 1.848 1.338
13.57 9.41 11.0:3.944 0.355 1.083,0.207 0.126 1.149
0.3 9.16 7.0:0.56 1.906 1.879
0.45 23.35 10.0:4.055 1.705 2.215
22.69 23.13 13.0:5.274 0.652 1.729
19.12 20.2 13.0:2.834 1.352 1.112,4.998 0.585 2.138
7.0 21.44 8.0:1.684 0.578 1.737
28.88 0.86 24.0:2.266 0.878 1.289
19.6 2.11 14.0:3.519 0.313 4.647,5.583 0.173 1.299
22.78 15.42 27.0:3.779 1.057 1.785
13.51 8.05 1.0:1.885 1.2 1.472
0.51 11.06 5.0:0.179 0.306 3.782
4.31 23.12 20.0:3.201 1.953 3.276
19.68 25.62 5.0:1.813 1.189 1.092
16.32 3.73 3.0:5.62 1.267 1.486
7.14 25.9 13.0:4.533 1.989 1.836
1.04 13.47 6.0:3.513 1.478 1.268
17.46 2.56 28.0:2.146 0.133 3.284
23.49 17.75 5.0:2.338 0.205 1.056,3.897 0.827 1.379
11.96 15.15 17.0:4.134 1.25 1.649,1.387 0.662 3.218
22.85 14.85 2.0:0.902 1.246 2.579
28.47 6.08 23.0:2.065 1.546 1.119,4.793 0.138 1.979,3.952 0.205 1.144
6.52 19.42 17.0:0.227 1.862 2.612
26.85 25.82 6.0:4.729 1.771 1.351
21.48 10.3 21.0:1.444 0.507 4.554
29.08 2.62 18.0:1.723 0.313 1.98
22.54 18.26 14.0:0.151 0.254 1.488
4.46 7.85 7.0:0.259 0.317 1.59
21.61 23.16 4.0:1.865 1.706 1.461
6.82 21.1 13.0:0.936 1.165 1.953
6.48 2.46 25.0:3.791 0.329 1.084
26.7 3.44 27.0:3.256 0.292 1.358
7.03 28.12 1.0:0.368 1.254 1.084
20.3 3.86 2.0:5.779 0.669 1.014
17.02 12.33 17.0:3.513 0.405 1.025,2.79 0.126 3.79
0.2 24.8 3.0:1.311 1.081 2.508,5.296 0.645 1.431
13.97 18.49 4.0:5.663 0.216 1.271
1.88 3.33 13.0:1.566 0.557 2.375,4.704 1.356 2.055
14.25 23.83 1.0:1.972 0.928 1.37
27.22 11.98 16.0:0.871 1.556 2.059
22.05 7.74 10.0:0.169 1.437 2.347
3.08 21.03 13.0:5.196 0.695 1.436
12.66 26.02 3.0:5.914 1.661 2.107
3.69 14.33 21.0:0.612 0.53 2.675
26.93 13.06 24.0:5.236 0.574 1.276
1.57 19.84 19.0:6.173 0.39 1.598
19.01 14.36 13.0:0.559 1.654 3.706
14.24 18.8 19.0:2.812 1.9 1.138
20.49 13.59 8.0:0.181 0.985 2.853
3.3 17.86 1.0:1.16 1.662 2.324
28.72 20.92 29.0:6.164 0.306 1.536
7.49 6.59 24.0:4.55 1.349 1.723
12.19 16.11 1.0:2.039 1.541 1.155
17.52 0.97 10.0:0.842 0.336 2.061
10.35 6.18 11.0:1.656 1.242 2.779
13.61 21.12 17.0:0.147 0.908 1.336
0.26 14.37 13.0:6.177 0.775 1.193
12.58 26.64 16.0:5.391 0.152 1.37,4.377 0.415 3.608
21.57 24.07 2.0:1.545 1.48 1.126
14.5 0.3 22.0:1.96 1.218 2.301,4.073 0.574 1.986
25.6 22.91 2.0:0.718 0.355 5.386,3.641 0.262 1.064
10.92 4.13 8.0:6.254 1.121 2.01
26.65 20.04 28.0:3.131 1.228 1.844
18.63 4.3 24.0:0.015 1.867 1.091
7.29 16.28 12.0:3.776 0.149 1.282
4.34 9.51 5.0:0.562 0.417 1.573