100, 1
18.190 6.320 0
2.380 18.260 0
15.52 28.03 7.0:4.211 1.318 1.757
9.0 28.01 5.0:4.21 0.252 2.922,0.335 0.305 1.329
16.93 2.09 24.0:3.472 1.128 1.285,5.471 0.626 1.688
8.64 19.85 3.0:2.391 1.088 2.591
18.43 29.93 23.0:6.041 0.953 2.876
3.94 10.77 3.0:3.202 1.739 1.733
14.78 7.61 26.0:2.655 0.405 1.23,3.27 0.197 1.155
2.41 25.06 24.0:2.761 1.22 1.454,4.288 0.208 1.021
18.41 11.88 16.0:2.32 1.108 1.998
14.91 17.24 21.0:5.686 1.843 2.094
7.14 0.48 6.0:2.798 0.374 2.589
13.44 24.76 17.0:6.23 1.409 3.699
17.54 29.43 27.0:4.665 1.293 1.3,1.725 0.526 2.787
16.71 9.5 27.0:4.941 1.492 1.88
12.38 26.66 1.0:1.748 1.613 2.846
25.69 6.34 6.0:1.279 1.995 2.145
11.62 24.0 27.0:0.133 0.514 5.607
10.24 3.02 23.0:0.68 1.888 1.768
3.54 26.16 18.0:0.376 1.801 1.054
17.86 19.36 13.0:3.699 0.259 2.481,5.434 0.27 1.454
3.77 7.84 1.0:4.98 1.899 4.495
14.2 19.64 13.0:3.492 1.229 1.157,1.001 0.426 1.052
15.88 5.54 21.0:1.249 1.366 3.102
1.32 19.32 23.0:4.052 0.296 1.095
20.5 25.33 16.0:2.767 1.273 1.459
16.76 19.84 8.0:2.599 1.644 1.294
27.5 17.66 24.0:1.188 0.324 1.748
19.41 20.67 15.0:5.65 1.301 1.301
20.49 14.03 24.0:3.312 0.831 1.781
20.9 7.67 8.0:1.407 0.712 3.486
2.75 25.4 5.0:1.045 1.524 3.607
16.1 19.74 3.0:3.212 0.974 1.511
0.43 1.12 9.0:1.758 1.707 1.064,4.177 0.138 3.694
13.57 9.41 11.0:2.902 0.371 1.235
0.3 9.16 7.0:1.418 0.288 3.387
0.45 23.35 10.0:1.73 1.295 1.155
22.69 23.13 13.0:3.003 1.338 1.342
19.12 20.2 13.0:0.782 1.627 2.488
7.0 21.44 8.0:2.99 0.708 3.076
28.88 0.86 24.0:1.057 1.124 1.075
19.6 2.11 14.0:1.55 0.417 1.161
22.78 15.42 27.0:4.466 0.338 5.033
13.51 8.05 1.0:0.223 0.252 1.091
0.51 11.06 5.0:1.572 0.313 2.842
4.31 23.12 20.0:0.986 1.717 1.912
19.68 25.62 5.0:1.743 1.396 1.146
16.32 3.73 3.0:1.29 0.883 1.104
7.14 25.9 13.0:2.678 1.02 1.699
1.04 13.47 6.0:3.927 1.364 1.024,2.179 0.271 1.744
17.46 2.56 28.0:2.403 1.564 1.171
23.49 17.75 5.0:2.352 0.138 2.621
11.96 15.15 17.0:3.436 0.308 1.087
22.85 14.85 2.0:2.54 0.946 1.212
28.47 6.08 23.0:1.435 0.284 1.437
6.52 19.42 17.0:4.819 0.575 1.337
26.85 25.82 6.0:3.125 1.233 1.173
21.48 10.3 21.0:2.108 1.618 1.047
29.08 2.62 18.0:3.112 1.287 1.911
22.54 18.26 14.0:5.11 0.436 1.2
4.46 7.85 7.0:5.977 1.886 2.557
21.61 23.16 4.0:1.409 0.538 1.378
6.82 21.1 13.0:1.939 0.179 2.585
6.48 2.46 25.0:0.554 0.147 1.898,2.991 0.626 1.773
26.7 3.44 27.0:2.161 0.219 1.932
7.03 28.12 1.0:0.857 1.202 1.491
20.3 3.86 2.0:4.375 0.595 1.711
17.02 12.33 17.0:0.465 0.203 1.878
0.2 24.8 3.0:3.075 1.127 1.616
13.97 18.49 4.0:2.988 0.326 1.066,3.662 0.212 2.443
1.88 3.33 13.0:1.857 0.689 1.464
14.25 23.83 1.0:3.902 0.725 1.596
27.22 11.98 16.0:0.263 0.227 1.846,4.47 0.167 3.884
22.05 7.74 10.0:2.236 0.739 1.246
3.08 21.03 13.0:0.773 0.355 1.885
12.66 26.02 3.0:1.133 0.19 1.806
3.69 14.33 21.0:2.94 0.645 1.077,5.69 0.332 1.46
26.93 13.06 24.0:4.997 1.781 1.749
1.57 19.84 19.0:0.942 1.931 1.564
19.01 14.36 13.0:3.867 1.703 2.47
14.24 18.8 19.0:5.125 0.439 1.113,0.996 0.562 2.575,3.435 0.983 1.039
20.49 13.59 8.0:3.952 1.932 2.012
3.3 17.86 1.0:3.325 1.169 1.12
28.72 20.92 29.0:6.225 0.733 1.146
7.49 6.59 24.0:3.785 0.667 1.153
12.19 16.11 1.0:4.644 0.323 1.235,0.947 0.317 1.031
17.52 0.97 10.0:2.949 0.234 1.795
10.35 6.18 11.0:0.499 0.246 1.531,4.129 0.303 1.04,1.506 0.624 2.437
13.61 21.12 17.0:6.235 1.79 1.165
0.26 14.37 13.0:4.562 1.031 2.78
12.58 26.64 16.0:3.886 0.401 1.151
21.57 24.07 2.0:0.633 1.718 2.868
14.5 0.3 22.0:1.553 0.907 1.921
25.6 22.91 2.0:2.688 0.684 1.622
10.92 4.13 8.0:1.42 1.333 1.647
26.65 20.04 28.0:5.514 0.626 2.358
18.63 4.3 24.0:0.396 1.628 1.668
7.29 16.28 12.0:1.694 1.409 3.414
4.34 9.51 5.0:0.649 0.485 2.059,3.766 1.438 2.643