100, 1
18.190 6.320 0
2.380 18.260 0
15.52 28.03 7.0:0.666 1.228 3.794
9.0 28.01 5.0:0.461 0.448 1.05,3.14 0.165 1.163,4.829 0.171 5.589
16.93 2.09 24.0:4.999 1.466 1.017
8.64 19.85 3.0:1.795 1.057 1.022,4.171 0.444 1.28,5.922 0.303 1.37
18.43 29.93 23.0:2.343 1.645 2.484
3.94 10.77 3.0:0.321 0.195 1.334
14.78 7.61 26.0:5.651 1.49 1.73
2.41 25.06 24.0:1.344 0.857 1.164
18.41 11.88 16.0:3.28 0.216 1.109
14.91 17.24 21.0:0.543 0.419 1.011
7.14 0.48 6.0:4.035 0.398 1.844,5.131 0.176 3.689,1.426 0.223 3.545
13.44 24.76 17.0:5.867 0.504 1.15
17.54 29.43 27.0:2.578 0.203 1.41,4.152 0.128 1.597
16.71 9.5 27.0:2.5 1.23 3.64
12.38 26.66 1.0:1.841 0.45 2.006,4.866 0.143 1.003
25.69 6.34 6.0:2.404 0.711 1.582
11.62 24.0 27.0:1.124 1.19 1.354
10.24 3.02 23.0:1.228 0.868 1.439
3.54 26.16 18.0:4.229 0.738 1.579
17.86 19.36 13.0:1.301 0.283 1.05
3.77 7.84 1.0:5.185 1.76 1.766
14.2 19.64 13.0:3.957 1.139 1.706
15.88 5.54 21.0:4.062 0.567 2.297
1.32 19.32 23.0:5.585 0.424 1.688
20.5 25.33 16.0:0.747 0.431 2.023,5.052 0.336 1.163
16.76 19.84 8.0:4.821 1.898 1.716
27.5 17.66 24.0:0.484 0.858 1.032
19.41 20.67 15.0:3.654 0.666 2.531,1.658 0.201 1.144
20.49 14.03 24.0:0.406 0.196 2.111,1.966 0.898 1.529
20.9 7.67 8.0:4.189 0.134 1.112
2.75 25.4 5.0:5.985 0.22 2.896,2.953 1.801 1.547
16.1 19.74 3.0:5.976 1.099 1.959
0.43 1.12 9.0:2.404 0.315 1.812,4.048 0.73 1.943
13.57 9.41 11.0:1.24 0.21 1.356
0.3 9.16 7.0:2.265 1.055 2.416
0.45 23.35 10.0:1.028 1.793 1.319
22.69 23.13 13.0:3.857 0.361 5.086,5.558 0.56 1.643
19.12 20.2 13.0:1.83 0.594 2.728
7.0 21.44 8.0:3.314 0.453 1.639
28.88 0.86 24.0:5.501 1.332 2.195
19.6 2.11 14.0:1.223 1.891 1.792
22.78 15.42 27.0:3.88 0.945 1.448
13.51 8.05 1.0:4.616 1.392 1.763,2.031 0.371 2.8
0.51 11.06 5.0:5.027 1.026 1.285,3.522 0.181 1.906
4.31 23.12 20.0:4.988 0.508 1.39
19.68 25.62 5.0:2.304 0.785 2.393
16.32 3.73 3.0:3.935 0.375 1.34
7.14 25.9 13.0:1.139 0.186 3.462,3.16 1.055 1.179
1.04 13.47 6.0:5.782 0.805 2.744
17.46 2.56 28.0:4.89 0.216 2.113
23.49 17.75 5.0:4.548 0.201 1.89,2.136 1.898 1.948
11.96 15.15 17.0:0.27 0.255 2.297,2.697 0.718 2.678
22.85 14.85 2.0:3.832 0.138 1.595
28.47 6.08 23.0:3.731 0.404 1.135
6.52 19.42 17.0:0.304 1.03 1.143
26.85 25.82 6.0:5.978 0.619 3.181
21.48 10.3 21.0:5.507 1.257 1.408
29.08 2.62 18.0:1.204 0.319 1.884,4.244 1.611 1.503
22.54 18.26 14.0:5.874 0.445 1.464
4.46 7.85 7.0:3.806 1.157 2.824
21.61 23.16 4.0:1.899 1.7 2.049
6.82 21.1 13.0:6.168 0.341 1.662
6.48 2.46 25.0:6.279 0.406 1.163
26.7 3.44 27.0:2.187 1.036 1.809,0.561 0.553 2.464
7.03 28.12 1.0:3.013 1.153 2.559
20.3 3.86 2.0:1.794 0.72 1.437
17.02 12.33 17.0:0.069 1.618 3.959
0.2 24.8 3.0:3.972 0.727 2.308
13.97 18.49 4.0:4.653 1.11 2.229
1.88 3.33 13.0:3.476 1.375 3.609,5.966 0.268 2.153
14.25 23.83 1.0:3.28 1.612 1.254
27.22 11.98 16.0:3.494 0.589 1.928,0.64 0.571 1.044
22.05 7.74 10.0:4.553 0.297 1.461
3.08 21.03 13.0:2.859 0.35 1.221
12.66 26.02 3.0:4.092 1.953 1.865
3.69 14.33 21.0:1.922 0.937 1.304,4.748 0.608 1.313
26.93 13.06 24.0:5.71 0.162 1.604,1.221 0.689 1.835
1.57 19.84 19.0:2.365 0.175 3.057,1.012 0.207 1.1
19.01 14.36 13.0:1.326 0.45 3.366,4.849 1.144 1.128
14.24 18.8 19.0:6.24 1.737 1.476
20.49 13.59 8.0:2.06 0.922 1.291
3.3 17.86 1.0:4.62 0.366 1.051
28.72 20.92 29.0:0.316 1.49 1.921
7.49 6.59 24.0:4.972 1.433 1.199
12.19 16.11 1.0:3.002 1.535 1.541,4.918 0.34 2.746
17.52 0.97 10.0:3.794 0.194 2.363
10.35 6.18 11.0:0.434 0.585 1.339
13.61 21.12 17.0:2.355 1.622 2.237
0.26 14.37 13.0:4.534 0.252 1.027,5.129 0.283 1.096
12.58 26.64 16.0:3.134 0.444 5.34
21.57 24.07 2.0:5.869 0.86 1.514
14.5 0.3 22.0:2.439 0.549 1.519
25.6 22.91 2.0:1.059 1.286 1.108
10.92 4.13 8.0:6.113 0.191 4.127
26.65 20.04 28.0:1.609 0.704 1.926,4.064 1.345 3.294
18.63 4.3 24.0:0.532 0.66 2.628
7.29 16.28 12.0:0.515 0.565 1.937
4.34 9.51 5.0:1.555 1.505 9.892