100 1
18.190 6.320 0
2.380 18.260 0
15.52 28.03 7.0:0.605 1.533 2.172
9.0 28.01 5.0:3.402 1.985 2.443
16.93 2.09 24.0:0.242 1.253 1.131
8.64 19.85 3.0:1.557 0.463 1.449
18.43 29.93 23.0:3.057 0.798 1.887
3.94 10.77 3.0:4.284 1.848 1.041
14.78 7.61 26.0:6.13 0.686 2.22
2.41 25.06 24.0:6.002 1.472 4.94
18.41 11.88 16.0:4.966 0.267 1.924
14.91 17.24 21.0:3.28 0.394 1.925
7.14 0.48 6.0:3.76 1.508 1.857,1.669 0.562 2.308
13.44 24.76 17.0:2.364 0.664 1.16
17.54 29.43 27.0:3.996 0.578 1.227,1.872 0.825 3.739
16.71 9.5 27.0:2.036 1.286 1.564
12.38 26.66 1.0:2.488 0.152 1.562
25.69 6.34 6.0:1.446 0.273 1.613
11.62 24.0 27.0:1.11 0.65 2.874
10.24 3.02 23.0:2.803 1.984 2.822
3.54 26.16 18.0:0.693 0.33 1.185,2.26 0.57 1.523
17.86 19.36 13.0:6.076 0.508 1.804
3.77 7.84 1.0:3.603 1.338 2.868
14.2 19.64 13.0:4.837 1.404 2.522
15.88 5.54 21.0:4.375 1.264 3.964
1.32 19.32 23.0:3.02 1.365 1.891,0.687 0.384 2.241
20.5 25.33 16.0:1.626 0.491 1.67,5.571 0.13 2.225
16.76 19.84 8.0:2.567 1.368 1.008
27.5 17.66 24.0:4.493 0.799 1.142
19.41 20.67 15.0:4.411 1.415 2.57
20.49 14.03 24.0:3.8 1.964 1.27
20.9 7.67 8.0:2.015 1.016 1.79,5.985 0.242 1.648
2.75 25.4 5.0:1.923 0.684 1.056
16.1 19.74 3.0:3.481 0.79 1.429
0.43 1.12 9.0:3.465 0.386 1.387,5.179 1.011 3.096
13.57 9.41 11.0:4.626 0.374 1.625,6.001 0.169 1.627
0.3 9.16 7.0:5.388 0.333 1.35
0.45 23.35 10.0:2.636 0.168 2.818
22.69 23.13 13.0:6.143 0.67 1.412
19.12 20.2 13.0:1.806 1.067 2.001
7.0 21.44 8.0:5.775 1.135 1.18
28.88 0.86 24.0:5.527 0.788 1.034
19.6 2.11 14.0:2.973 1.491 3.202
22.78 15.42 27.0:3.435 1.266 1.107
13.51 8.05 1.0:1.584 0.695 2.043
0.51 11.06 5.0:2.487 0.393 1.307
4.31 23.12 20.0:4.455 1.031 1.674
19.68 25.62 5.0:0.765 1.953 1.778
16.32 3.73 3.0:4.233 1.513 2.067
7.14 25.9 13.0:0.178 0.859 1.164
1.04 13.47 6.0:1.81 1.283 1.719,5.392 0.533 1.631
17.46 2.56 28.0:3.574 0.584 1.91,1.369 1.059 3.066
23.49 17.75 5.0:0.906 1.222 1.213
11.96 15.15 17.0:3.38 0.189 1.347
22.85 14.85 2.0:2.261 0.185 1.094
28.47 6.08 23.0:2.918 0.74 1.204
6.52 19.42 17.0:0.657 1.131 2.821
26.85 25.82 6.0:0.301 0.232 1.195,4.952 0.566 1.061
21.48 10.3 21.0:2.906 0.986 2.346,0.634 0.26 1.566
29.08 2.62 18.0:1.114 0.677 1.132
22.54 18.26 14.0:1.181 0.84 2.657,4.651 1.089 2.0
4.46 7.85 7.0:4.94 1.088 1.678
21.61 23.16 4.0:4.042 1.634 3.561
6.82 21.1 13.0:3.203 0.276 1.205
6.48 2.46 25.0:2.089 1.901 1.72,4.648 0.288 3.588
26.7 3.44 27.0:5.686 1.757 1.603
7.03 28.12 1.0:1.126 0.148 1.393,2.349 1.06 2.133
20.3 3.86 2.0:5.482 0.367 1.081,4.73 0.247 1.196
17.02 12.33 17.0:1.435 0.568 5.128
0.2 24.8 3.0:3.396 1.147 2.394
13.97 18.49 4.0:5.421 0.205 1.414,3.078 0.424 1.637
1.88 3.33 13.0:4.621 1.729 1.188
14.25 23.83 1.0:2.339 0.93 2.219
27.22 11.98 16.0:3.279 1.886 2.299
22.05 7.74 10.0:2.716 1.485 3.586
3.08 21.03 13.0:2.657 0.126 1.513,4.948 1.01 3.047
12.66 26.02 3.0:0.55 0.725 3.226
3.69 14.33 21.0:5.207 1.374 2.107
26.93 13.06 24.0:4.737 0.819 3.386
1.57 19.84 19.0:1.205 1.113 2.565
19.01 14.36 13.0:2.128 1.292 1.304
14.24 18.8 19.0:4.62 0.523 2.187,1.277 0.141 2.864,2.572 1.077 1.29
20.49 13.59 8.0:2.477 1.387 1.741,5.946 0.153 2.363
3.3 17.86 1.0:4.991 1.958 1.647
28.72 20.92 29.0:5.551 1.215 1.777
7.49 6.59 24.0:1.19 1.222 2.64
12.19 16.11 1.0:3.731 0.657 1.292
17.52 0.97 10.0:0.743 0.245 2.244
10.35 6.18 11.0:0.684 0.221 1.205,2.612 0.128 1.754
13.61 21.12 17.0:1.998 1.849 1.081,4.803 0.325 1.145
0.26 14.37 13.0:5.762 0.394 1.171,1.669 0.21 1.223
12.58 26.64 16.0:5.925 0.16 1.232,2.289 1.058 1.709
21.57 24.07 2.0:5.141 1.959 1.165
14.5 0.3 22.0:4.935 0.903 2.699,2.008 0.941 1.701
25.6 22.91 2.0:2.089 0.717 2.346
10.92 4.13 8.0:2.826 0.554 1.478
26.65 20.04 28.0:4.321 0.94 1.099
18.63 4.3 24.0:1.527 1.922 1.415
7.29 16.28 12.0:4.244 0.473 2.118,5.845 0.408 1.761
4.34 9.51 5.0:3.769 0.494 4.351