100 1
18.190 6.320 0
2.380 18.260 0
15.52 28.03 7.0:2.787 0.165 2.961
9.0 28.01 5.0:1.557 0.421 1.209,5.579 0.193 1.541
16.93 2.09 24.0:4.301 0.928 2.402
8.64 19.85 3.0:5.267 0.748 3.8
18.43 29.93 23.0:6.057 0.685 1.555
3.94 10.77 3.0:2.66 0.449 1.309
14.78 7.61 26.0:4.822 0.5 1.422,2.744 0.916 1.925
2.41 25.06 24.0:1.497 0.127 1.218
18.41 11.88 16.0:3.582 0.36 1.731
14.91 17.24 21.0:1.164 0.136 3.368
7.14 0.48 6.0:4.857 0.596 1.973,1.38 0.156 1.911
13.44 24.76 17.0:1.853 1.185 1.395,3.674 0.192 1.053
17.54 29.43 27.0:4.356 0.317 1.353
16.71 9.5 27.0:2.261 0.879 1.154,4.02 0.862 2.222
12.38 26.66 1.0:5.807 0.13 6.654
25.69 6.34 6.0:4.193 0.952 1.187
11.62 24.0 27.0:5.357 1.191 1.598
10.24 3.02 23.0:2.914 0.758 1.089
3.54 26.16 18.0:0.78 1.945 1.856
17.86 19.36 13.0:3.877 1.105 1.156,0.42 0.196 3.632
3.77 7.84 1.0:6.224 1.257 1.92
14.2 19.64 13.0:6.051 1.054 2.642
15.88 5.54 21.0:2.525 0.784 1.58,4.23 0.612 1.193
1.32 19.32 23.0:2.456 1.059 4.465
20.5 25.33 16.0:0.598 0.544 1.215,3.883 0.289 2.139
16.76 19.84 8.0:6.016 0.332 1.38
27.5 17.66 24.0:1.028 1.32 2.611
19.41 20.67 15.0:0.49 0.753 1.442
20.49 14.03 24.0:1.77 0.261 1.072
20.9 7.67 8.0:3.971 1.196 1.639
2.75 25.4 5.0:5.665 1.883 1.446
16.1 19.74 3.0:5.968 0.503 1.648
0.43 1.12 9.0:1.545 0.173 1.452,3.979 0.589 2.179
13.57 9.41 11.0:4.446 0.126 1.072
0.3 9.16 7.0:3.002 1.864 1.412
0.45 23.35 10.0:2.031 0.416 1.786
22.69 23.13 13.0:1.424 0.143 1.054
19.12 20.2 13.0:3.682 1.313 1.43
7.0 21.44 8.0:2.736 0.256 1.276,4.985 0.888 1.308
28.88 0.86 24.0:3.223 1.82 2.311
19.6 2.11 14.0:4.599 1.752 2.796
22.78 15.42 27.0:0.669 0.443 1.095
13.51 8.05 1.0:5.93 1.549 1.581
0.51 11.06 5.0:3.878 0.201 1.122,4.456 0.144 1.035
4.31 23.12 20.0:2.043 1.519 1.094,4.005 0.392 1.845,6.045 0.154 1.741
19.68 25.62 5.0:1.585 0.606 3.89
16.32 3.73 3.0:2.35 0.248 1.356
7.14 25.9 13.0:3.744 1.173 2.458
1.04 13.47 6.0:4.319 0.352 3.078
17.46 2.56 28.0:3.89 0.443 1.764,0.704 0.453 2.568
23.49 17.75 5.0:3.432 1.798 1.526,0.339 0.168 1.733
11.96 15.15 17.0:4.806 0.673 1.904,2.107 1.264 3.161
22.85 14.85 2.0:2.422 1.034 4.342
28.47 6.08 23.0:3.325 0.172 1.126,4.548 0.455 4.634
6.52 19.42 17.0:3.997 0.977 1.902,1.705 0.69 1.26
26.85 25.82 6.0:5.885 0.738 1.454
21.48 10.3 21.0:2.125 0.412 1.872,3.934 1.104 1.367
29.08 2.62 18.0:1.027 0.653 2.974
22.54 18.26 14.0:3.172 1.422 3.618
4.46 7.85 7.0:4.759 1.187 1.023
21.61 23.16 4.0:2.151 1.534 1.892
6.82 21.1 13.0:0.929 1.515 4.501
6.48 2.46 25.0:3.371 0.748 1.456,1.15 0.975 2.343
26.7 3.44 27.0:4.701 1.982 2.028
7.03 28.12 1.0:4.54 0.295 1.545,2.163 0.41 2.143
20.3 3.86 2.0:2.095 0.972 1.636
17.02 12.33 17.0:3.709 0.813 2.079
0.2 24.8 3.0:3.517 0.554 4.66
13.97 18.49 4.0:1.536 0.624 1.675,0.484 0.161 3.065
1.88 3.33 13.0:4.893 1.02 1.147
14.25 23.83 1.0:2.201 0.629 1.782
27.22 11.98 16.0:1.168 0.132 1.61,2.705 0.677 1.251
22.05 7.74 10.0:0.203 0.844 3.474
3.08 21.03 13.0:5.975 0.2 1.357
12.66 26.02 3.0:5.266 0.171 2.3,2.171 0.239 3.792
3.69 14.33 21.0:1.819 1.63 3.576
26.93 13.06 24.0:5.314 0.501 1.094
1.57 19.84 19.0:6.204 0.986 1.108
19.01 14.36 13.0:5.452 0.652 1.098
14.24 18.8 19.0:1.803 0.601 2.218,5.644 0.456 1.16
20.49 13.59 8.0:1.835 1.286 6.819
3.3 17.86 1.0:5.549 0.741 1.883
28.72 20.92 29.0:5.103 1.375 2.418
7.49 6.59 24.0:3.053 1.079 1.753,1.227 0.3 1.065
12.19 16.11 1.0:2.775 0.995 3.186
17.52 0.97 10.0:5.623 1.197 2.195
10.35 6.18 11.0:3.501 0.432 1.201
13.61 21.12 17.0:4.943 0.802 3.209
0.26 14.37 13.0:5.337 1.049 2.18
12.58 26.64 16.0:1.078 0.995 2.907
21.57 24.07 2.0:2.343 1.293 2.593,4.65 0.223 2.935
14.5 0.3 22.0:1.697 1.807 2.691
25.6 22.91 2.0:5.244 0.22 1.469
10.92 4.13 8.0:3.792 1.853 1.73
26.65 20.04 28.0:1.367 0.261 1.579
18.63 4.3 24.0:5.831 1.831 1.853
7.29 16.28 12.0:1.53 1.99 3.195
4.34 9.51 5.0:0.713 1.942 1.824