100, 1
18.190 6.320 0
2.380 18.260 0
15.52 28.03 7.0:0.044 0.414 1.168
9.0 28.01 5.0:1.971 0.694 1.626
16.93 2.09 24.0:4.365 1.625 3.01
8.64 19.85 3.0:2.109 0.76 1.065,5.066 0.251 3.336
18.43 29.93 23.0:3.449 1.356 1.115
3.94 10.77 3.0:4.298 0.163 1.688
14.78 7.61 26.0:3.861 0.763 1.762
2.41 25.06 24.0:2.751 1.258 10.211
18.41 11.88 16.0:2.101 1.258 1.858
14.91 17.24 21.0:2.886 0.802 2.807
7.14 0.48 6.0:1.354 0.152 3.054,4.589 0.187 1.844
13.44 24.76 17.0:1.95 0.238 1.381,1.036 0.669 4.355
17.54 29.43 27.0:1.645 0.449 3.054,3.482 0.756 1.295
16.71 9.5 27.0:6.198 1.237 1.565
12.38 26.66 1.0:3.335 0.908 1.076
25.69 6.34 6.0:0.368 1.708 1.624
11.62 24.0 27.0:5.761 0.254 3.068
10.24 3.02 23.0:5.964 0.26 1.022,3.177 1.185 2.485
3.54 26.16 18.0:2.278 0.637 1.179
17.86 19.36 13.0:3.822 0.489 3.165,2.323 0.545 2.569,1.051 0.644 1.584
3.77 7.84 1.0:5.486 0.145 1.3
14.2 19.64 13.0:3.604 1.194 1.614
15.88 5.54 21.0:1.172 1.114 1.817
1.32 19.32 23.0:5.014 0.884 2.005
20.5 25.33 16.0:3.778 0.327 1.34
16.76 19.84 8.0:4.45 0.429 1.999,0.594 0.367 6.328
27.5 17.66 24.0:4.003 0.152 1.398
19.41 20.67 15.0:5.385 1.422 1.476
20.49 14.03 24.0:5.945 0.281 2.16
20.9 7.67 8.0:0.073 1.122 1.399
2.75 25.4 5.0:3.081 0.566 1.04,0.586 0.21 1.123
16.1 19.74 3.0:4.089 0.522 1.302,1.788 1.068 1.261
0.43 1.12 9.0:0.369 1.477 8.582
13.57 9.41 11.0:3.827 1.428 1.768
0.3 9.16 7.0:5.76 1.877 1.78
0.45 23.35 10.0:6.084 0.746 1.065
22.69 23.13 13.0:4.165 1.42 1.213
19.12 20.2 13.0:1.459 0.354 1.589,3.731 0.19 1.667,4.407 0.289 3.683
7.0 21.44 8.0:3.727 1.306 1.327,0.808 0.218 2.194
28.88 0.86 24.0:0.323 1.091 1.004
19.6 2.11 14.0:2.25 0.921 3.507,4.195 0.832 1.136
22.78 15.42 27.0:0.306 1.915 1.085
13.51 8.05 1.0:4.812 1.579 1.256
0.51 11.06 5.0:0.789 0.651 1.153
4.31 23.12 20.0:0.076 1.208 2.252
19.68 25.62 5.0:2.215 0.215 1.324
16.32 3.73 3.0:1.661 1.579 1.134
7.14 25.9 13.0:0.002 0.432 1.163
1.04 13.47 6.0:1.744 1.968 2.232
17.46 2.56 28.0:1.641 0.806 3.664,4.716 1.564 3.436
23.49 17.75 5.0:1.456 1.348 1.607
11.96 15.15 17.0:5.967 0.565 6.162
22.85 14.85 2.0:2.681 1.234 1.221
28.47 6.08 23.0:3.791 0.22 1.725,1.621 1.532 1.304
6.52 19.42 17.0:1.571 0.55 1.388,4.7 0.234 2.297
26.85 25.82 6.0:3.527 0.857 3.72
21.48 10.3 21.0:5.71 0.763 1.845
29.08 2.62 18.0:2.248 1.619 1.048
22.54 18.26 14.0:1.114 0.544 1.168,4.502 0.512 2.278
4.46 7.85 7.0:4.755 1.676 4.169
21.61 23.16 4.0:0.235 1.415 1.077
6.82 21.1 13.0:4.647 0.445 1.631
6.48 2.46 25.0:2.877 0.815 2.743
26.7 3.44 27.0:4.568 0.292 2.192,3.151 0.7 1.356,0.329 0.162 2.639
7.03 28.12 1.0:3.403 1.538 1.511
20.3 3.86 2.0:5.634 0.316 1.294
17.02 12.33 17.0:3.5 0.939 1.588,5.693 0.245 1.035
0.2 24.8 3.0:4.406 0.558 1.202,0.683 0.325 1.545
13.97 18.49 4.0:4.782 1.532 1.869
1.88 3.33 13.0:1.983 0.479 2.146
14.25 23.83 1.0:0.82 1.584 1.884
27.22 11.98 16.0:2.084 0.838 1.181
22.05 7.74 10.0:2.983 1.28 2.439
3.08 21.03 13.0:1.397 0.631 5.167
12.66 26.02 3.0:0.821 0.246 2.739,2.804 0.524 1.276
3.69 14.33 21.0:4.514 0.827 1.019,1.728 1.24 1.402
26.93 13.06 24.0:4.508 1.073 2.207
1.57 19.84 19.0:3.812 1.747 1.184
19.01 14.36 13.0:3.803 0.709 1.549
14.24 18.8 19.0:1.751 0.571 1.749
20.49 13.59 8.0:0.833 0.26 2.004,1.953 0.494 1.098
3.3 17.86 1.0:3.741 1.35 1.092,0.515 0.171 3.982
28.72 20.92 29.0:3.645 0.16 1.773,1.91 0.373 1.224
7.49 6.59 24.0:2.678 0.276 1.744,5.609 0.428 2.498
12.19 16.11 1.0:5.049 1.855 4.05
17.52 0.97 10.0:1.888 0.583 1.141
10.35 6.18 11.0:4.936 0.888 1.352,2.104 0.229 1.189
13.61 21.12 17.0:4.489 0.371 1.66,0.955 0.656 1.61
0.26 14.37 13.0:4.895 0.241 1.113,2.424 0.16 1.074
12.58 26.64 16.0:3.926 0.257 1.033
21.57 24.07 2.0:4.698 1.909 3.085
14.5 0.3 22.0:5.496 0.159 1.692,3.664 1.17 1.112
25.6 22.91 2.0:2.352 0.2 2.495
10.92 4.13 8.0:3.537 0.521 1.268
26.65 20.04 28.0:4.336 1.843 1.438
18.63 4.3 24.0:2.871 1.957 1.169
7.29 16.28 12.0:1.481 0.372 1.199
4.34 9.51 5.0:5.525 1.751 2.398