100 1
18.190 6.320 0
2.380 18.260 0
15.52 28.03 7.0:0.833 0.26 2.004,1.953 0.494 1.098
9.0 28.01 5.0:3.741 1.35 1.092,0.515 0.171 3.982
16.93 2.09 24.0:3.645 0.459 1.051
8.64 19.85 3.0:3.383 0.652 1.331,1.259 0.276 2.498
18.43 29.93 23.0:5.049 1.87 1.218
3.94 10.77 3.0:0.281 0.204 2.079
14.78 7.61 26.0:3.473 0.449 2.254,0.734 0.289 1.135
2.41 25.06 24.0:1.506 1.271 1.61
18.41 11.88 16.0:4.895 0.585 1.063
14.91 17.24 21.0:0.671 1.038 2.377
7.14 0.48 6.0:5.496 0.95 1.043
13.44 24.76 17.0:4.297 0.218 1.524,3.137 0.566 1.091
17.54 29.43 27.0:6.118 1.391 1.227
16.71 9.5 27.0:3.537 1.185 1.611,1.477 0.535 1.169
12.38 26.66 1.0:1.481 1.663 4.278
25.69 6.34 6.0:4.04 1.964 1.652
11.62 24.0 27.0:0.131 0.527 1.383
10.24 3.02 23.0:2.977 0.561 2.015,0.785 0.424 2.07
3.54 26.16 18.0:2.566 1.082 1.154
17.86 19.36 13.0:5.582 0.306 1.246,2.678 0.637 1.298
3.77 7.84 1.0:1.413 1.89 1.206
14.2 19.64 13.0:1.581 1.991 1.015
15.88 5.54 21.0:2.682 1.049 1.34,5.659 0.445 1.458
1.32 19.32 23.0:2.342 0.569 4.669
20.5 25.33 16.0:2.674 1.859 1.6
16.76 19.84 8.0:0.417 0.253 1.43,4.32 0.32 4.741
27.5 17.66 24.0:1.702 0.596 2.665,5.96 0.284 1.076
19.41 20.67 15.0:5.192 0.137 1.506
20.49 14.03 24.0:6.171 1.542 1.577
20.9 7.67 8.0:5.509 0.296 1.322,4.687 0.301 1.374
2.75 25.4 5.0:1.512 1.194 1.335
16.1 19.74 3.0:0.131 1.37 1.218
0.43 1.12 9.0:2.356 0.133 2.761,0.653 0.391 2.049
13.57 9.41 11.0:5.25 1.053 1.813
0.3 9.16 7.0:0.934 1.142 1.042
0.45 23.35 10.0:4.448 0.218 1.942
22.69 23.13 13.0:5.407 1.202 1.178
19.12 20.2 13.0:3.354 0.638 2.27,0.916 0.252 2.414
7.0 21.44 8.0:3.227 1.261 1.24
28.88 0.86 24.0:4.71 0.613 1.567,1.448 1.177 2.191
19.6 2.11 14.0:5.355 1.655 2.192
22.78 15.42 27.0:3.683 1.106 2.533,1.386 0.695 2.112
13.51 8.05 1.0:1.337 1.126 3.912,3.363 0.356 1.982
0.51 11.06 5.0:5.269 0.592 1.318,3.417 0.252 1.086
4.31 23.12 20.0:3.073 1.162 1.684
19.68 25.62 5.0:2.737 1.105 1.426
16.32 3.73 3.0:5.788 1.566 1.044
7.14 25.9 13.0:0.199 0.604 3.146
1.04 13.47 6.0:1.842 1.912 1.403
17.46 2.56 28.0:0.156 1.568 3.217
23.49 17.75 5.0:1.579 0.581 1.472
11.96 15.15 17.0:3.887 1.603 1.99
22.85 14.85 2.0:2.777 0.43 5.344
28.47 6.08 23.0:5.574 1.167 1.643
6.52 19.42 17.0:1.148 0.169 2.852
26.85 25.82 6.0:4.427 1.886 1.522
21.48 10.3 21.0:1.185 0.288 1.362,4.291 1.425 1.525
29.08 2.62 18.0:6.209 1.692 2.923
22.54 18.26 14.0:2.712 0.58 2.017
4.46 7.85 7.0:1.536 1.0 1.35
21.61 23.16 4.0:5.75 0.365 1.328
6.82 21.1 13.0:2.598 1.055 1.903
6.48 2.46 25.0:2.649 1.548 1.43
26.7 3.44 27.0:0.914 0.612 1.96
7.03 28.12 1.0:1.826 1.987 3.403
20.3 3.86 2.0:3.429 1.182 2.356
17.02 12.33 17.0:4.444 0.95 4.125
0.2 24.8 3.0:6.28 0.68 1.082
13.97 18.49 4.0:0.514 0.492 1.213
1.88 3.33 13.0:3.466 1.36 1.403
14.25 23.83 1.0:3.049 1.241 2.573
27.22 11.98 16.0:2.424 0.358 2.941
22.05 7.74 10.0:0.867 0.321 3.44
3.08 21.03 13.0:2.168 0.891 1.09
12.66 26.02 3.0:2.277 0.338 1.627
3.69 14.33 21.0:3.546 0.243 1.084
26.93 13.06 24.0:5.714 0.581 1.168
1.57 19.84 19.0:2.043 1.609 1.321
19.01 14.36 13.0:1.217 0.362 1.183
14.24 18.8 19.0:1.434 0.492 3.988
20.49 13.59 8.0:0.971 0.858 1.547
3.3 17.86 1.0:4.207 1.799 5.604
28.72 20.92 29.0:6.251 0.771 1.014
7.49 6.59 24.0:2.521 0.501 1.529
12.19 16.11 1.0:4.51 0.324 6.601
17.52 0.97 10.0:3.871 1.99 1.309
10.35 6.18 11.0:4.504 1.724 1.262
13.61 21.12 17.0:3.729 0.459 2.977,0.72 0.199 2.084
0.26 14.37 13.0:1.268 0.775 2.95,5.74 0.196 1.086
12.58 26.64 16.0:2.14 0.157 1.146
21.57 24.07 2.0:0.696 0.749 2.219
14.5 0.3 22.0:5.621 0.873 1.311
25.6 22.91 2.0:2.41 0.212 2.483,5.756 0.181 1.021
10.92 4.13 8.0:0.817 0.335 2.77,3.499 1.747 1.067,5.593 0.181 2.213
26.65 20.04 28.0:3.041 1.29 1.752,1.234 0.352 1.671
18.63 4.3 24.0:1.815 0.729 2.649
7.29 16.28 12.0:0.036 0.83 2.277
4.34 9.51 5.0:6.099 0.662 1.065