100 1
18.190 6.320 0
2.380 18.260 0
15.52 28.03 7.0:0.946 1.116 2.64
9.0 28.01 5.0:4.185 1.096 2.35
16.93 2.09 24.0:1.141 1.961 2.259
8.64 19.85 3.0:0.122 1.137 1.014
18.43 29.93 23.0:3.999 1.96 3.306
3.94 10.77 3.0:1.464 0.331 1.466,3.482 0.54 2.022
14.78 7.61 26.0:3.481 0.68 1.175
2.41 25.06 24.0:2.923 1.213 1.911
18.41 11.88 16.0:1.823 0.682 1.565
14.91 17.24 21.0:1.935 1.389 5.871
7.14 0.48 6.0:5.731 0.552 1.674,3.483 0.97 1.32
13.44 24.76 17.0:0.744 0.571 2.043,5.417 0.374 1.296
17.54 29.43 27.0:3.169 0.511 1.087,5.052 0.814 1.759
16.71 9.5 27.0:2.149 0.532 1.788,4.591 0.824 4.381
12.38 26.66 1.0:2.425 1.378 1.196,4.773 0.475 1.134
25.69 6.34 6.0:5.176 0.879 2.166
11.62 24.0 27.0:4.622 1.099 1.542
10.24 3.02 23.0:2.716 0.385 1.207,4.657 0.549 1.624
3.54 26.16 18.0:3.745 1.004 1.215
17.86 19.36 13.0:2.063 0.824 1.392
3.77 7.84 1.0:5.556 0.851 1.66
14.2 19.64 13.0:5.933 0.595 2.425
15.88 5.54 21.0:0.017 1.424 1.54
1.32 19.32 23.0:2.422 1.267 1.814
20.5 25.33 16.0:0.337 0.632 1.405
16.76 19.84 8.0:3.349 1.076 2.264
27.5 17.66 24.0:1.514 0.602 1.953
19.41 20.67 15.0:5.902 1.019 1.253
20.49 14.03 24.0:5.209 1.193 1.137
20.9 7.67 8.0:2.154 1.801 4.068,5.272 0.611 3.147
2.75 25.4 5.0:3.533 0.723 1.987
16.1 19.74 3.0:1.623 0.522 1.831
0.43 1.12 9.0:4.028 0.538 1.225,0.59 0.589 2.062
13.57 9.41 11.0:2.391 1.41 1.01
0.3 9.16 7.0:1.121 0.264 2.907,3.949 0.869 4.319,2.125 0.273 1.309
0.45 23.35 10.0:4.132 1.206 1.259,2.507 0.412 2.161
22.69 23.13 13.0:5.297 1.392 1.369
19.12 20.2 13.0:1.805 1.008 1.184
7.0 21.44 8.0:4.939 0.58 1.502
28.88 0.86 24.0:0.973 1.562 3.239
19.6 2.11 14.0:5.299 0.599 1.768
22.78 15.42 27.0:4.696 0.504 1.874
13.51 8.05 1.0:6.063 0.175 1.14,1.641 0.255 2.215
0.51 11.06 5.0:0.437 0.21 1.994,3.363 0.373 1.029,5.239 0.324 2.499
4.31 23.12 20.0:2.839 1.369 2.281
19.68 25.62 5.0:4.748 0.503 2.4,3.042 0.446 2.833
16.32 3.73 3.0:5.522 1.265 1.026
7.14 25.9 13.0:6.104 0.373 3.181
1.04 13.47 6.0:2.433 1.502 2.877
17.46 2.56 28.0:6.089 1.116 1.906
23.49 17.75 5.0:1.483 0.271 1.719
11.96 15.15 17.0:1.805 0.477 1.497
22.85 14.85 2.0:4.758 0.216 1.518,1.723 1.266 3.386
28.47 6.08 23.0:0.747 1.701 2.022
6.52 19.42 17.0:3.484 1.06 1.079
26.85 25.82 6.0:1.824 0.21 5.205,4.601 1.177 2.424
21.48 10.3 21.0:1.317 0.908 1.698
29.08 2.62 18.0:0.226 0.257 1.113
22.54 18.26 14.0:0.825 1.444 1.155
4.46 7.85 7.0:2.046 1.754 2.72,4.993 0.417 1.737
21.61 23.16 4.0:3.783 0.454 2.183
6.82 21.1 13.0:5.118 1.287 2.742
6.48 2.46 25.0:2.076 1.061 2.451
26.7 3.44 27.0:0.249 0.399 1.023
7.03 28.12 1.0:5.36 1.038 1.198
20.3 3.86 2.0:5.733 1.698 1.037
17.02 12.33 17.0:3.618 1.048 1.341
0.2 24.8 3.0:2.243 1.546 1.109
13.97 18.49 4.0:2.845 1.108 1.401
1.88 3.33 13.0:2.931 0.257 2.056,1.014 0.46 1.281
14.25 23.83 1.0:0.467 0.673 2.025
27.22 11.98 16.0:0.017 1.848 2.238
22.05 7.74 10.0:6.256 0.913 3.852
3.08 21.03 13.0:1.327 0.36 1.264,2.798 0.437 1.44
12.66 26.02 3.0:2.069 1.626 1.001
3.69 14.33 21.0:0.889 1.906 1.857
26.93 13.06 24.0:1.941 1.19 1.692
1.57 19.84 19.0:1.331 0.447 1.206,4.912 0.58 5.148
19.01 14.36 13.0:0.824 0.145 1.423,3.528 0.371 1.176
14.24 18.8 19.0:5.998 1.12 2.804
20.49 13.59 8.0:3.251 0.567 2.934,5.839 0.18 1.707
3.3 17.86 1.0:3.976 1.774 3.866,1.851 0.282 3.065
28.72 20.92 29.0:0.674 0.751 3.574
7.49 6.59 24.0:5.564 0.285 1.324
12.19 16.11 1.0:4.733 0.651 1.361,3.045 0.317 1.909
17.52 0.97 10.0:4.507 0.183 5.512,2.461 1.424 1.713
10.35 6.18 11.0:2.169 1.395 1.422,4.426 0.67 1.814
13.61 21.12 17.0:2.31 0.455 1.105,4.776 1.007 1.328
0.26 14.37 13.0:4.487 1.937 2.383
12.58 26.64 16.0:4.264 0.401 2.145
21.57 24.07 2.0:0.309 1.711 2.04
14.5 0.3 22.0:4.379 1.004 1.36
25.6 22.91 2.0:5.802 0.32 2.061,1.845 1.354 1.637
10.92 4.13 8.0:3.802 0.557 1.06
26.65 20.04 28.0:2.791 0.363 1.097
18.63 4.3 24.0:2.144 1.649 2.165
7.29 16.28 12.0:3.037 0.68 2.065,1.742 0.197 1.99
4.34 9.51 5.0:2.014 0.177 1.002,3.248 0.472 1.568