100 1
18.190 6.320 0
2.380 18.260 0
15.52 28.03 7.0:0.228 1.768 2.529
9.0 28.01 5.0:6.196 0.176 1.484
16.93 2.09 24.0:1.639 0.613 4.44
8.64 19.85 3.0:3.406 0.141 1.562
18.43 29.93 23.0:2.055 0.172 1.101
3.94 10.77 3.0:2.528 1.476 1.949
14.78 7.61 26.0:4.759 0.842 1.029
2.41 25.06 24.0:4.218 1.599 2.85,1.323 0.276 2.284
18.41 11.88 16.0:3.445 0.295 2.101,2.183 0.536 1.194
14.91 17.24 21.0:3.085 1.927 1.15
7.14 0.48 6.0:0.919 0.484 3.576,3.134 1.132 2.598
13.44 24.76 17.0:2.842 0.809 2.357
17.54 29.43 27.0:2.694 0.231 1.902
16.71 9.5 27.0:6.068 0.87 1.839
12.38 26.66 1.0:5.891 1.751 1.666
25.69 6.34 6.0:0.162 0.156 3.057
11.62 24.0 27.0:1.207 0.833 1.148
10.24 3.02 23.0:3.368 0.362 3.045
3.54 26.16 18.0:3.991 0.226 2.253
17.86 19.36 13.0:3.427 0.426 1.742
3.77 7.84 1.0:1.397 1.673 3.045
14.2 19.64 13.0:1.661 0.994 1.587
15.88 5.54 21.0:5.218 0.338 1.246,2.17 0.547 1.445,5.925 0.207 1.169
1.32 19.32 23.0:3.777 1.726 1.017
20.5 25.33 16.0:5.061 1.019 1.757,2.527 0.289 1.457
16.76 19.84 8.0:4.878 0.941 1.203
27.5 17.66 24.0:3.885 0.91 1.399
19.41 20.67 15.0:2.174 0.331 1.8
20.49 14.03 24.0:2.562 1.586 1.21
20.9 7.67 8.0:3.834 1.175 1.914
2.75 25.4 5.0:5.97 0.883 1.773
16.1 19.74 3.0:2.976 1.583 1.811
0.43 1.12 9.0:5.856 0.833 1.543
13.57 9.41 11.0:4.182 0.974 1.428
0.3 9.16 7.0:2.718 0.295 1.659,5.427 0.455 1.649
0.45 23.35 10.0:3.262 0.266 1.094,5.283 0.621 1.821
22.69 23.13 13.0:0.321 0.312 1.747
19.12 20.2 13.0:0.145 1.645 1.13
7.0 21.44 8.0:6.048 0.397 1.179
28.88 0.86 24.0:3.998 1.697 1.954
19.6 2.11 14.0:1.402 1.154 1.884
22.78 15.42 27.0:0.507 0.949 1.143
13.51 8.05 1.0:2.844 1.0 1.478
0.51 11.06 5.0:0.55 1.004 1.533
4.31 23.12 20.0:3.892 0.915 1.829
19.68 25.62 5.0:1.801 1.362 3.99,4.985 0.497 1.053
16.32 3.73 3.0:0.382 1.052 1.598
7.14 25.9 13.0:3.848 1.959 1.652
1.04 13.47 6.0:4.669 0.634 1.429
17.46 2.56 28.0:1.432 0.938 2.347,4.448 1.766 1.511
23.49 17.75 5.0:2.476 0.922 3.122
11.96 15.15 17.0:5.951 0.178 1.766
22.85 14.85 2.0:6.072 0.271 1.962
28.47 6.08 23.0:4.549 0.89 1.047
6.52 19.42 17.0:2.602 1.016 1.147
26.85 25.82 6.0:0.078 0.384 2.404
21.48 10.3 21.0:0.227 1.437 1.079
29.08 2.62 18.0:1.271 0.877 1.462,0.145 0.128 1.399,5.505 0.647 1.228
22.54 18.26 14.0:0.397 0.127 1.193
4.46 7.85 7.0:5.877 1.293 2.171
21.61 23.16 4.0:0.16 1.583 2.216
6.82 21.1 13.0:3.194 1.93 1.612
6.48 2.46 25.0:6.235 1.189 1.58
26.7 3.44 27.0:5.361 1.632 1.255
7.03 28.12 1.0:4.63 0.128 1.993
20.3 3.86 2.0:4.178 0.289 1.492,2.314 1.452 1.173
17.02 12.33 17.0:2.971 1.251 1.348
0.2 24.8 3.0:1.36 0.57 1.841
13.97 18.49 4.0:1.42 0.797 1.135,4.307 0.306 3.055
1.88 3.33 13.0:6.28 0.358 1.587
14.25 23.83 1.0:3.586 1.566 1.276
27.22 11.98 16.0:2.431 0.498 2.507
22.05 7.74 10.0:2.345 1.922 1.685
3.08 21.03 13.0:5.221 1.456 1.241
12.66 26.02 3.0:5.646 1.364 2.579
3.69 14.33 21.0:4.524 1.13 1.85
26.93 13.06 24.0:3.171 0.165 2.186,0.666 0.368 1.752
1.57 19.84 19.0:5.003 0.322 2.41
19.01 14.36 13.0:3.755 0.223 3.702
14.24 18.8 19.0:5.651 0.631 1.013,2.375 0.465 1.273,3.89 0.733 1.543
20.49 13.59 8.0:1.081 1.473 1.825
3.3 17.86 1.0:3.228 0.475 1.309,5.717 0.537 2.605
28.72 20.92 29.0:4.966 1.877 1.908
7.49 6.59 24.0:2.422 1.321 1.403
12.19 16.11 1.0:2.321 0.41 1.2
17.52 0.97 10.0:1.964 1.195 1.347
10.35 6.18 11.0:2.123 1.317 5.777,5.966 0.305 1.501
13.61 21.12 17.0:0.548 0.468 1.879,4.832 0.723 1.201
0.26 14.37 13.0:3.737 0.568 1.26
12.58 26.64 16.0:5.913 0.211 3.031
21.57 24.07 2.0:5.472 1.032 1.439
14.5 0.3 22.0:5.446 0.88 2.281
25.6 22.91 2.0:4.453 1.855 1.416
10.92 4.13 8.0:3.832 1.685 3.343
26.65 20.04 28.0:4.526 0.877 1.037,2.796 0.584 1.171
18.63 4.3 24.0:0.878 0.21 1.142
7.29 16.28 12.0:0.889 0.548 2.176,2.817 0.424 1.118
4.34 9.51 5.0:1.764 0.811 1.055,4.917 0.2 1.599,3.748 0.319 2.43