100 1
18.190 6.320 0
2.380 18.260 0
15.52 28.03 7.0:1.449 0.193 3.506,3.635 1.081 1.24
9.0 28.01 5.0:2.521 0.378 3.164
16.93 2.09 24.0:3.098 1.94 2.027
8.64 19.85 3.0:6.109 1.305 2.476
18.43 29.93 23.0:4.9 1.722 1.277
3.94 10.77 3.0:1.129 1.443 4.366
14.78 7.61 26.0:0.588 0.413 1.954
2.41 25.06 24.0:1.649 1.116 1.102,5.44 0.496 1.184
18.41 11.88 16.0:4.737 0.238 1.811
14.91 17.24 21.0:4.234 0.756 1.967
7.14 0.48 6.0:5.836 1.454 1.096
13.44 24.76 17.0:3.42 0.792 2.349
17.54 29.43 27.0:0.513 0.792 2.392
16.71 9.5 27.0:0.84 1.678 1.296
12.38 26.66 1.0:5.94 0.874 1.041
25.69 6.34 6.0:4.373 0.197 1.069
11.62 24.0 27.0:0.956 1.786 4.047
10.24 3.02 23.0:1.977 0.357 1.333
3.54 26.16 18.0:5.251 0.375 2.18
17.86 19.36 13.0:2.549 1.019 2.122
3.77 7.84 1.0:0.768 1.202 3.607
14.2 19.64 13.0:0.018 0.785 2.499
15.88 5.54 21.0:2.735 0.813 1.768
1.32 19.32 23.0:5.714 0.37 1.282
20.5 25.33 16.0:3.175 0.37 2.93,4.826 0.183 1.371
16.76 19.84 8.0:2.102 0.395 2.33
27.5 17.66 24.0:3.066 1.164 3.68
19.41 20.67 15.0:4.302 0.543 1.129
20.49 14.03 24.0:3.019 1.602 1.242
20.9 7.67 8.0:0.374 0.157 1.649,3.535 0.729 2.283
2.75 25.4 5.0:0.235 1.022 1.391
16.1 19.74 3.0:3.022 0.92 1.394
0.43 1.12 9.0:5.25 0.508 1.867
13.57 9.41 11.0:6.007 0.584 1.218
0.3 9.16 7.0:4.969 1.009 2.318
0.45 23.35 10.0:3.009 0.529 2.644
22.69 23.13 13.0:5.324 0.51 1.423,0.8 0.329 3.642
19.12 20.2 13.0:4.199 0.498 1.789,2.293 0.179 2.284
7.0 21.44 8.0:1.993 1.624 1.297
28.88 0.86 24.0:4.061 0.848 2.031
19.6 2.11 14.0:4.062 0.898 1.076
22.78 15.42 27.0:3.672 0.678 3.535
13.51 8.05 1.0:0.614 1.759 4.923
0.51 11.06 5.0:3.713 1.056 2.208,5.432 0.22 2.408
4.31 23.12 20.0:4.233 1.223 2.356
19.68 25.62 5.0:5.896 0.24 1.097,2.607 0.345 1.006
16.32 3.73 3.0:5.996 0.14 2.555
7.14 25.9 13.0:1.573 0.166 1.627
1.04 13.47 6.0:1.474 1.395 2.432,3.877 0.517 1.206
17.46 2.56 28.0:3.857 0.816 2.168
23.49 17.75 5.0:4.455 1.517 1.185,2.15 0.71 1.245
11.96 15.15 17.0:4.662 0.724 1.798
22.85 14.85 2.0:2.596 0.442 3.442
28.47 6.08 23.0:4.378 0.577 1.271
6.52 19.42 17.0:0.337 1.03 1.438
26.85 25.82 6.0:1.282 0.292 1.193
21.48 10.3 21.0:1.397 1.522 3.074
29.08 2.62 18.0:2.303 0.983 1.11
22.54 18.26 14.0:5.175 0.644 1.939
4.46 7.85 7.0:0.903 1.097 1.407
21.61 23.16 4.0:2.834 0.473 1.49
6.82 21.1 13.0:2.369 1.357 1.275
6.48 2.46 25.0:5.248 0.141 1.088,0.955 0.548 2.009
26.7 3.44 27.0:0.095 0.83 1.011
7.03 28.12 1.0:6.152 0.979 1.193
20.3 3.86 2.0:6.04 1.348 2.24
17.02 12.33 17.0:5.743 0.259 2.973
0.2 24.8 3.0:4.205 0.466 1.117,2.009 0.2 1.892
13.97 18.49 4.0:1.803 0.203 2.072
1.88 3.33 13.0:1.601 0.626 1.11,4.23 1.53 1.248
14.25 23.83 1.0:1.255 0.748 3.129
27.22 11.98 16.0:0.643 0.763 1.379
22.05 7.74 10.0:2.93 1.784 1.123
3.08 21.03 13.0:2.798 1.635 1.622
12.66 26.02 3.0:3.225 1.733 1.057
3.69 14.33 21.0:6.2 0.936 1.376
26.93 13.06 24.0:1.225 1.54 1.102
1.57 19.84 19.0:1.032 1.074 3.339
19.01 14.36 13.0:5.392 0.269 1.546,4.778 0.259 1.795
14.24 18.8 19.0:2.378 0.595 1.429
20.49 13.59 8.0:2.738 0.659 1.715,5.312 0.417 3.111
3.3 17.86 1.0:3.183 0.238 1.03,5.906 0.233 1.117
28.72 20.92 29.0:4.637 0.214 2.794,0.531 0.345 1.731
7.49 6.59 24.0:0.795 1.338 1.107
12.19 16.11 1.0:2.164 0.582 1.79,0.94 0.438 2.476
17.52 0.97 10.0:3.882 0.28 1.036
10.35 6.18 11.0:2.679 0.232 1.643
13.61 21.12 17.0:5.024 0.171 2.329,0.898 0.741 3.439
0.26 14.37 13.0:2.076 0.318 1.215
12.58 26.64 16.0:1.157 0.34 1.769,3.584 0.373 1.066
21.57 24.07 2.0:3.219 0.412 1.411,1.406 0.166 1.048
14.5 0.3 22.0:5.219 1.464 1.017
25.6 22.91 2.0:6.214 0.211 1.439
10.92 4.13 8.0:3.951 0.713 2.192
26.65 20.04 28.0:3.006 0.42 1.125,5.027 0.407 1.752
18.63 4.3 24.0:1.592 1.073 2.2,4.302 1.131 1.293
7.29 16.28 12.0:6.217 0.308 1.088
4.34 9.51 5.0:5.914 1.359 2.273