100 1
18.190 6.320 0
2.380 18.260 0
15.52 28.03 7.0:1.216 0.168 1.445
9.0 28.01 5.0:3.783 1.839 1.635
16.93 2.09 24.0:6.173 1.471 1.247
8.64 19.85 3.0:2.83 0.532 4.948
18.43 29.93 23.0:0.286 0.847 2.103
3.94 10.77 3.0:0.832 1.522 1.229
14.78 7.61 26.0:2.629 0.743 2.832
2.41 25.06 24.0:5.132 0.925 1.933
18.41 11.88 16.0:2.006 0.168 1.14,4.28 0.248 2.065
14.91 17.24 21.0:1.102 0.515 1.045
7.14 0.48 6.0:1.469 0.803 1.74
13.44 24.76 17.0:5.439 1.356 1.088
17.54 29.43 27.0:3.53 0.69 1.031,4.629 0.303 3.932
16.71 9.5 27.0:5.5 0.387 1.761,3.824 0.448 4.272
12.38 26.66 1.0:1.159 1.376 1.228
25.69 6.34 6.0:1.712 1.646 4.175,3.762 0.241 2.149
11.62 24.0 27.0:4.662 0.846 1.355,2.614 0.81 1.335
10.24 3.02 23.0:4.831 1.456 1.264
3.54 26.16 18.0:1.91 0.642 3.965
17.86 19.36 13.0:2.025 0.777 2.924
3.77 7.84 1.0:1.509 1.311 1.775
14.2 19.64 13.0:1.434 0.262 1.253,0.25 0.217 2.128
15.88 5.54 21.0:1.456 0.571 1.55
1.32 19.32 23.0:0.862 0.414 2.116,2.666 0.455 1.729
20.5 25.33 16.0:1.194 0.512 1.256,2.948 1.218 2.864
16.76 19.84 8.0:3.306 0.787 1.293
27.5 17.66 24.0:1.17 0.733 5.008
19.41 20.67 15.0:0.835 1.454 1.327
20.49 14.03 24.0:2.639 1.253 2.143
20.9 7.67 8.0:5.816 0.464 3.13
2.75 25.4 5.0:3.98 0.551 1.657,1.745 1.287 2.628,5.197 0.313 1.506
16.1 19.74 3.0:1.015 1.335 1.6
0.43 1.12 9.0:5.479 0.966 3.382
13.57 9.41 11.0:2.496 1.288 1.51
0.3 9.16 7.0:2.661 0.778 1.559
0.45 23.35 10.0:2.012 0.982 1.693
22.69 23.13 13.0:4.105 0.13 1.586
19.12 20.2 13.0:1.163 1.198 1.605
7.0 21.44 8.0:0.689 1.038 1.49
28.88 0.86 24.0:4.21 0.839 1.019,1.279 0.289 1.667
19.6 2.11 14.0:1.157 0.856 1.499,4.011 1.389 5.552
22.78 15.42 27.0:3.237 1.326 1.45
13.51 8.05 1.0:1.188 0.598 1.03
0.51 11.06 5.0:2.906 0.149 1.862,1.725 0.893 2.32
4.31 23.12 20.0:4.167 2.006 3.827,1.501 0.376 1.245
19.68 25.62 5.0:3.126 1.221 3.525,5.16 0.677 1.582
16.32 3.73 3.0:0.415 1.707 1.788
7.14 25.9 13.0:0.922 0.129 3.042
1.04 13.47 6.0:3.413 0.457 1.856
17.46 2.56 28.0:1.267 0.514 1.216,2.058 0.164 1.683,4.668 0.271 2.008
23.49 17.75 5.0:5.531 0.464 1.332
11.96 15.15 17.0:1.839 0.34 1.13
22.85 14.85 2.0:3.167 1.318 2.405
28.47 6.08 23.0:1.909 1.237 1.013
6.52 19.42 17.0:5.006 1.039 2.417
26.85 25.82 6.0:4.737 1.856 2.926
21.48 10.3 21.0:4.569 1.607 3.564
29.08 2.62 18.0:5.668 1.529 2.744
22.54 18.26 14.0:0.218 0.959 1.469
4.46 7.85 7.0:3.201 1.123 2.357,5.566 0.679 1.438
21.61 23.16 4.0:3.409 1.676 1.322
6.82 21.1 13.0:0.679 1.595 1.977
6.48 2.46 25.0:4.68 0.606 2.089,1.858 0.571 1.09
26.7 3.44 27.0:3.455 0.138 5.077
7.03 28.12 1.0:3.76 1.2 2.455,0.922 0.48 4.152
20.3 3.86 2.0:4.413 1.039 3.67
17.02 12.33 17.0:1.69 1.157 1.848
0.2 24.8 3.0:4.387 0.425 1.336
13.97 18.49 4.0:3.503 0.524 1.86
1.88 3.33 13.0:3.063 0.246 1.12,3.902 0.152 1.649
14.25 23.83 1.0:0.151 0.386 1.315
27.22 11.98 16.0:3.843 0.573 1.027
22.05 7.74 10.0:2.449 0.699 3.674
3.08 21.03 13.0:1.75 0.305 1.102,3.863 0.796 1.931
12.66 26.02 3.0:0.044 0.751 1.52
3.69 14.33 21.0:5.412 0.481 3.785
26.93 13.06 24.0:1.265 0.508 1.216,3.7 0.957 2.433,5.294 0.278 1.163
1.57 19.84 19.0:1.671 0.137 1.339,4.332 0.151 1.41
19.01 14.36 13.0:2.276 1.471 1.037
14.24 18.8 19.0:2.252 0.257 2.037
20.49 13.59 8.0:1.308 0.756 4.335,2.535 0.251 1.105
3.3 17.86 1.0:1.403 0.704 1.192,5.068 1.101 1.182
28.72 20.92 29.0:3.273 1.637 1.268
7.49 6.59 24.0:5.893 1.616 1.303
12.19 16.11 1.0:2.59 0.876 1.107
17.52 0.97 10.0:0.554 1.627 2.991
10.35 6.18 11.0:4.451 1.206 2.597
13.61 21.12 17.0:0.977 0.519 1.836
0.26 14.37 13.0:4.147 0.636 1.429,1.267 0.696 1.483
12.58 26.64 16.0:1.133 0.885 1.157
21.57 24.07 2.0:1.799 1.533 1.167
14.5 0.3 22.0:3.469 0.529 2.058
25.6 22.91 2.0:3.803 0.505 1.137,0.912 0.713 1.451
10.92 4.13 8.0:1.433 0.515 1.525,5.325 0.355 2.149
26.65 20.04 28.0:0.412 1.194 1.962
18.63 4.3 24.0:1.061 1.769 1.279
7.29 16.28 12.0:2.162 0.276 3.653,4.339 1.246 3.313
4.34 9.51 5.0:0.917 1.672 1.209