100, 1
18.190 6.320 0
2.380 18.260 0
15.52 28.03 7.0:2.748 0.736 1.824
9.0 28.01 5.0:4.178 0.269 1.175
16.93 2.09 24.0:0.848 1.998 1.148
8.64 19.85 3.0:0.97 1.285 2.035
18.43 29.93 23.0:2.07 0.733 1.194,5.647 0.46 1.566
3.94 10.77 3.0:2.798 1.656 3.856
14.78 7.61 26.0:6.049 0.129 3.652,1.333 0.687 1.887
2.41 25.06 24.0:3.195 0.449 3.009
18.41 11.88 16.0:2.862 0.155 1.388,1.819 0.818 2.112
14.91 17.24 21.0:3.686 0.958 2.745,1.26 0.77 2.592
7.14 0.48 6.0:3.922 0.574 1.207,1.777 0.367 1.003,5.458 0.789 4.029
13.44 24.76 17.0:0.724 1.249 2.339
17.54 29.43 27.0:1.646 1.822 1.78
16.71 9.5 27.0:0.098 0.739 1.065
12.38 26.66 1.0:2.59 0.824 2.228,4.311 0.171 1.234
25.69 6.34 6.0:3.022 1.094 6.602
11.62 24.0 27.0:3.943 0.183 2.631
10.24 3.02 23.0:2.912 1.436 1.05
3.54 26.16 18.0:0.609 0.191 1.148,1.371 0.127 6.223
17.86 19.36 13.0:1.749 1.729 2.836
3.77 7.84 1.0:0.857 0.737 1.048
14.2 19.64 13.0:0.258 0.607 1.112
15.88 5.54 21.0:0.111 0.336 2.007
1.32 19.32 23.0:4.759 0.549 1.785
20.5 25.33 16.0:0.295 0.185 2.413,1.476 0.614 1.223,3.697 1.316 3.928
16.76 19.84 8.0:2.136 0.456 4.31
27.5 17.66 24.0:2.696 1.833 1.5
19.41 20.67 15.0:3.989 0.209 1.622
20.49 14.03 24.0:0.777 1.234 1.475
20.9 7.67 8.0:3.308 1.812 2.855
2.75 25.4 5.0:3.682 0.209 2.446
16.1 19.74 3.0:5.051 1.388 1.541
0.43 1.12 9.0:4.027 0.192 2.11
13.57 9.41 11.0:4.147 1.656 1.0
0.3 9.16 7.0:1.749 0.923 1.206
0.45 23.35 10.0:2.247 1.686 1.639
22.69 23.13 13.0:0.949 0.352 1.578
19.12 20.2 13.0:3.867 0.851 1.832
7.0 21.44 8.0:0.359 0.433 1.008
28.88 0.86 24.0:5.728 0.288 1.354,2.864 0.542 1.342
19.6 2.11 14.0:4.962 0.973 1.688,0.901 0.393 1.674
22.78 15.42 27.0:4.402 0.548 1.015,2.816 0.516 1.112
13.51 8.05 1.0:1.096 0.24 1.007,0.544 0.266 1.241
0.51 11.06 5.0:3.876 0.657 1.728
4.31 23.12 20.0:0.775 0.46 1.824,1.793 0.249 1.345
19.68 25.62 5.0:4.008 0.511 3.242
16.32 3.73 3.0:0.318 2.003 3.055
7.14 25.9 13.0:0.68 1.267 1.562
1.04 13.47 6.0:2.171 0.325 1.273
17.46 2.56 28.0:2.209 0.144 2.657,5.584 0.16 1.854
23.49 17.75 5.0:2.626 1.76 3.896
11.96 15.15 17.0:5.267 0.19 1.919,2.031 1.411 1.068,4.674 0.218 6.889
22.85 14.85 2.0:0.303 0.95 1.025
28.47 6.08 23.0:5.578 1.78 1.517
6.52 19.42 17.0:2.926 0.168 2.863
26.85 25.82 6.0:3.28 0.32 1.78
21.48 10.3 21.0:6.124 1.337 3.794
29.08 2.62 18.0:2.403 0.51 1.751
22.54 18.26 14.0:3.788 0.255 1.471
4.46 7.85 7.0:2.33 1.611 1.73
21.61 23.16 4.0:0.559 0.35 1.501,2.742 0.473 1.301
6.82 21.1 13.0:2.663 0.39 1.784
6.48 2.46 25.0:1.661 1.406 1.615
26.7 3.44 27.0:0.568 0.324 1.796,4.266 0.196 1.526
7.03 28.12 1.0:1.344 1.25 1.682
20.3 3.86 2.0:3.793 0.867 1.652
17.02 12.33 17.0:5.04 1.185 1.27
0.2 24.8 3.0:5.792 0.143 1.63,1.616 0.5 1.321
13.97 18.49 4.0:5.926 0.615 3.633
1.88 3.33 13.0:1.686 1.264 2.642
14.25 23.83 1.0:4.56 0.23 3.939
27.22 11.98 16.0:4.765 0.155 1.709,2.901 1.211 1.652
22.05 7.74 10.0:0.892 0.93 1.875
3.08 21.03 13.0:1.998 0.26 2.104
12.66 26.02 3.0:3.808 0.189 1.469
3.69 14.33 21.0:1.469 0.559 2.82
26.93 13.06 24.0:0.427 0.484 1.029
1.57 19.84 19.0:0.394 0.497 2.052
19.01 14.36 13.0:3.774 1.406 3.762,6.116 0.164 2.864
14.24 18.8 19.0:1.214 1.883 2.351
20.49 13.59 8.0:3.316 0.487 3.768
3.3 17.86 1.0:0.948 1.169 1.422
28.72 20.92 29.0:0.28 1.833 5.216
7.49 6.59 24.0:2.256 1.572 4.731,4.337 0.332 1.319
12.19 16.11 1.0:4.113 1.039 2.434,0.612 0.18 2.214
17.52 0.97 10.0:3.54 0.174 1.268
10.35 6.18 11.0:2.94 0.792 1.34
13.61 21.12 17.0:1.566 0.439 1.843
0.26 14.37 13.0:2.088 1.72 4.796
12.58 26.64 16.0:1.422 0.44 2.388
21.57 24.07 2.0:0.098 0.622 5.438
14.5 0.3 22.0:3.05 1.567 2.065
25.6 22.91 2.0:0.391 1.305 3.021
10.92 4.13 8.0:5.664 0.651 1.753
26.65 20.04 28.0:2.903 1.459 2.182
18.63 4.3 24.0:2.585 0.891 1.828
7.29 16.28 12.0:3.005 1.126 1.984
4.34 9.51 5.0:3.247 0.436 1.253