100, 1
18.190 6.320 0
2.380 18.260 0
15.52 28.03 7.0:4.053 1.999 1.684
9.0 28.01 5.0:2.99 0.961 1.775
16.93 2.09 24.0:2.363 0.295 1.205
8.64 19.85 3.0:0.255 0.959 2.272
18.43 29.93 23.0:2.616 0.322 1.321
3.94 10.77 3.0:1.094 0.791 1.294
14.78 7.61 26.0:3.949 1.122 1.158
2.41 25.06 24.0:2.162 1.622 4.381
18.41 11.88 16.0:2.466 1.661 1.232
14.91 17.24 21.0:4.41 1.67 1.064
7.14 0.48 6.0:5.196 0.773 1.002
13.44 24.76 17.0:4.862 0.255 2.102,5.694 0.378 1.012
17.54 29.43 27.0:6.193 0.961 1.351
16.71 9.5 27.0:5.571 0.439 2.441
12.38 26.66 1.0:3.565 1.858 1.373
25.69 6.34 6.0:0.102 0.412 1.674
11.62 24.0 27.0:5.073 0.368 2.797
10.24 3.02 23.0:5.327 0.135 1.511
3.54 26.16 18.0:3.792 0.244 2.085,1.709 0.828 1.477
17.86 19.36 13.0:1.036 1.991 2.342
3.77 7.84 1.0:0.423 0.632 1.003
14.2 19.64 13.0:4.88 1.103 2.518
15.88 5.54 21.0:5.819 0.938 1.109
1.32 19.32 23.0:6.209 0.162 1.174
20.5 25.33 16.0:0.032 1.712 1.243
16.76 19.84 8.0:3.82 0.371 1.169
27.5 17.66 24.0:0.171 1.116 1.045
19.41 20.67 15.0:5.95 0.865 1.709
20.49 14.03 24.0:1.845 1.752 3.444,5.633 0.484 2.08
20.9 7.67 8.0:2.633 0.796 1.936,5.068 0.792 1.702
2.75 25.4 5.0:6.184 1.307 1.697
16.1 19.74 3.0:3.858 2.005 1.633
0.43 1.12 9.0:2.878 1.136 1.245
13.57 9.41 11.0:4.154 0.639 3.43,5.524 0.329 2.923
0.3 9.16 7.0:4.465 1.597 1.589
0.45 23.35 10.0:5.303 0.229 1.027
22.69 23.13 13.0:4.488 1.782 1.944
19.12 20.2 13.0:5.765 0.26 1.344,4.143 0.25 1.093
7.0 21.44 8.0:5.349 1.957 1.283
28.88 0.86 24.0:4.382 0.927 1.891
19.6 2.11 14.0:4.418 0.197 1.691,0.721 0.297 1.756
22.78 15.42 27.0:5.389 1.635 2.102
13.51 8.05 1.0:2.846 0.168 1.041
0.51 11.06 5.0:5.8 0.132 1.228
4.31 23.12 20.0:3.77 1.773 1.927
19.68 25.62 5.0:0.485 0.707 1.591
16.32 3.73 3.0:0.909 0.937 1.828
7.14 25.9 13.0:0.814 1.996 1.507
1.04 13.47 6.0:5.488 0.14 1.037,2.118 0.889 1.769
17.46 2.56 28.0:3.997 0.839 1.336,1.081 0.678 1.018
23.49 17.75 5.0:0.419 0.59 1.6
11.96 15.15 17.0:5.665 1.248 2.528
22.85 14.85 2.0:3.616 0.157 3.384,2.315 0.135 1.977
28.47 6.08 23.0:4.4 1.36 2.18,0.825 0.133 1.219
6.52 19.42 17.0:4.379 0.439 1.368
26.85 25.82 6.0:5.04 1.421 2.404
21.48 10.3 21.0:1.073 0.221 1.356
29.08 2.62 18.0:3.41 1.319 2.267
22.54 18.26 14.0:1.881 0.828 1.484,3.421 0.249 1.785
4.46 7.85 7.0:3.388 1.668 1.226
21.61 23.16 4.0:3.273 1.569 1.304,5.411 0.304 1.907
6.82 21.1 13.0:4.206 0.585 2.188
6.48 2.46 25.0:3.583 1.34 1.511
26.7 3.44 27.0:4.563 1.811 3.243
7.03 28.12 1.0:5.964 1.008 3.684
20.3 3.86 2.0:1.645 0.648 1.121
17.02 12.33 17.0:1.291 0.378 3.337,4.182 0.463 1.243
0.2 24.8 3.0:2.421 0.998 1.959
13.97 18.49 4.0:0.874 1.942 1.165
1.88 3.33 13.0:5.852 1.795 2.973
14.25 23.83 1.0:4.514 0.515 3.197
27.22 11.98 16.0:5.939 0.565 1.523
22.05 7.74 10.0:2.667 1.314 1.648,0.804 0.354 1.986
3.08 21.03 13.0:5.521 0.383 2.385,2.377 1.746 1.083
12.66 26.02 3.0:5.707 0.395 1.555,2.023 0.632 1.746
3.69 14.33 21.0:5.52 0.768 1.662
26.93 13.06 24.0:2.04 0.999 3.254,4.531 0.8 1.319
1.57 19.84 19.0:5.532 0.255 1.181,3.626 0.692 1.121
19.01 14.36 13.0:0.773 0.498 1.248,5.281 0.324 1.677
14.24 18.8 19.0:0.627 0.87 4.133
20.49 13.59 8.0:2.009 0.756 2.275
3.3 17.86 1.0:4.934 1.988 2.601
28.72 20.92 29.0:5.165 0.793 2.272,1.597 0.974 2.164
7.49 6.59 24.0:0.085 0.131 2.471
12.19 16.11 1.0:4.402 0.141 6.62,5.984 0.237 1.679
17.52 0.97 10.0:2.293 1.709 1.204
10.35 6.18 11.0:3.949 0.661 2.648,1.383 1.07 1.016
13.61 21.12 17.0:2.953 1.565 1.092
0.26 14.37 13.0:5.103 0.662 1.311,3.819 0.509 3.033
12.58 26.64 16.0:0.143 0.595 1.746
21.57 24.07 2.0:2.206 0.21 2.292
14.5 0.3 22.0:4.987 1.598 1.893
25.6 22.91 2.0:3.599 0.164 2.466
10.92 4.13 8.0:0.053 0.531 2.319
26.65 20.04 28.0:1.149 0.196 3.745,4.692 0.343 1.447
18.63 4.3 24.0:2.966 1.952 1.046
7.29 16.28 12.0:5.288 1.38 3.425
4.34 9.51 5.0:0.516 0.924 1.066