100 1
18.190 6.320 0
2.380 18.260 0
15.52 28.03 7.0:1.073 0.293 1.116
9.0 28.01 5.0:3.965 1.98 2.324
16.93 2.09 24.0:5.548 0.453 1.146
8.64 19.85 3.0:3.388 1.668 1.226
18.43 29.93 23.0:3.273 1.569 1.304,5.411 0.304 1.907
3.94 10.77 3.0:4.206 0.585 2.188
14.78 7.61 26.0:3.583 1.27 3.688
2.41 25.06 24.0:5.616 1.157 2.925
18.41 11.88 16.0:5.594 0.401 1.485,3.946 0.648 2.252
14.91 17.24 21.0:1.291 0.378 3.337,4.182 0.463 1.243
7.14 0.48 6.0:2.421 0.998 1.959
13.44 24.76 17.0:0.874 0.267 1.07
17.54 29.43 27.0:5.822 1.613 2.267
16.71 9.5 27.0:2.144 1.738 1.41
12.38 26.66 1.0:5.939 0.565 1.523
25.69 6.34 6.0:2.667 0.241 6.847
11.62 24.0 27.0:2.997 1.661 1.286
10.24 3.02 23.0:4.71 0.644 1.388
3.54 26.16 18.0:2.602 1.661 1.393
17.86 19.36 13.0:3.189 1.666 1.595
3.77 7.84 1.0:0.773 0.324 1.105,5.281 0.346 1.588,2.075 0.77 3.305
14.2 19.64 13.0:3.416 1.466 1.832
15.88 5.54 21.0:2.009 1.256 5.367
1.32 19.32 23.0:6.236 0.505 3.695
20.5 25.33 16.0:5.165 0.793 2.272,1.597 0.974 2.164
16.76 19.84 8.0:0.085 0.528 1.033
27.5 17.66 24.0:4.839 1.44 1.783
19.41 20.67 15.0:4.402 1.87 1.02
20.49 14.03 24.0:0.78 0.552 3.262,3.096 1.149 1.169
20.9 7.67 8.0:1.161 0.893 3.869
2.75 25.4 5.0:3.949 0.661 2.648,1.383 1.07 1.016
16.1 19.74 3.0:2.953 1.565 1.092
0.43 1.12 9.0:5.103 0.509 1.023,3.819 0.408 1.498
13.57 9.41 11.0:2.206 0.21 2.292
0.3 9.16 7.0:4.987 0.843 1.47
0.45 23.35 10.0:3.711 0.929 3.648,2.193 0.148 2.466,1.123 0.164 2.263
22.69 23.13 13.0:0.053 1.467 1.068
19.12 20.2 13.0:4.604 0.301 1.245,0.841 0.196 1.447
7.0 21.44 8.0:2.966 0.374 2.843,2.037 0.162 1.23
28.88 0.86 24.0:6.161 0.907 2.186
19.6 2.11 14.0:3.586 0.178 2.324
22.78 15.42 27.0:2.648 0.467 1.118
13.51 8.05 1.0:5.915 0.803 1.839
0.51 11.06 5.0:3.125 1.595 2.03
4.31 23.12 20.0:2.297 0.535 1.546
19.68 25.62 5.0:0.25 0.629 1.876
16.32 3.73 3.0:0.923 0.833 1.289
7.14 25.9 13.0:4.62 0.51 3.212,1.472 1.41 1.024
1.04 13.47 6.0:6.124 0.282 2.002
17.46 2.56 28.0:1.729 0.281 2.167,0.238 0.228 2.067
23.49 17.75 5.0:2.221 1.94 1.071
11.96 15.15 17.0:4.654 0.21 1.725
22.85 14.85 2.0:0.894 0.246 1.009,5.071 0.618 1.567
28.47 6.08 23.0:2.305 0.557 1.166
6.52 19.42 17.0:4.415 0.862 3.037,2.038 0.304 1.044
26.85 25.82 6.0:5.183 0.212 1.562,2.341 1.518 1.851
21.48 10.3 21.0:1.661 1.362 2.08
29.08 2.62 18.0:1.016 0.242 2.082
22.54 18.26 14.0:1.44 0.663 1.509
4.46 7.85 7.0:4.567 1.478 1.234,2.449 0.545 1.112
21.61 23.16 4.0:0.974 1.623 1.153
6.82 21.1 13.0:5.496 1.284 1.127
6.48 2.46 25.0:4.076 1.339 2.123
26.7 3.44 27.0:1.833 1.84 1.216
7.03 28.12 1.0:3.336 0.254 1.817
20.3 3.86 2.0:4.029 1.109 1.374
17.02 12.33 17.0:1.69 0.255 1.006
0.2 24.8 3.0:6.004 0.223 1.953,5.105 0.352 1.882
13.97 18.49 4.0:0.595 1.955 1.497
1.88 3.33 13.0:5.256 1.66 2.134
14.25 23.83 1.0:1.479 0.162 4.854,4.579 0.178 1.12
27.22 11.98 16.0:1.637 1.822 1.287
22.05 7.74 10.0:3.239 0.26 1.999
3.08 21.03 13.0:5.77 0.312 1.138
12.66 26.02 3.0:2.392 1.749 1.922
3.69 14.33 21.0:2.234 0.292 1.274
26.93 13.06 24.0:5.245 0.432 3.764,5.875 0.181 1.064
1.57 19.84 19.0:3.46 1.87 1.61
19.01 14.36 13.0:4.665 0.716 2.34
14.24 18.8 19.0:5.6 1.356 1.913
20.49 13.59 8.0:0.351 0.445 1.93
3.3 17.86 1.0:4.482 0.188 2.438
28.72 20.92 29.0:3.65 0.946 2.798
7.49 6.59 24.0:4.078 1.459 1.203
12.19 16.11 1.0:3.707 0.131 1.394,1.332 0.448 1.098
17.52 0.97 10.0:2.634 1.07 2.442
10.35 6.18 11.0:1.61 0.218 1.496
13.61 21.12 17.0:6.26 0.228 1.731
0.26 14.37 13.0:0.093 1.41 1.736
12.58 26.64 16.0:3.159 1.354 2.125
21.57 24.07 2.0:0.009 0.873 4.93
14.5 0.3 22.0:1.406 0.642 1.288
25.6 22.91 2.0:0.524 0.209 2.315,3.599 0.383 1.298
10.92 4.13 8.0:0.428 1.546 1.337
26.65 20.04 28.0:0.183 0.229 1.174
18.63 4.3 24.0:1.093 1.042 1.119
7.29 16.28 12.0:0.244 0.255 1.392
4.34 9.51 5.0:3.733 0.365 1.001