100 1
18.190 6.320 0
2.380 18.260 0
15.52 28.03 7.0:5.928 1.58 1.646
9.0 28.01 5.0:2.578 0.519 1.147,3.725 0.219 1.93
16.93 2.09 24.0:3.403 1.199 1.498
8.64 19.85 3.0:0.465 1.859 1.672
18.43 29.93 23.0:4.178 1.182 1.176,2.005 0.712 1.026
3.94 10.77 3.0:2.988 0.272 1.874
14.78 7.61 26.0:1.28 0.212 2.485,6.062 0.179 2.443
2.41 25.06 24.0:1.857 0.761 1.593
18.41 11.88 16.0:4.05 0.256 2.455,2.331 1.03 1.63
14.91 17.24 21.0:1.458 0.159 1.052,4.574 0.227 3.884
7.14 0.48 6.0:2.236 1.046 1.131,5.327 0.343 1.057
13.44 24.76 17.0:0.139 0.958 1.643
17.54 29.43 27.0:1.133 0.726 1.234,3.478 0.645 1.46
16.71 9.5 27.0:4.997 1.781 1.749
12.38 26.66 1.0:0.942 1.931 1.564
25.69 6.34 6.0:3.867 1.377 1.173
11.62 24.0 27.0:1.819 0.219 1.991,3.763 0.156 4.635
10.24 3.02 23.0:3.431 0.841 2.526
3.54 26.16 18.0:6.225 0.249 1.571
17.86 19.36 13.0:4.644 1.275 1.218,0.947 0.323 4.558
3.77 7.84 1.0:1.317 0.15 1.669
14.2 19.64 13.0:2.949 2.0 2.779
15.88 5.54 21.0:3.446 1.682 1.324
1.32 19.32 23.0:0.499 0.371 1.204,4.129 0.246 1.527
20.5 25.33 16.0:2.59 1.358 3.483
16.76 19.84 8.0:4.852 0.267 1.551
27.5 17.66 24.0:4.562 1.534 2.149
19.41 20.67 15.0:5.138 1.637 3.855
20.49 14.03 24.0:3.211 0.381 2.349,5.313 0.19 1.921,0.932 0.907 2.478
20.9 7.67 8.0:2.688 1.613 1.587
2.75 25.4 5.0:6.028 0.717 3.512
16.1 19.74 3.0:1.42 1.333 1.647
0.43 1.12 9.0:5.514 0.178 1.737,2.579 0.149 1.668
13.57 9.41 11.0:1.694 1.409 3.414
0.3 9.16 7.0:0.649 0.485 2.059,3.766 1.438 2.643
0.45 23.35 10.0:1.543 0.629 1.324,3.341 0.853 1.529
22.69 23.13 13.0:4.371 0.208 3.143
19.12 20.2 13.0:2.899 1.888 1.541
7.0 21.44 8.0:0.324 0.18 1.231,2.324 0.434 1.524
28.88 0.86 24.0:6.079 0.348 1.288
19.6 2.11 14.0:4.972 1.975 1.688
22.78 15.42 27.0:6.126 0.291 1.684
13.51 8.05 1.0:2.329 1.184 3.172
0.51 11.06 5.0:3.687 0.562 1.346
4.31 23.12 20.0:2.559 1.242 1.612
19.68 25.62 5.0:2.375 0.169 4.442
16.32 3.73 3.0:2.885 1.384 2.776
7.14 25.9 13.0:4.33 0.225 3.106,2.252 0.614 2.692
1.04 13.47 6.0:2.455 1.841 2.005
17.46 2.56 28.0:1.094 0.294 1.005
23.49 17.75 5.0:4.229 0.64 2.288,2.801 0.467 1.906
11.96 15.15 17.0:3.337 0.138 2.451,0.27 0.165 1.605
22.85 14.85 2.0:5.704 0.755 1.364
28.47 6.08 23.0:2.513 1.228 1.335
6.52 19.42 17.0:4.981 0.403 3.978,2.167 0.278 2.528
26.85 25.82 6.0:2.798 1.385 2.05
21.48 10.3 21.0:4.625 0.277 1.04
29.08 2.62 18.0:5.668 1.886 1.754
22.54 18.26 14.0:3.074 1.334 2.559
4.46 7.85 7.0:2.364 1.114 1.594
21.61 23.16 4.0:5.696 1.237 1.937
6.82 21.1 13.0:0.576 0.786 2.208
6.48 2.46 25.0:4.725 0.72 1.363
26.7 3.44 27.0:1.948 1.919 2.45
7.03 28.12 1.0:1.332 0.697 3.281,4.351 1.029 1.761
20.3 3.86 2.0:3.267 0.437 2.676
17.02 12.33 17.0:5.944 1.403 1.231
0.2 24.8 3.0:0.091 0.181 1.061
13.97 18.49 4.0:2.645 1.084 1.033
1.88 3.33 13.0:4.143 0.523 2.478
14.25 23.83 1.0:4.995 1.708 6.317
27.22 11.98 16.0:3.197 1.095 1.732,4.944 0.244 1.647
22.05 7.74 10.0:3.373 0.84 2.077
3.08 21.03 13.0:2.912 1.023 1.53
12.66 26.02 3.0:2.894 0.472 1.018
3.69 14.33 21.0:3.706 1.641 2.124
26.93 13.06 24.0:1.131 1.27 1.211
1.57 19.84 19.0:4.448 0.14 1.987,4.949 0.133 1.338,1.956 0.783 4.271
19.01 14.36 13.0:3.83 0.155 1.222,1.748 0.936 4.101,4.896 0.488 6.642
14.24 18.8 19.0:2.94 1.865 3.512
20.49 13.59 8.0:1.802 0.179 1.146
3.3 17.86 1.0:4.085 0.303 6.097,1.27 0.196 2.056
28.72 20.92 29.0:6.196 0.179 1.293
7.49 6.59 24.0:1.848 0.469 1.098
12.19 16.11 1.0:2.889 0.135 5.279,4.333 0.343 1.904
17.52 0.97 10.0:5.896 2.006 1.414
10.35 6.18 11.0:6.13 0.557 1.944
13.61 21.12 17.0:3.519 0.137 1.102
0.26 14.37 13.0:2.962 0.445 1.912
12.58 26.64 16.0:5.175 0.719 1.778,2.08 0.792 3.149
21.57 24.07 2.0:0.885 1.824 2.994
14.5 0.3 22.0:2.395 0.492 4.324
25.6 22.91 2.0:6.18 0.157 1.553
10.92 4.13 8.0:1.263 1.293 2.228
26.65 20.04 28.0:2.712 1.051 1.021
18.63 4.3 24.0:4.165 1.262 1.269
7.29 16.28 12.0:2.774 0.916 1.191
4.34 9.51 5.0:3.577 0.43 2.306