100, 1
18.190 6.320 0
2.380 18.260 0
15.52 28.03 7.0:5.061 0.339 1.0
9.0 28.01 5.0:3.353 0.925 1.442
16.93 2.09 24.0:1.556 0.307 1.281
8.64 19.85 3.0:2.244 0.688 1.444
18.43 29.93 23.0:4.166 1.649 4.092
3.94 10.77 3.0:3.824 1.31 2.506
14.78 7.61 26.0:1.686 1.501 3.118,4.519 0.19 1.337
2.41 25.06 24.0:5.299 0.497 2.876
18.41 11.88 16.0:1.883 0.377 1.248,4.404 1.629 1.493
14.91 17.24 21.0:1.369 0.205 3.069
7.14 0.48 6.0:2.225 1.6 2.043
13.44 24.76 17.0:5.476 0.546 1.907,3.154 1.382 1.149
17.54 29.43 27.0:4.95 0.388 1.141
16.71 9.5 27.0:0.91 0.725 1.178
12.38 26.66 1.0:1.837 0.351 2.838
25.69 6.34 6.0:0.182 1.816 2.601
11.62 24.0 27.0:1.488 0.357 2.644,5.169 0.756 1.145
10.24 3.02 23.0:1.1 1.418 1.807
3.54 26.16 18.0:5.299 1.442 1.383
17.86 19.36 13.0:2.859 0.767 1.505,4.762 0.406 1.672
3.77 7.84 1.0:0.44 1.618 2.159
14.2 19.64 13.0:0.681 0.231 1.578,5.819 0.142 1.268
15.88 5.54 21.0:4.692 1.686 1.503
1.32 19.32 23.0:3.337 0.631 1.546
20.5 25.33 16.0:4.893 1.515 3.955
16.76 19.84 8.0:5.374 1.511 2.216
27.5 17.66 24.0:1.544 0.735 1.925
19.41 20.67 15.0:5.34 0.959 1.127
20.49 14.03 24.0:0.523 0.184 1.235,3.599 0.553 1.23
20.9 7.67 8.0:4.394 0.269 1.167,5.263 0.191 2.646,1.879 1.603 1.092
2.75 25.4 5.0:6.04 0.308 2.874
16.1 19.74 3.0:4.203 1.915 1.441
0.43 1.12 9.0:0.512 0.381 2.685
13.57 9.41 11.0:0.102 0.871 1.635
0.3 9.16 7.0:1.889 0.235 1.531,5.124 0.709 1.244
0.45 23.35 10.0:1.661 1.571 2.836
22.69 23.13 13.0:1.955 0.183 3.379
19.12 20.2 13.0:3.336 0.285 1.117,1.18 0.838 1.144
7.0 21.44 8.0:1.751 0.269 1.839,5.44 0.322 1.757
28.88 0.86 24.0:1.579 0.442 1.657
19.6 2.11 14.0:5.7 0.828 1.818
22.78 15.42 27.0:0.81 1.726 2.261
13.51 8.05 1.0:3.917 1.031 1.393
0.51 11.06 5.0:6.075 1.145 3.718
4.31 23.12 20.0:1.046 0.747 1.527
19.68 25.62 5.0:0.571 1.658 3.289
16.32 3.73 3.0:2.517 0.628 3.246
7.14 25.9 13.0:4.229 1.215 1.91
1.04 13.47 6.0:6.253 0.538 2.17
17.46 2.56 28.0:5.299 0.957 2.629,1.309 0.551 1.007
23.49 17.75 5.0:2.239 0.335 1.237,3.75 0.532 1.173
11.96 15.15 17.0:4.071 0.538 2.119
22.85 14.85 2.0:2.338 0.144 1.474
28.47 6.08 23.0:2.79 0.867 1.34,0.662 0.428 1.118
6.52 19.42 17.0:2.744 1.821 2.62
26.85 25.82 6.0:5.378 1.851 1.262
21.48 10.3 21.0:2.344 0.17 5.245,4.509 1.325 1.005,0.393 0.32 1.773
29.08 2.62 18.0:1.353 0.129 3.856,4.391 1.434 2.507
22.54 18.26 14.0:1.015 0.923 2.481,4.141 1.105 5.844
4.46 7.85 7.0:1.393 0.13 1.789
21.61 23.16 4.0:1.102 1.638 3.091
6.82 21.1 13.0:1.889 1.064 1.265
6.48 2.46 25.0:4.889 0.741 1.532
26.7 3.44 27.0:1.454 1.138 3.824
7.03 28.12 1.0:5.112 1.221 1.736
20.3 3.86 2.0:4.259 0.77 2.029
17.02 12.33 17.0:3.013 0.854 1.812
0.2 24.8 3.0:3.192 1.128 1.854,1.053 0.744 2.618
13.97 18.49 4.0:5.314 0.355 2.081
1.88 3.33 13.0:1.379 0.451 1.234
14.25 23.83 1.0:2.412 0.218 3.227,4.094 1.27 1.199
27.22 11.98 16.0:0.653 0.567 1.227,2.809 0.404 1.597,1.714 0.352 2.513
22.05 7.74 10.0:5.028 0.373 3.227,2.315 0.654 1.584
3.08 21.03 13.0:1.982 1.739 1.295
12.66 26.02 3.0:3.317 0.855 1.096
3.69 14.33 21.0:5.664 0.211 4.327,3.731 1.044 2.018
26.93 13.06 24.0:4.73 1.466 2.313,2.012 0.282 2.829
1.57 19.84 19.0:1.405 1.116 2.586,5.688 0.49 2.169
19.01 14.36 13.0:3.716 1.516 1.284
14.24 18.8 19.0:2.656 1.285 2.124
20.49 13.59 8.0:5.006 0.651 1.832,1.693 0.561 2.515
3.3 17.86 1.0:1.926 1.211 1.642
28.72 20.92 29.0:3.565 1.754 2.816
7.49 6.59 24.0:0.243 1.611 1.09
12.19 16.11 1.0:2.805 1.846 1.024
17.52 0.97 10.0:1.951 0.955 2.583,5.024 0.359 1.849
10.35 6.18 11.0:3.141 1.299 1.416,5.526 0.562 1.925
13.61 21.12 17.0:0.74 0.343 3.366,1.878 0.58 3.968
0.26 14.37 13.0:1.302 0.963 1.959
12.58 26.64 16.0:2.598 0.995 1.083
21.57 24.07 2.0:2.13 1.28 3.888,3.826 0.303 1.545
14.5 0.3 22.0:6.249 0.349 1.226
25.6 22.91 2.0:1.395 0.483 1.388
10.92 4.13 8.0:0.494 0.385 2.479
26.65 20.04 28.0:5.966 0.159 1.467
18.63 4.3 24.0:3.645 0.489 3.276
7.29 16.28 12.0:0.608 1.395 1.67
4.34 9.51 5.0:0.282 1.146 1.217