100 1
18.190 6.320 0
2.380 18.260 0
15.52 28.03 7.0:3.788 1.975 1.463
9.0 28.01 5.0:4.621 0.973 1.573,3.256 0.202 1.253
16.93 2.09 24.0:1.97 0.598 1.301
8.64 19.85 3.0:2.663 1.701 1.536
18.43 29.93 23.0:3.415 0.404 2.522
3.94 10.77 3.0:2.886 0.845 2.121
14.78 7.61 26.0:0.568 0.324 1.796,4.266 0.196 1.526
2.41 25.06 24.0:1.344 1.25 1.682
18.41 11.88 16.0:3.793 0.148 1.701
14.91 17.24 21.0:3.408 1.17 2.41
7.14 0.48 6.0:5.04 0.202 1.871
13.44 24.76 17.0:4.336 1.879 1.878
17.54 29.43 27.0:5.792 0.147 1.297
16.71 9.5 27.0:0.143 0.725 3.868
12.38 26.66 1.0:0.928 0.321 1.123,5.831 0.409 1.641
25.69 6.34 6.0:4.549 1.469 2.294,1.223 0.298 1.125
11.62 24.0 27.0:4.765 1.344 1.619
10.24 3.02 23.0:0.23 0.8 1.153
3.54 26.16 18.0:0.607 1.579 1.078
17.86 19.36 13.0:5.998 0.998 1.266
3.77 7.84 1.0:2.05 1.704 1.279,5.265 0.182 1.387
14.2 19.64 13.0:6.199 0.177 1.4
15.88 5.54 21.0:4.09 0.345 1.368,1.137 0.987 4.629
1.32 19.32 23.0:4.912 1.825 1.215
20.5 25.33 16.0:6.012 0.714 2.408
16.76 19.84 8.0:3.316 1.826 1.462
27.5 17.66 24.0:4.293 0.4 1.267,3.142 0.519 2.05
19.41 20.67 15.0:0.28 1.966 7.218
20.49 14.03 24.0:5.314 0.332 1.7
20.9 7.67 8.0:4.113 0.288 1.068
2.75 25.4 5.0:4.786 0.928 1.481
16.1 19.74 3.0:0.368 0.366 1.631,4.398 1.453 1.34
0.43 1.12 9.0:1.566 0.58 1.404
13.57 9.41 11.0:5.109 1.448 1.13
0.3 9.16 7.0:5.187 0.226 2.152,4.715 0.138 1.525
0.45 23.35 10.0:6.113 1.975 1.669
22.69 23.13 13.0:3.05 1.868 2.119
19.12 20.2 13.0:4.118 0.978 1.028
7.0 21.44 8.0:4.656 1.631 3.316
28.88 0.86 24.0:2.674 0.24 1.177
19.6 2.11 14.0:3.325 1.22 1.004
22.78 15.42 27.0:5.042 1.192 1.53
13.51 8.05 1.0:3.005 0.355 1.727,4.175 0.571 1.339
0.51 11.06 5.0:3.124 0.316 1.732,1.403 0.583 2.904,4.499 0.765 1.707
4.31 23.12 20.0:1.469 0.384 1.499
19.68 25.62 5.0:5.97 0.265 1.947,3.619 0.517 4.725
16.32 3.73 3.0:0.859 1.248 2.426
7.14 25.9 13.0:0.986 0.245 1.306,2.796 0.886 1.694
1.04 13.47 6.0:1.097 1.651 1.526
17.46 2.56 28.0:1.569 1.433 1.618
23.49 17.75 5.0:6.077 0.17 1.303
11.96 15.15 17.0:0.808 0.982 2.551
22.85 14.85 2.0:1.261 1.107 3.119,4.943 1.006 1.052
28.47 6.08 23.0:5.603 1.639 1.609
6.52 19.42 17.0:4.074 0.168 1.387
26.85 25.82 6.0:5.166 2.009 1.557
21.48 10.3 21.0:1.609 0.397 3.738
29.08 2.62 18.0:2.909 1.539 2.597
22.54 18.26 14.0:2.289 0.544 1.537
4.46 7.85 7.0:1.228 1.627 4.169
21.61 23.16 4.0:2.071 0.98 1.064
6.82 21.1 13.0:4.207 0.144 1.53
6.48 2.46 25.0:5.797 1.588 2.11
26.7 3.44 27.0:4.951 0.207 3.896
7.03 28.12 1.0:2.554 0.656 1.313
20.3 3.86 2.0:5.259 0.328 1.198,0.432 0.158 1.792
17.02 12.33 17.0:3.631 0.149 3.216
0.2 24.8 3.0:1.958 0.895 1.526
13.97 18.49 4.0:1.175 1.324 1.851
1.88 3.33 13.0:2.349 0.218 1.03
14.25 23.83 1.0:3.415 0.144 2.024
27.22 11.98 16.0:1.456 0.384 1.388
22.05 7.74 10.0:4.832 1.539 2.306
3.08 21.03 13.0:4.879 0.675 1.637
12.66 26.02 3.0:5.517 0.152 3.152,2.12 1.416 1.15
3.69 14.33 21.0:3.391 0.46 1.07
26.93 13.06 24.0:3.344 0.382 1.576
1.57 19.84 19.0:0.561 1.597 1.12
19.01 14.36 13.0:3.581 0.346 1.534
14.24 18.8 19.0:0.299 0.735 1.625
20.49 13.59 8.0:1.892 0.291 2.609
3.3 17.86 1.0:5.718 0.404 1.582
28.72 20.92 29.0:4.605 0.936 1.205,0.372 0.371 1.176
7.49 6.59 24.0:1.916 0.622 1.131
12.19 16.11 1.0:2.667 0.172 1.142
17.52 0.97 10.0:2.234 1.959 1.052
10.35 6.18 11.0:5.166 1.049 1.288
13.61 21.12 17.0:2.745 0.619 1.448
0.26 14.37 13.0:2.144 0.715 1.41
12.58 26.64 16.0:2.855 1.177 1.138
21.57 24.07 2.0:4.608 1.493 2.061,0.685 0.654 2.852,2.275 0.497 1.357
14.5 0.3 22.0:4.23 0.646 1.402
25.6 22.91 2.0:2.44 1.328 1.416
10.92 4.13 8.0:0.663 0.181 1.563,4.249 0.869 1.206
26.65 20.04 28.0:0.38 0.66 1.044
18.63 4.3 24.0:1.739 1.007 2.51
7.29 16.28 12.0:3.77 1.936 1.763
4.34 9.51 5.0:0.137 1.694 1.228