100 1
18.190 6.320 0
2.380 18.260 0
15.52 28.03 7.0:5.015 0.72 1.185,1.961 1.211 2.49
9.0 28.01 5.0:2.067 1.042 1.192
16.93 2.09 24.0:4.656 0.409 1.08
8.64 19.85 3.0:3.429 0.695 1.471
18.43 29.93 23.0:6.264 1.58 1.986
3.94 10.77 3.0:5.964 0.155 1.023
14.78 7.61 26.0:1.761 0.222 2.765,4.484 0.147 1.72
2.41 25.06 24.0:2.012 1.533 2.832
18.41 11.88 16.0:1.527 1.054 2.931,5.782 0.156 3.113
14.91 17.24 21.0:2.746 0.924 1.767
7.14 0.48 6.0:2.654 0.476 2.419
13.44 24.76 17.0:2.231 0.865 1.179
17.54 29.43 27.0:2.05 1.289 1.044
16.71 9.5 27.0:6.031 1.846 2.304
12.38 26.66 1.0:2.007 0.299 1.604,4.617 0.566 1.447
25.69 6.34 6.0:2.226 1.264 2.252
11.62 24.0 27.0:4.777 0.675 2.058,5.799 0.256 1.415
10.24 3.02 23.0:4.345 0.564 2.374
3.54 26.16 18.0:3.932 0.384 1.484
17.86 19.36 13.0:0.775 0.195 2.284,1.7 0.49 2.146
3.77 7.84 1.0:0.626 0.245 2.579
14.2 19.64 13.0:2.084 0.201 1.969,4.704 0.904 1.851
15.88 5.54 21.0:2.476 0.366 1.28
1.32 19.32 23.0:4.223 1.047 2.033
20.5 25.33 16.0:0.421 1.703 1.432
16.76 19.84 8.0:3.067 1.466 1.65,0.72 0.258 4.126
27.5 17.66 24.0:4.065 0.944 1.305,2.33 0.162 2.696
19.41 20.67 15.0:0.114 0.33 1.219
20.49 14.03 24.0:2.588 0.81 1.151,4.319 0.778 1.867
20.9 7.67 8.0:3.661 0.355 1.111
2.75 25.4 5.0:3.7 1.122 3.422
16.1 19.74 3.0:0.093 0.246 1.238
0.43 1.12 9.0:2.996 0.742 1.128
13.57 9.41 11.0:4.619 0.251 2.717,2.125 0.82 3.16
0.3 9.16 7.0:1.929 0.287 4.819
0.45 23.35 10.0:2.074 0.393 1.827
22.69 23.13 13.0:4.405 1.705 1.047
19.12 20.2 13.0:1.235 1.026 1.12
7.0 21.44 8.0:1.096 0.841 3.511
28.88 0.86 24.0:2.0 1.078 2.048
19.6 2.11 14.0:2.208 0.642 1.434
22.78 15.42 27.0:6.151 1.454 2.592
13.51 8.05 1.0:1.272 0.396 2.44,5.232 0.186 1.164,0.557 0.273 1.504
0.51 11.06 5.0:1.229 0.308 2.486,4.186 0.49 2.884
4.31 23.12 20.0:0.48 1.445 1.296
19.68 25.62 5.0:5.411 0.298 3.94,1.678 0.137 1.099
16.32 3.73 3.0:3.72 1.918 1.057,0.382 0.361 3.018
7.14 25.9 13.0:3.464 0.854 2.588,2.051 0.524 1.808
1.04 13.47 6.0:4.492 0.464 1.4
17.46 2.56 28.0:2.534 0.253 5.208
23.49 17.75 5.0:1.729 0.68 3.102
11.96 15.15 17.0:5.124 0.805 1.191,3.153 0.83 2.406
22.85 14.85 2.0:4.674 0.43 2.255
28.47 6.08 23.0:6.114 1.098 2.595
6.52 19.42 17.0:1.2 1.18 1.144
26.85 25.82 6.0:4.224 1.469 2.174
21.48 10.3 21.0:6.007 0.21 2.261,3.473 1.638 1.046
29.08 2.62 18.0:2.089 0.496 1.419,4.011 0.481 1.192
22.54 18.26 14.0:3.89 1.798 1.498
4.46 7.85 7.0:5.996 0.206 2.917
21.61 23.16 4.0:4.087 0.208 1.834
6.82 21.1 13.0:4.62 0.781 3.066
6.48 2.46 25.0:4.761 0.524 1.496,1.253 0.654 1.28
26.7 3.44 27.0:6.227 0.837 1.882
7.03 28.12 1.0:3.537 1.139 1.671,1.505 0.341 1.059
20.3 3.86 2.0:2.633 0.217 2.02,2.137 0.149 1.507
17.02 12.33 17.0:4.805 1.747 2.8
0.2 24.8 3.0:4.899 0.134 2.154,5.683 0.148 1.131
13.97 18.49 4.0:4.504 0.525 2.729,2.83 0.169 4.028
1.88 3.33 13.0:2.254 1.83 1.828
14.25 23.83 1.0:5.906 0.817 1.341
27.22 11.98 16.0:0.446 0.934 2.093
22.05 7.74 10.0:5.509 1.261 1.127
3.08 21.03 13.0:1.478 0.335 1.272
12.66 26.02 3.0:2.734 0.308 1.521,3.525 0.293 1.558
3.69 14.33 21.0:5.259 0.343 1.232
26.93 13.06 24.0:1.338 0.551 1.98
1.57 19.84 19.0:0.414 1.511 1.34
19.01 14.36 13.0:5.795 0.192 1.784,3.838 0.243 4.528,2.683 0.41 1.722
14.24 18.8 19.0:6.016 1.524 2.135
20.49 13.59 8.0:1.793 1.932 1.466
3.3 17.86 1.0:6.019 0.649 1.445
28.72 20.92 29.0:0.76 1.222 2.034
7.49 6.59 24.0:4.576 0.203 1.619
12.19 16.11 1.0:2.487 1.704 1.083,4.543 0.248 2.25
17.52 0.97 10.0:4.989 1.103 1.578,1.924 0.686 1.875
10.35 6.18 11.0:3.45 0.493 3.221,1.31 0.705 1.471
13.61 21.12 17.0:4.963 0.701 2.865
0.26 14.37 13.0:1.49 0.837 3.322
12.58 26.64 16.0:4.313 1.334 1.238
21.57 24.07 2.0:1.609 0.529 2.936,5.486 0.189 2.463
14.5 0.3 22.0:0.625 0.151 3.169
25.6 22.91 2.0:2.962 0.22 3.355
10.92 4.13 8.0:2.447 1.579 1.28
26.65 20.04 28.0:3.883 0.652 1.829
18.63 4.3 24.0:3.716 1.481 1.267,1.087 0.15 1.29
7.29 16.28 12.0:5.217 1.409 1.393
4.34 9.51 5.0:5.308 0.706 1.837