100 1
18.190 6.320 0
2.380 18.260 0
15.52 28.03 7.0:5.618 0.87 4.42
9.0 28.01 5.0:3.447 0.433 1.693
16.93 2.09 24.0:5.725 0.522 2.513,2.328 1.774 2.454
8.64 19.85 3.0:3.75 0.768 1.204
18.43 29.93 23.0:3.176 0.623 1.751,1.306 1.113 1.818
3.94 10.77 3.0:4.575 1.851 5.606
14.78 7.61 26.0:4.137 0.357 2.503
2.41 25.06 24.0:4.399 0.774 4.73,5.752 0.362 1.457
18.41 11.88 16.0:4.743 0.633 1.676,2.731 0.347 2.284
14.91 17.24 21.0:5.232 1.02 1.25
7.14 0.48 6.0:3.614 0.127 1.777,5.606 0.256 2.241
13.44 24.76 17.0:1.244 0.309 2.06
17.54 29.43 27.0:1.934 0.783 1.17,4.677 1.231 2.734
16.71 9.5 27.0:3.705 0.333 2.122
12.38 26.66 1.0:4.711 1.061 1.7,2.243 0.153 1.493
25.69 6.34 6.0:0.749 0.748 1.744,2.44 0.587 1.803
11.62 24.0 27.0:0.574 1.331 3.462
10.24 3.02 23.0:2.015 0.543 4.172,4.318 1.376 1.902
3.54 26.16 18.0:0.019 0.332 1.662
17.86 19.36 13.0:3.3 0.462 4.142,1.32 0.789 1.925
3.77 7.84 1.0:4.094 1.644 2.375
14.2 19.64 13.0:1.16 1.746 1.944
15.88 5.54 21.0:4.331 0.746 2.903
1.32 19.32 23.0:4.931 0.464 1.331,2.376 1.745 2.027
20.5 25.33 16.0:5.931 0.384 1.112
16.76 19.84 8.0:1.68 1.206 1.087
27.5 17.66 24.0:1.733 1.567 1.503
19.41 20.67 15.0:5.759 1.443 1.164
20.49 14.03 24.0:4.037 0.926 3.492
20.9 7.67 8.0:0.148 0.388 1.121
2.75 25.4 5.0:4.487 0.694 1.828,3.39 0.399 1.31
16.1 19.74 3.0:2.822 0.492 1.51
0.43 1.12 9.0:4.522 0.493 3.385
13.57 9.41 11.0:4.158 1.945 2.758
0.3 9.16 7.0:5.008 1.034 2.155
0.45 23.35 10.0:3.828 0.153 1.11
22.69 23.13 13.0:3.224 1.341 1.012
19.12 20.2 13.0:0.079 1.597 3.459
7.0 21.44 8.0:5.047 1.401 3.229
28.88 0.86 24.0:6.093 1.152 1.101
19.6 2.11 14.0:0.71 0.473 1.132
22.78 15.42 27.0:0.156 0.167 1.927
13.51 8.05 1.0:4.598 1.042 1.722,2.571 0.241 2.037
0.51 11.06 5.0:4.035 1.272 1.476
4.31 23.12 20.0:0.889 0.42 1.494,3.482 1.222 1.706
19.68 25.62 5.0:6.252 0.6 1.103
16.32 3.73 3.0:1.094 1.564 1.012
7.14 25.9 13.0:4.259 0.196 3.949,3.731 0.197 2.091
1.04 13.47 6.0:1.525 1.302 2.399
17.46 2.56 28.0:3.462 0.14 1.209
23.49 17.75 5.0:0.287 1.271 2.272
11.96 15.15 17.0:2.009 0.474 2.514,3.101 0.351 2.467
22.85 14.85 2.0:3.614 0.208 1.376,5.697 0.154 1.799
28.47 6.08 23.0:4.339 0.414 1.424,1.738 0.199 1.122
6.52 19.42 17.0:2.333 1.552 1.343
26.85 25.82 6.0:2.42 1.364 1.179,0.372 0.301 2.126
21.48 10.3 21.0:5.225 0.203 1.398,3.742 0.826 1.907
29.08 2.62 18.0:3.105 1.048 3.817
22.54 18.26 14.0:1.426 1.534 1.13
4.46 7.85 7.0:5.929 0.723 1.097
21.61 23.16 4.0:2.436 1.704 4.191
6.82 21.1 13.0:3.534 0.612 1.25,1.691 0.448 1.072
6.48 2.46 25.0:1.571 1.881 1.057
26.7 3.44 27.0:4.457 1.323 2.093
7.03 28.12 1.0:3.085 1.756 4.049,5.087 0.242 1.069
20.3 3.86 2.0:1.399 0.723 1.78
17.02 12.33 17.0:2.139 1.734 1.051,5.091 0.385 1.392
0.2 24.8 3.0:2.832 0.357 1.221
13.97 18.49 4.0:3.647 1.228 1.984,0.777 0.476 1.357
1.88 3.33 13.0:0.585 1.395 2.402
14.25 23.83 1.0:0.209 1.301 1.46
27.22 11.98 16.0:4.002 0.204 1.198,0.958 0.484 4.975
22.05 7.74 10.0:1.221 1.274 1.279
3.08 21.03 13.0:6.207 0.203 1.083
12.66 26.02 3.0:1.405 1.148 3.412
3.69 14.33 21.0:1.469 0.365 1.32
26.93 13.06 24.0:2.408 0.623 1.83
1.57 19.84 19.0:5.577 0.375 2.256
19.01 14.36 13.0:1.665 0.203 2.254
14.24 18.8 19.0:0.102 0.684 1.589
20.49 13.59 8.0:3.796 0.213 1.848
3.3 17.86 1.0:1.191 0.573 2.955,4.736 1.351 1.179
28.72 20.92 29.0:4.597 1.055 2.837,1.155 0.207 1.457
7.49 6.59 24.0:3.441 0.306 2.069
12.19 16.11 1.0:6.049 0.468 1.028
17.52 0.97 10.0:1.307 1.187 1.826
10.35 6.18 11.0:3.961 0.441 1.823,3.019 0.461 2.214
13.61 21.12 17.0:1.317 0.676 1.941
0.26 14.37 13.0:0.781 0.774 1.032
12.58 26.64 16.0:0.786 0.299 1.199,4.045 0.598 3.241
21.57 24.07 2.0:2.53 0.832 3.542
14.5 0.3 22.0:1.204 0.623 1.097
25.6 22.91 2.0:0.244 0.676 2.157
10.92 4.13 8.0:5.026 1.387 1.766
26.65 20.04 28.0:3.151 1.113 2.219
18.63 4.3 24.0:1.921 0.785 2.116
7.29 16.28 12.0:4.868 0.47 2.468,2.736 1.268 2.107
4.34 9.51 5.0:4.287 0.193 1.737,1.692 1.12 2.246