100 1
18.190 6.320 0
2.380 18.260 0
15.52 28.03 7.0:3.914 0.277 1.899
9.0 28.01 5.0:1.21 0.411 1.3,3.797 0.666 1.503
16.93 2.09 24.0:6.093 0.883 1.346
8.64 19.85 3.0:1.442 0.76 2.966,0.289 0.161 3.279
18.43 29.93 23.0:4.201 0.41 1.681
3.94 10.77 3.0:1.077 0.733 1.205
14.78 7.61 26.0:5.224 0.16 3.309
2.41 25.06 24.0:5.565 0.269 3.336,1.673 0.834 2.333
18.41 11.88 16.0:5.703 0.866 1.973
14.91 17.24 21.0:4.859 0.431 1.412
7.14 0.48 6.0:5.107 1.051 1.114
13.44 24.76 17.0:1.232 0.633 1.361
17.54 29.43 27.0:3.423 0.137 1.567
16.71 9.5 27.0:3.909 0.134 2.595
12.38 26.66 1.0:3.881 0.183 3.377
25.69 6.34 6.0:5.589 1.254 1.009
11.62 24.0 27.0:1.433 1.695 1.391
10.24 3.02 23.0:0.396 0.658 2.027
3.54 26.16 18.0:2.678 0.457 1.748,5.026 0.848 2.431
17.86 19.36 13.0:4.483 0.529 1.931,1.166 1.016 1.796
3.77 7.84 1.0:0.908 0.173 1.782,1.538 0.29 1.139
14.2 19.64 13.0:2.156 0.956 2.696
15.88 5.54 21.0:6.243 1.458 1.81
1.32 19.32 23.0:5.808 0.193 3.365
20.5 25.33 16.0:2.184 1.518 1.124
16.76 19.84 8.0:5.098 1.902 1.348
27.5 17.66 24.0:5.921 1.019 1.189
19.41 20.67 15.0:2.528 1.171 1.012
20.49 14.03 24.0:1.55 0.151 1.507
20.9 7.67 8.0:6.06 1.205 1.931
2.75 25.4 5.0:2.163 1.019 1.12,5.56 0.152 2.16
16.1 19.74 3.0:0.202 0.487 2.425
0.43 1.12 9.0:0.705 0.599 1.102
13.57 9.41 11.0:3.64 0.243 2.319,4.823 0.676 1.106
0.3 9.16 7.0:5.016 1.731 3.012
0.45 23.35 10.0:2.752 0.169 1.437,4.564 1.635 1.731
22.69 23.13 13.0:3.381 1.688 1.289
19.12 20.2 13.0:5.811 0.342 1.514,3.73 1.204 2.086
7.0 21.44 8.0:0.776 1.721 1.564
28.88 0.86 24.0:6.056 0.689 2.228
19.6 2.11 14.0:1.315 0.997 1.147,3.961 0.204 2.236
22.78 15.42 27.0:0.826 1.165 1.819
13.51 8.05 1.0:2.064 1.356 1.968
0.51 11.06 5.0:5.878 0.842 1.783
4.31 23.12 20.0:0.894 1.703 4.82
19.68 25.62 5.0:3.362 0.321 1.335,4.256 0.136 4.59
16.32 3.73 3.0:4.515 1.901 1.775
7.14 25.9 13.0:4.216 0.167 3.18
1.04 13.47 6.0:5.777 0.448 1.681,1.454 0.347 3.621,3.657 0.32 2.211
17.46 2.56 28.0:0.451 1.328 2.303
23.49 17.75 5.0:2.581 0.141 1.306
11.96 15.15 17.0:5.037 1.196 1.495
22.85 14.85 2.0:1.933 1.295 1.785,3.545 0.178 2.992
28.47 6.08 23.0:0.631 0.944 1.942
6.52 19.42 17.0:5.81 0.62 4.37
26.85 25.82 6.0:4.429 0.236 1.366
21.48 10.3 21.0:5.759 0.326 2.01
29.08 2.62 18.0:5.94 0.354 1.28
22.54 18.26 14.0:0.44 0.829 1.019
4.46 7.85 7.0:5.952 0.861 1.545
21.61 23.16 4.0:3.608 0.46 3.502
6.82 21.1 13.0:4.372 0.923 1.919,1.906 0.353 3.735
6.48 2.46 25.0:4.236 0.415 1.206
26.7 3.44 27.0:3.591 0.97 1.553
7.03 28.12 1.0:3.024 1.004 2.048
20.3 3.86 2.0:3.647 1.591 2.545
17.02 12.33 17.0:3.433 1.392 1.404
0.2 24.8 3.0:1.134 0.306 1.855,2.747 0.768 2.128
13.97 18.49 4.0:0.077 0.331 1.379
1.88 3.33 13.0:3.671 0.673 1.241
14.25 23.83 1.0:2.305 0.206 1.905,3.06 0.4 1.459
27.22 11.98 16.0:2.835 0.263 1.017,4.93 0.916 2.296,1.588 0.307 2.797
22.05 7.74 10.0:1.615 1.78 2.321
3.08 21.03 13.0:1.15 0.795 1.515,4.075 0.348 1.856
12.66 26.02 3.0:2.328 1.509 1.106
3.69 14.33 21.0:5.526 0.521 1.704,4.263 0.318 1.075
26.93 13.06 24.0:4.249 1.15 1.299
1.57 19.84 19.0:1.182 1.759 1.33
19.01 14.36 13.0:4.024 1.466 2.725
14.24 18.8 19.0:4.292 0.807 3.328,6.0 0.257 3.04
20.49 13.59 8.0:6.035 1.145 3.152
3.3 17.86 1.0:0.765 1.445 1.008
28.72 20.92 29.0:3.187 1.478 1.623
7.49 6.59 24.0:4.154 1.698 1.763,0.807 0.293 1.762
12.19 16.11 1.0:1.224 0.179 1.237
17.52 0.97 10.0:0.716 1.651 1.821
10.35 6.18 11.0:3.173 0.311 1.517,5.359 0.264 1.518
13.61 21.12 17.0:1.349 0.275 8.438
0.26 14.37 13.0:0.025 0.425 1.352
12.58 26.64 16.0:3.874 0.296 2.043
21.57 24.07 2.0:0.039 1.504 2.941
14.5 0.3 22.0:3.289 0.366 1.062,1.793 0.709 2.795
25.6 22.91 2.0:2.029 0.149 2.165
10.92 4.13 8.0:5.481 0.821 2.375
26.65 20.04 28.0:2.781 0.717 1.646,5.387 0.256 2.267
18.63 4.3 24.0:3.695 0.522 2.347,1.288 0.287 1.424
7.29 16.28 12.0:0.167 0.166 1.068,2.227 1.558 1.037
4.34 9.51 5.0:4.362 0.191 1.302