100 1
18.190 6.320 0
2.380 18.260 0
15.52 28.03 7.0:0.344 0.644 1.81
9.0 28.01 5.0:6.099 0.217 1.72
16.93 2.09 24.0:4.963 0.933 1.015
8.64 19.85 3.0:2.526 0.422 1.101
18.43 29.93 23.0:0.746 1.865 2.375
3.94 10.77 3.0:0.234 0.716 1.434
14.78 7.61 26.0:5.268 0.129 2.339,2.01 0.164 1.318
2.41 25.06 24.0:3.025 0.792 1.717,1.207 0.837 1.002,5.323 0.437 1.325
18.41 11.88 16.0:2.191 0.827 1.688
14.91 17.24 21.0:0.937 0.245 2.318
7.14 0.48 6.0:4.615 0.297 1.534
13.44 24.76 17.0:3.733 1.028 5.357
17.54 29.43 27.0:2.631 1.792 1.361
16.71 9.5 27.0:2.207 1.007 1.667
12.38 26.66 1.0:2.412 0.309 1.633
25.69 6.34 6.0:5.284 1.525 1.311
11.62 24.0 27.0:0.752 0.235 1.216,3.079 1.121 3.109,4.964 0.763 1.2
10.24 3.02 23.0:4.015 0.908 1.127
3.54 26.16 18.0:3.688 1.125 1.211
17.86 19.36 13.0:2.408 1.022 1.723
3.77 7.84 1.0:2.058 0.582 1.033,0.813 0.34 1.321
14.2 19.64 13.0:1.135 0.194 2.217,5.501 0.303 3.516
15.88 5.54 21.0:1.58 1.166 1.914
1.32 19.32 23.0:4.563 1.826 2.334
20.5 25.33 16.0:2.815 1.249 4.892
16.76 19.84 8.0:1.432 1.321 3.098,4.499 0.992 1.29
27.5 17.66 24.0:2.133 0.475 2.147
19.41 20.67 15.0:3.049 1.99 1.392
20.49 14.03 24.0:0.222 1.497 1.7
20.9 7.67 8.0:0.332 1.803 1.281
2.75 25.4 5.0:1.161 0.85 2.224,2.708 0.215 4.869,5.487 0.145 2.538
16.1 19.74 3.0:4.805 1.441 1.307
0.43 1.12 9.0:5.447 1.823 1.214
13.57 9.41 11.0:5.4 0.634 2.446,3.634 0.251 1.714
0.3 9.16 7.0:0.615 0.481 1.129
0.45 23.35 10.0:4.916 0.355 1.302,3.424 0.352 1.369
22.69 23.13 13.0:2.436 0.153 3.861,4.27 1.316 1.276
19.12 20.2 13.0:1.463 1.672 2.42
7.0 21.44 8.0:0.208 0.202 1.178,4.608 0.493 1.091
28.88 0.86 24.0:5.85 0.81 1.189
19.6 2.11 14.0:5.577 1.097 1.857
22.78 15.42 27.0:6.103 1.272 2.957
13.51 8.05 1.0:1.488 1.809 1.905
0.51 11.06 5.0:1.09 0.454 1.623,3.625 0.288 1.713
4.31 23.12 20.0:6.265 1.437 3.239
19.68 25.62 5.0:6.051 0.928 1.095
16.32 3.73 3.0:2.273 0.267 3.634
7.14 25.9 13.0:5.199 1.098 2.333
1.04 13.47 6.0:3.849 0.325 1.478
17.46 2.56 28.0:6.072 0.542 1.697
23.49 17.75 5.0:4.601 0.201 1.04,3.011 0.378 1.319
11.96 15.15 17.0:4.882 0.48 1.043,3.068 0.474 1.764
22.85 14.85 2.0:5.175 0.842 1.376
28.47 6.08 23.0:1.42 1.174 1.496
6.52 19.42 17.0:3.479 1.172 1.243,5.353 0.663 1.334
26.85 25.82 6.0:5.843 0.448 1.565
21.48 10.3 21.0:4.03 0.231 3.368,4.458 0.195 1.493
29.08 2.62 18.0:3.351 1.901 2.423
22.54 18.26 14.0:2.045 0.507 1.486,0.539 0.143 1.847
4.46 7.85 7.0:5.912 1.011 1.379
21.61 23.16 4.0:0.692 0.482 2.188
6.82 21.1 13.0:0.52 1.339 1.979
6.48 2.46 25.0:5.29 0.914 3.094
26.7 3.44 27.0:4.885 0.255 1.457,3.604 0.475 1.345
7.03 28.12 1.0:2.802 0.385 1.688,3.837 0.224 1.673,1.338 0.465 6.421
20.3 3.86 2.0:6.164 0.339 4.43
17.02 12.33 17.0:2.762 0.841 1.037
0.2 24.8 3.0:6.142 1.085 2.108
13.97 18.49 4.0:5.359 1.398 2.155
1.88 3.33 13.0:4.654 1.252 2.227,0.984 0.209 1.003
14.25 23.83 1.0:4.877 0.327 1.379,3.089 1.277 3.153
27.22 11.98 16.0:1.132 1.923 2.984
22.05 7.74 10.0:2.668 0.429 1.295
3.08 21.03 13.0:2.691 1.821 2.825
12.66 26.02 3.0:0.979 0.618 2.826,3.608 0.129 1.065,4.232 0.491 1.111
3.69 14.33 21.0:4.409 0.565 1.324
26.93 13.06 24.0:3.148 0.396 2.211
1.57 19.84 19.0:1.715 1.198 1.297
19.01 14.36 13.0:5.13 0.134 1.182
14.24 18.8 19.0:3.505 1.237 1.678
20.49 13.59 8.0:5.515 0.72 1.683
3.3 17.86 1.0:1.413 0.222 4.864
28.72 20.92 29.0:5.121 0.956 1.194,1.793 0.576 1.543
7.49 6.59 24.0:1.867 0.587 2.761
12.19 16.11 1.0:2.002 0.912 4.209
17.52 0.97 10.0:1.156 1.228 2.579
10.35 6.18 11.0:2.599 0.23 3.153
13.61 21.12 17.0:1.732 1.02 5.172
0.26 14.37 13.0:1.19 1.1 2.478
12.58 26.64 16.0:3.536 1.978 2.653,0.166 0.144 2.338
21.57 24.07 2.0:0.017 0.178 1.878
14.5 0.3 22.0:2.109 1.648 2.258
25.6 22.91 2.0:2.008 1.625 1.544
10.92 4.13 8.0:3.802 0.643 1.488
26.65 20.04 28.0:0.771 0.851 1.265
18.63 4.3 24.0:4.743 1.978 1.031
7.29 16.28 12.0:3.434 1.446 2.253
4.34 9.51 5.0:6.198 0.98 1.167