n 100
tmax 120.0
rmin 1.50
r_max 2.00
eta 0.785
rho 0.750
18.190 6.320 0
15.520 28.030 7 5.284 1.957
9.000 28.010 5 2.432 0.556 6.104 0.584
16.930 2.090 24 0.710 2.051
8.640 19.850 3 3.544 1.392 0.179 0.440
18.430 29.930 23 4.288 1.093 0.773 1.272
3.940 10.770 3 0.798 2.887
14.780 7.610 26 2.080 0.210 3.352 0.465 4.860 0.509
2.410 25.060 24 3.129 0.763 6.098 1.414
18.410 11.880 16 2.117 0.833 4.335 1.078
14.910 17.240 21 2.403 1.539 4.769 0.167 5.180 0.163
7.140 0.480 6 1.844 0.157 3.019 0.119 5.586 1.863
13.440 24.760 17 0.000 3.142
17.540 29.430 27 2.655 0.063 5.573 1.951
16.710 9.500 27 3.594 0.016 0.427 1.329
12.380 26.660 1 2.472 0.691 5.435 1.593
25.690 6.340 6 1.784 2.347
11.620 24.000 27 4.700 0.330 0.619 1.332
10.240 3.020 23 0.889 0.013 4.854 1.565
3.540 26.160 18 2.441 0.094 5.664 2.117
17.860 19.360 13 0.939 0.855 2.692 0.339 5.366 0.292
3.770 7.840 1 5.715 2.702
14.200 19.640 13 5.900 2.102
15.880 5.540 21 2.438 0.412 6.189 1.373
1.320 19.320 23 3.701 0.022 6.239 1.191
20.500 25.330 16 0.770 2.677
16.760 19.840 8 3.107 1.131 0.276 0.826
27.500 17.660 24 2.139 0.609 4.323 0.776
19.410 20.670 15 2.579 2.004
20.490 14.030 24 2.793 0.792 6.183 1.122
20.900 7.670 8 0.983 1.200
2.750 25.400 5 3.399 0.550 6.107 1.618
16.100 19.740 3 3.132 1.627 0.258 0.512
0.430 1.120 9 0.952 2.827
13.570 9.410 11 1.527 0.833 5.137 0.220
0.300 9.160 7 0.939 0.609 2.476 0.355 5.020 0.644
0.450 23.350 10 1.194 0.562 3.308 0.760 5.005 0.188
22.690 23.130 13 0.996 0.044 3.478 1.973
19.120 20.200 13 1.662 0.930 3.182 0.358 4.477 0.276 5.743 0.035
7.000 21.440 8 1.599 0.867 4.436 1.247
28.880 0.860 24 6.211 2.281
19.600 2.110 14 0.000 3.142
22.780 15.420 27 4.100 0.735 1.027 1.590
13.510 8.050 1 0.459 0.066 3.776 0.631 5.375 0.427
0.510 11.060 5 4.313 0.829 6.139 0.581
4.310 23.120 20 2.077 0.930 3.993 0.767 6.180 0.258
19.680 25.620 5 1.395 2.623
16.320 3.730 3 3.217 0.386 0.258 1.605
7.140 25.900 13 4.857 0.361
1.040 13.470 6 1.678 0.053 2.551 0.412 5.897 0.666
17.460 2.560 28 0.704 2.422
23.490 17.750 5 3.094 2.809
11.960 15.150 17 0.949 0.550 2.604 0.276 5.284 0.462
22.850 14.850 2 3.955 0.880 1.096 1.351
28.470 6.080 23 2.284 1.049 4.703 0.490
6.520 19.420 17 1.040 2.645
26.850 25.820 6 4.577 0.459 0.974 1.693
21.480 10.300 21 0.132 0.085 4.672 1.445
29.080 2.620 18 0.415 0.317 2.658 1.203 5.158 0.663
22.540 18.260 14 2.677 0.129 5.642 2.560
4.460 7.850 7 4.103 1.109 1.081 1.367
21.610 23.160 4 1.323 1.112 3.544 0.675 5.272 0.587
6.820 21.100 13 1.536 0.735 4.458 1.458
6.480 2.460 25 1.194 0.349 2.714 0.518 5.334 0.537
26.700 3.440 27 2.947 0.079 5.360 1.649
7.030 28.120 1 0.330 0.157 1.103 0.396 3.585 0.465
20.300 3.860 2 5.133 2.724
17.020 12.330 17 1.533 1.115 5.045 0.990
0.200 24.800 3 1.304 0.402 4.241 0.738 6.252 0.456
13.970 18.490 4 5.850 2.623
1.880 3.330 13 0.000 3.142
14.250 23.830 1 5.071 0.518 1.879 1.926
27.220 11.980 16 3.723 1.332 6.261 0.364
22.050 7.740 10 4.590 0.295 1.241 1.753
3.080 21.030 13 1.385 0.591 2.893 0.459 5.121 1.323
12.660 26.020 3 2.425 0.562 5.504 1.963
3.690 14.330 21 2.400 0.022 5.410 1.932
26.930 13.060 24 1.301 0.336 3.999 1.093
1.570 19.840 19 0.207 1.681
19.010 14.360 13 2.809 1.693 6.085 0.522
14.240 18.800 19 1.150 1.134 4.700 1.329
20.490 13.590 8 2.567 0.660 0.145 0.996
3.300 17.860 1 1.568 1.188 3.726 0.267 5.774 0.167
28.720 20.920 29 2.903 2.058
7.490 6.590 24 1.816 0.443 5.831 1.191
12.190 16.110 1 3.440 0.421 4.923 0.339 0.770 0.905
17.520 0.970 10 0.079 2.237
10.350 6.180 11 1.618 2.187
13.610 21.120 17 5.843 1.360
0.260 14.370 13 0.968 0.198 2.752 0.688 4.719 0.003 5.595 0.289
12.580 26.640 16 2.604 0.641 5.444 1.740
21.570 24.070 2 1.901 0.817 4.549 1.210 0.050 0.349
14.500 0.300 22 3.742 1.263
25.600 22.910 2 0.924 0.543 5.912 0.581
10.920 4.130 8 4.935 0.723
26.650 20.040 28 3.481 0.663 4.835 0.333 0.584 1.197
18.630 4.300 24 4.109 2.630
7.290 16.280 12 2.799 0.069 4.703 0.691 0.638 1.370
4.340 9.510 5 0.270 2.774
2.380 18.260 0