100, 1
18.190 6.320 0
2.380 18.260 0
15.52 28.03 7.0:4.587 1.551 3.059,0.897 0.581 2.582
9.0 28.01 5.0:1.792 0.878 1.701
16.93 2.09 24.0:1.779 0.483 1.587
8.64 19.85 3.0:1.029 0.306 2.162
18.43 29.93 23.0:6.065 0.217 1.729
3.94 10.77 3.0:5.955 1.667 1.06
14.78 7.61 26.0:1.053 0.507 1.642
2.41 25.06 24.0:1.061 0.974 4.717
18.41 11.88 16.0:2.687 1.452 2.863
14.91 17.24 21.0:0.945 0.882 1.407
7.14 0.48 6.0:3.146 1.792 1.726,5.442 0.195 1.19
13.44 24.76 17.0:4.969 0.462 1.075
17.54 29.43 27.0:2.145 0.145 2.329,3.564 0.363 1.215
16.71 9.5 27.0:1.066 0.168 1.025,3.524 0.349 1.001
12.38 26.66 1.0:1.808 0.799 1.388
25.69 6.34 6.0:1.75 1.532 1.034
11.62 24.0 27.0:5.786 1.938 2.247
10.24 3.02 23.0:0.749 1.265 1.154
3.54 26.16 18.0:4.133 1.798 3.176
17.86 19.36 13.0:3.928 0.273 3.9,1.683 1.376 1.733
3.77 7.84 1.0:3.488 0.144 1.817
14.2 19.64 13.0:5.616 0.137 2.564
15.88 5.54 21.0:0.78 0.241 2.591,2.939 0.325 1.444
1.32 19.32 23.0:2.91 1.743 1.591
20.5 25.33 16.0:3.907 1.301 1.514
16.76 19.84 8.0:3.291 1.43 1.042,1.005 0.267 2.322
27.5 17.66 24.0:1.387 0.803 4.174
19.41 20.67 15.0:5.495 1.068 2.006
20.49 14.03 24.0:2.674 0.147 1.073,5.026 0.373 1.537
20.9 7.67 8.0:4.102 0.539 1.094,0.218 0.206 1.158
2.75 25.4 5.0:6.244 0.558 1.959
16.1 19.74 3.0:3.859 0.834 1.074,1.683 0.509 4.378
0.43 1.12 9.0:1.636 0.165 1.5
13.57 9.41 11.0:5.515 1.177 1.228
0.3 9.16 7.0:0.919 0.41 1.13,2.106 0.153 3.013
0.45 23.35 10.0:5.887 1.922 1.963
22.69 23.13 13.0:4.761 1.871 1.026
19.12 20.2 13.0:2.538 1.816 1.085
7.0 21.44 8.0:0.427 0.63 1.041
28.88 0.86 24.0:0.215 0.163 2.453
19.6 2.11 14.0:5.221 1.77 2.651
22.78 15.42 27.0:4.385 0.234 1.19
13.51 8.05 1.0:0.619 1.162 1.374
0.51 11.06 5.0:0.991 0.334 2.989,3.224 0.138 4.935
4.31 23.12 20.0:2.633 0.152 1.868,4.407 1.123 3.714
19.68 25.62 5.0:1.953 0.65 2.611,5.099 0.195 1.368
16.32 3.73 3.0:1.216 1.545 1.586
7.14 25.9 13.0:3.915 1.413 1.47
1.04 13.47 6.0:3.513 1.227 2.174
17.46 2.56 28.0:2.326 1.156 1.974
23.49 17.75 5.0:3.384 0.777 2.285
11.96 15.15 17.0:0.587 1.225 1.476
22.85 14.85 2.0:0.29 0.314 1.486
28.47 6.08 23.0:3.912 0.521 1.073
6.52 19.42 17.0:1.814 1.962 3.704
26.85 25.82 6.0:4.542 0.265 1.452
21.48 10.3 21.0:2.469 1.786 1.285
29.08 2.62 18.0:5.527 1.346 2.273
22.54 18.26 14.0:2.909 0.213 1.999
4.46 7.85 7.0:4.83 0.57 3.017,1.238 0.992 2.393
21.61 23.16 4.0:2.646 0.179 2.607
6.82 21.1 13.0:1.226 0.697 1.267
6.48 2.46 25.0:6.202 0.326 1.944
26.7 3.44 27.0:6.132 0.4 1.8
7.03 28.12 1.0:5.143 0.2 1.697
20.3 3.86 2.0:5.788 1.486 2.294
17.02 12.33 17.0:3.321 1.488 2.263
0.2 24.8 3.0:5.758 0.806 3.427
13.97 18.49 4.0:3.516 0.5 2.821,5.797 0.473 2.466
1.88 3.33 13.0:4.266 0.724 1.735,2.099 0.719 1.446
14.25 23.83 1.0:4.814 1.721 1.03
27.22 11.98 16.0:2.124 1.415 2.123
22.05 7.74 10.0:4.981 0.279 1.202,2.71 0.803 1.49
3.08 21.03 13.0:4.877 0.385 1.335
12.66 26.02 3.0:0.109 1.005 3.562
3.69 14.33 21.0:1.235 0.469 1.345,5.072 0.946 2.348
26.93 13.06 24.0:1.517 1.219 2.892
1.57 19.84 19.0:5.333 0.317 2.368,0.691 0.257 1.326
19.01 14.36 13.0:3.763 0.754 1.067
14.24 18.8 19.0:2.992 0.35 1.189
20.49 13.59 8.0:0.777 0.554 1.641
3.3 17.86 1.0:3.137 0.696 1.203,0.366 0.316 1.254
28.72 20.92 29.0:1.074 0.821 4.537
7.49 6.59 24.0:2.106 0.419 1.482
12.19 16.11 1.0:1.48 1.368 2.627
17.52 0.97 10.0:1.304 0.559 1.249,5.306 0.143 2.848
10.35 6.18 11.0:1.425 0.96 2.46,4.202 0.466 1.082
13.61 21.12 17.0:2.68 0.245 1.815
0.26 14.37 13.0:3.376 1.988 1.61
12.58 26.64 16.0:4.464 0.37 1.082,5.064 0.136 1.223
21.57 24.07 2.0:6.122 1.532 2.252
14.5 0.3 22.0:6.276 1.971 1.07
25.6 22.91 2.0:4.072 1.293 2.986
10.92 4.13 8.0:4.048 0.191 1.479,2.081 1.085 3.062
26.65 20.04 28.0:2.761 1.416 1.179
18.63 4.3 24.0:4.323 0.705 1.318,0.848 0.219 2.496
7.29 16.28 12.0:4.972 0.416 1.27
4.34 9.51 5.0:4.497 0.754 1.061