100 1
18.190 6.320 0
2.380 18.260 0
15.52 28.03 7.0:6.179 1.434 2.395
9.0 28.01 5.0:4.136 0.346 1.104
16.93 2.09 24.0:1.018 0.691 2.627
8.64 19.85 3.0:1.394 0.656 1.388,4.455 0.59 1.751
18.43 29.93 23.0:1.129 1.626 1.132
3.94 10.77 3.0:1.967 0.203 1.737
14.78 7.61 26.0:1.844 1.809 1.161
2.41 25.06 24.0:1.363 0.14 1.858
18.41 11.88 16.0:0.072 0.831 2.208
14.91 17.24 21.0:3.652 1.642 1.686
7.14 0.48 6.0:6.127 0.162 1.354
13.44 24.76 17.0:5.015 1.452 1.659
17.54 29.43 27.0:1.987 1.639 1.126,5.047 0.318 3.707
16.71 9.5 27.0:5.493 1.453 2.697
12.38 26.66 1.0:4.999 0.238 1.469
25.69 6.34 6.0:5.406 1.897 2.09
11.62 24.0 27.0:2.003 0.229 2.174,4.281 1.263 2.469
10.24 3.02 23.0:4.204 1.73 1.749
3.54 26.16 18.0:2.248 1.091 1.35,0.226 0.13 2.526
17.86 19.36 13.0:1.272 0.258 2.313,2.522 0.172 2.232
3.77 7.84 1.0:2.72 0.249 1.271,4.945 0.157 2.08
14.2 19.64 13.0:0.615 0.436 1.023,5.378 0.404 1.304
15.88 5.54 21.0:5.757 1.346 1.712
1.32 19.32 23.0:1.011 1.909 2.66
20.5 25.33 16.0:0.506 1.48 1.103
16.76 19.84 8.0:0.168 0.595 1.109
27.5 17.66 24.0:2.465 0.719 1.142
19.41 20.67 15.0:4.726 0.655 2.385,5.654 0.187 3.773
20.49 14.03 24.0:5.005 0.738 3.95,1.939 0.329 1.526
20.9 7.67 8.0:5.991 0.712 3.318
2.75 25.4 5.0:1.026 0.402 1.563
16.1 19.74 3.0:2.048 1.287 1.497
0.43 1.12 9.0:0.666 1.544 3.676
13.57 9.41 11.0:1.067 1.43 1.036
0.3 9.16 7.0:2.995 0.521 2.138
0.45 23.35 10.0:3.678 0.13 1.184,1.49 0.621 3.358
22.69 23.13 13.0:5.747 1.226 2.009
19.12 20.2 13.0:5.187 0.197 1.32
7.0 21.44 8.0:1.674 0.541 2.478
28.88 0.86 24.0:5.124 0.229 2.417,2.26 1.54 2.899
19.6 2.11 14.0:5.079 0.549 3.087
22.78 15.42 27.0:2.874 1.049 2.222
13.51 8.05 1.0:0.156 0.494 1.409
0.51 11.06 5.0:5.162 1.497 3.09
4.31 23.12 20.0:0.544 1.423 1.036
19.68 25.62 5.0:4.804 1.704 1.768
16.32 3.73 3.0:0.786 0.233 2.771
7.14 25.9 13.0:1.203 0.961 3.638
1.04 13.47 6.0:1.053 1.49 1.108
17.46 2.56 28.0:0.069 1.503 2.635
23.49 17.75 5.0:0.562 0.705 2.13
11.96 15.15 17.0:5.081 0.211 1.145
22.85 14.85 2.0:0.004 1.529 1.536
28.47 6.08 23.0:2.66 0.132 1.592
6.52 19.42 17.0:2.924 0.306 1.361,1.343 0.265 1.508
26.85 25.82 6.0:5.967 0.225 1.562,1.937 0.183 2.303,3.986 0.554 2.728
21.48 10.3 21.0:1.373 0.491 1.101,4.297 0.453 1.751
29.08 2.62 18.0:1.275 0.226 3.203,2.409 0.672 2.814
22.54 18.26 14.0:5.19 1.118 1.193
4.46 7.85 7.0:5.116 1.774 2.343
21.61 23.16 4.0:4.259 1.992 3.726,0.751 0.376 1.149
6.82 21.1 13.0:0.563 1.892 3.704
6.48 2.46 25.0:0.3 0.887 5.709
26.7 3.44 27.0:4.217 1.589 4.812
7.03 28.12 1.0:1.542 0.44 1.726
20.3 3.86 2.0:1.504 1.74 1.159
17.02 12.33 17.0:4.56 1.659 1.604
0.2 24.8 3.0:4.402 1.405 1.291
13.97 18.49 4.0:4.906 0.19 1.134
1.88 3.33 13.0:4.931 1.931 3.703
14.25 23.83 1.0:4.626 0.346 1.17,1.546 0.881 1.458
27.22 11.98 16.0:3.086 0.285 3.194
22.05 7.74 10.0:2.447 0.45 1.15
3.08 21.03 13.0:0.93 1.46 1.27
12.66 26.02 3.0:3.382 1.33 1.851
3.69 14.33 21.0:0.865 1.737 3.189
26.93 13.06 24.0:4.364 1.562 2.469
1.57 19.84 19.0:3.114 0.131 3.395,0.67 0.24 2.94
19.01 14.36 13.0:0.375 0.139 2.548,5.082 0.309 1.088
14.24 18.8 19.0:1.374 0.823 3.047
20.49 13.59 8.0:2.499 0.585 1.071,5.91 0.206 1.339
3.3 17.86 1.0:0.456 1.743 1.79
28.72 20.92 29.0:0.899 0.732 1.049
7.49 6.59 24.0:1.326 0.525 1.383
12.19 16.11 1.0:2.8 0.907 1.484
17.52 0.97 10.0:3.566 1.114 1.452
10.35 6.18 11.0:1.619 0.311 1.545,0.596 0.549 2.004
13.61 21.12 17.0:1.983 0.86 1.651
0.26 14.37 13.0:4.179 1.507 6.962
12.58 26.64 16.0:4.363 0.165 1.303
21.57 24.07 2.0:0.648 0.13 1.849
14.5 0.3 22.0:0.029 1.483 2.423
25.6 22.91 2.0:1.435 1.205 1.03
10.92 4.13 8.0:5.897 0.304 1.979,1.137 0.396 3.616
26.65 20.04 28.0:5.692 1.602 1.227
18.63 4.3 24.0:2.27 0.635 1.038
7.29 16.28 12.0:3.684 1.47 1.715,1.122 0.204 1.331
4.34 9.51 5.0:6.043 1.268 1.783