100 1
18.190 6.320 0
2.380 18.260 0
15.52 28.03 7.0:3.212 0.235 1.073,4.012 0.519 1.746
9.0 28.01 5.0:4.086 1.488 1.963
16.93 2.09 24.0:0.558 0.461 1.074
8.64 19.85 3.0:6.023 1.418 1.684
18.43 29.93 23.0:2.307 0.21 2.078
3.94 10.77 3.0:5.524 0.411 1.438
14.78 7.61 26.0:2.013 0.29 1.885
2.41 25.06 24.0:0.605 0.215 1.169,5.103 0.816 1.327
18.41 11.88 16.0:5.546 1.053 4.315
14.91 17.24 21.0:3.768 0.143 1.857,2.612 0.751 1.817
7.14 0.48 6.0:2.481 0.272 2.033,1.231 0.498 3.298
13.44 24.76 17.0:5.533 0.327 2.013,2.784 1.054 2.179
17.54 29.43 27.0:5.702 0.987 2.685
16.71 9.5 27.0:3.525 2.004 1.909
12.38 26.66 1.0:3.379 0.906 1.145
25.69 6.34 6.0:6.036 0.206 1.068
11.62 24.0 27.0:5.529 1.508 2.715
10.24 3.02 23.0:2.939 0.655 1.513
3.54 26.16 18.0:3.658 1.413 1.827
17.86 19.36 13.0:2.01 0.448 2.437
3.77 7.84 1.0:1.4 1.947 2.572
14.2 19.64 13.0:3.486 1.258 1.519
15.88 5.54 21.0:1.497 0.205 2.038
1.32 19.32 23.0:4.207 0.128 1.131
20.5 25.33 16.0:6.156 0.567 4.448
16.76 19.84 8.0:5.045 0.845 1.59,0.703 0.57 1.104
27.5 17.66 24.0:2.265 1.557 1.74
19.41 20.67 15.0:5.242 0.871 2.81
20.49 14.03 24.0:5.54 1.018 1.231
20.9 7.67 8.0:1.654 0.366 3.106
2.75 25.4 5.0:0.679 0.185 2.434
16.1 19.74 3.0:1.79 0.127 1.146
0.43 1.12 9.0:2.798 1.748 1.67
13.57 9.41 11.0:1.545 1.189 2.225
0.3 9.16 7.0:0.272 0.546 2.486
0.45 23.35 10.0:0.493 1.808 1.125
22.69 23.13 13.0:4.446 0.208 1.326
19.12 20.2 13.0:4.523 0.446 1.339
7.0 21.44 8.0:5.118 1.285 1.349
28.88 0.86 24.0:2.395 1.249 1.477
19.6 2.11 14.0:5.74 0.531 1.465,1.694 0.34 1.494
22.78 15.42 27.0:3.616 0.397 3.41,1.749 1.253 1.13
13.51 8.05 1.0:1.145 0.339 2.702,4.295 0.324 2.108
0.51 11.06 5.0:0.935 0.45 2.142
4.31 23.12 20.0:1.152 1.236 2.05
19.68 25.62 5.0:0.923 0.284 3.734,2.611 0.59 1.057,4.47 0.782 2.766
16.32 3.73 3.0:6.184 1.693 2.604
7.14 25.9 13.0:3.755 0.263 2.815,1.487 0.902 1.657
1.04 13.47 6.0:2.515 0.639 2.713,4.946 0.938 1.521
17.46 2.56 28.0:1.009 1.674 1.628
23.49 17.75 5.0:3.541 0.853 4.132,0.399 0.26 2.121
11.96 15.15 17.0:1.724 0.221 1.302
22.85 14.85 2.0:2.1 0.364 2.646
28.47 6.08 23.0:4.497 0.334 1.505,1.694 0.221 1.091
6.52 19.42 17.0:4.118 1.341 1.021,5.968 0.229 1.408
26.85 25.82 6.0:6.238 1.247 1.234
21.48 10.3 21.0:1.484 1.239 3.124,5.715 0.28 1.039
29.08 2.62 18.0:5.525 0.707 1.04
22.54 18.26 14.0:0.553 0.746 1.048
4.46 7.85 7.0:4.965 0.989 2.311
21.61 23.16 4.0:0.148 0.159 5.523
6.82 21.1 13.0:2.77 0.302 2.764,3.851 0.275 1.434
6.48 2.46 25.0:1.449 0.767 1.139
26.7 3.44 27.0:4.88 1.146 2.426
7.03 28.12 1.0:4.793 0.901 3.757
20.3 3.86 2.0:0.06 0.796 1.464
17.02 12.33 17.0:1.272 0.477 2.668,5.028 0.771 1.948
0.2 24.8 3.0:2.567 0.604 5.665,1.112 0.758 1.334
13.97 18.49 4.0:1.041 0.336 1.454
1.88 3.33 13.0:5.577 1.403 1.115
14.25 23.83 1.0:5.344 0.929 3.076,0.689 0.2 2.857
27.22 11.98 16.0:1.401 2.002 2.7
22.05 7.74 10.0:0.265 1.484 1.284
3.08 21.03 13.0:1.645 0.126 1.263
12.66 26.02 3.0:6.242 1.175 1.073
3.69 14.33 21.0:4.617 0.284 1.355
26.93 13.06 24.0:3.536 0.214 1.302,5.193 0.579 1.115
1.57 19.84 19.0:2.21 0.156 1.875
19.01 14.36 13.0:4.226 1.306 2.212
14.24 18.8 19.0:4.679 0.688 1.672,3.152 0.797 1.153
20.49 13.59 8.0:2.723 0.517 2.353,3.62 0.276 4.299
3.3 17.86 1.0:4.61 1.559 1.573,0.484 0.182 3.643
28.72 20.92 29.0:1.654 1.357 1.394
7.49 6.59 24.0:1.147 1.901 1.86
12.19 16.11 1.0:5.404 0.172 1.232,1.937 0.701 1.732
17.52 0.97 10.0:3.38 0.464 1.545,1.849 0.145 1.391
10.35 6.18 11.0:3.892 1.61 1.679
13.61 21.12 17.0:0.52 1.815 2.652
0.26 14.37 13.0:2.297 0.567 1.037
12.58 26.64 16.0:5.795 0.169 2.152,3.463 1.34 2.085
21.57 24.07 2.0:6.005 0.35 1.23
14.5 0.3 22.0:3.314 1.914 2.114
25.6 22.91 2.0:3.318 1.726 1.108
10.92 4.13 8.0:4.064 0.58 1.122
26.65 20.04 28.0:1.502 1.414 2.195,4.377 0.577 2.249
18.63 4.3 24.0:3.952 0.646 1.031
7.29 16.28 12.0:3.741 0.487 2.049
4.34 9.51 5.0:1.358 1.675 3.326