100, 1
18.190 6.320 0
2.380 18.260 0
15.52 28.03 7.0:6.15 0.144 1.425
9.0 28.01 5.0:5.629 1.081 2.77
16.93 2.09 24.0:1.983 1.931 3.487,5.283 0.691 1.279
8.64 19.85 3.0:2.305 0.223 3.162
18.43 29.93 23.0:1.305 0.367 1.869,2.998 0.327 1.112
3.94 10.77 3.0:1.492 0.437 3.346
14.78 7.61 26.0:6.26 0.562 1.438
2.41 25.06 24.0:3.022 1.003 4.811
18.41 11.88 16.0:2.531 0.973 1.328
14.91 17.24 21.0:5.571 1.778 1.623
7.14 0.48 6.0:4.693 0.526 1.236
13.44 24.76 17.0:1.632 1.27 2.423
17.54 29.43 27.0:5.956 1.898 1.081
16.71 9.5 27.0:5.611 0.983 1.014
12.38 26.66 1.0:0.618 1.294 2.879
25.69 6.34 6.0:1.046 1.335 2.399
11.62 24.0 27.0:2.356 0.63 1.713
10.24 3.02 23.0:2.176 0.175 3.585
3.54 26.16 18.0:0.289 1.039 1.154
17.86 19.36 13.0:2.413 1.572 1.078
3.77 7.84 1.0:5.467 1.328 1.074
14.2 19.64 13.0:0.68 1.891 1.917
15.88 5.54 21.0:5.843 0.599 1.23
1.32 19.32 23.0:2.074 1.135 1.865
20.5 25.33 16.0:5.956 1.276 1.064
16.76 19.84 8.0:2.921 1.662 2.541
27.5 17.66 24.0:3.739 0.508 1.158
19.41 20.67 15.0:0.538 1.57 2.135
20.49 14.03 24.0:2.019 0.79 1.494,4.908 0.218 2.063
20.9 7.67 8.0:5.439 0.204 1.162,3.692 0.258 1.876
2.75 25.4 5.0:4.998 0.875 1.363,0.706 0.217 1.178
16.1 19.74 3.0:3.32 0.202 1.4
0.43 1.12 9.0:1.968 0.217 4.735
13.57 9.41 11.0:4.605 1.41 3.666
0.3 9.16 7.0:5.701 1.43 1.007
0.45 23.35 10.0:3.482 0.259 1.468
22.69 23.13 13.0:1.081 1.587 1.406
19.12 20.2 13.0:3.789 0.139 1.642
7.0 21.44 8.0:5.369 1.641 1.029
28.88 0.86 24.0:1.725 0.963 1.581
19.6 2.11 14.0:4.674 0.892 1.505
22.78 15.42 27.0:4.361 1.206 2.101
13.51 8.05 1.0:0.977 1.096 1.543
0.51 11.06 5.0:5.273 0.639 2.788
4.31 23.12 20.0:1.428 0.586 2.685,3.242 0.157 1.136
19.68 25.62 5.0:3.557 0.932 3.069
16.32 3.73 3.0:4.676 1.956 1.392
7.14 25.9 13.0:2.144 0.766 1.081,4.419 0.272 3.391
1.04 13.47 6.0:4.511 1.217 2.258,1.77 0.72 1.221
17.46 2.56 28.0:5.118 1.772 1.664
23.49 17.75 5.0:6.179 1.434 2.395
11.96 15.15 17.0:4.136 1.268 1.179
22.85 14.85 2.0:0.621 0.487 1.136,5.757 0.278 1.011
28.47 6.08 23.0:2.819 0.532 2.924
6.52 19.42 17.0:5.048 0.163 2.234,1.396 0.349 1.559
26.85 25.82 6.0:2.444 0.839 1.362
21.48 10.3 21.0:3.445 0.247 1.094,0.775 0.472 1.737
29.08 2.62 18.0:1.844 1.809 1.161
22.54 18.26 14.0:1.363 0.881 1.011
4.46 7.85 7.0:3.652 1.642 1.686
21.61 23.16 4.0:6.127 0.162 1.354
6.82 21.1 13.0:5.015 0.481 1.014
6.48 2.46 25.0:5.025 0.294 1.718
26.7 3.44 27.0:3.032 1.564 2.626
7.03 28.12 1.0:5.47 0.318 2.408
20.3 3.86 2.0:0.747 0.137 1.306
17.02 12.33 17.0:5.028 1.496 2.587
0.2 24.8 3.0:2.016 0.909 1.264
13.97 18.49 4.0:4.677 1.124 2.953
1.88 3.33 13.0:2.003 1.736 2.144
14.25 23.83 1.0:0.733 0.852 2.286
27.22 11.98 16.0:4.341 1.136 3.339
22.05 7.74 10.0:3.312 0.54 2.046,4.778 0.154 1.006
3.08 21.03 13.0:1.855 1.085 1.513,4.917 0.325 1.156
12.66 26.02 3.0:0.355 0.664 1.146
3.69 14.33 21.0:1.494 1.117 2.937
26.93 13.06 24.0:1.661 0.401 2.418
1.57 19.84 19.0:1.011 0.357 2.653
19.01 14.36 13.0:6.068 1.379 1.741
14.24 18.8 19.0:0.506 1.48 1.103
20.49 13.59 8.0:0.168 0.595 1.109
3.3 17.86 1.0:2.465 0.709 1.623
28.72 20.92 29.0:5.883 0.246 3.062
7.49 6.59 24.0:4.726 1.72 4.223
12.19 16.11 1.0:4.711 1.444 1.231
17.52 0.97 10.0:5.991 0.634 1.178
10.35 6.18 11.0:5.951 1.672 2.322
13.61 21.12 17.0:0.666 0.286 1.516,5.248 0.151 1.036
0.26 14.37 13.0:2.995 1.16 1.271
12.58 26.64 16.0:2.562 1.762 1.074
21.57 24.07 2.0:5.187 0.407 2.69,1.72 1.382 1.74
14.5 0.3 22.0:0.731 0.53 2.899
25.6 22.91 2.0:5.079 0.707 1.025,2.285 1.049 6.599
10.92 4.13 8.0:2.057 0.973 1.581
26.65 20.04 28.0:5.162 1.497 3.09
18.63 4.3 24.0:0.544 0.154 1.218
7.29 16.28 12.0:5.617 0.149 1.369,2.006 0.855 3.376
4.34 9.51 5.0:0.786 0.151 1.128