100 1
18.190 6.320 0
2.380 18.260 0
15.52 28.03 7.0:0.253 0.272 2.448
9.0 28.01 5.0:1.605 0.138 2.34
16.93 2.09 24.0:5.029 0.969 1.368
8.64 19.85 3.0:5.39 1.542 5.193
18.43 29.93 23.0:3.756 0.441 1.909,1.252 0.904 1.101
3.94 10.77 3.0:0.811 1.66 1.448
14.78 7.61 26.0:1.872 0.986 1.306
2.41 25.06 24.0:5.71 0.317 4.891,2.742 0.33 1.588
18.41 11.88 16.0:1.803 1.084 2.141
14.91 17.24 21.0:2.508 0.288 2.118
7.14 0.48 6.0:1.452 1.278 1.748
13.44 24.76 17.0:1.15 1.624 1.114
17.54 29.43 27.0:0.519 1.961 2.785
16.71 9.5 27.0:2.459 1.303 2.894
12.38 26.66 1.0:6.241 0.816 1.952
25.69 6.34 6.0:4.601 0.16 1.867,5.029 0.22 2.55
11.62 24.0 27.0:4.391 1.648 1.244
10.24 3.02 23.0:0.08 1.171 1.063
3.54 26.16 18.0:3.92 0.407 1.527,1.042 0.562 2.362,2.303 0.327 1.414
17.86 19.36 13.0:3.304 0.773 1.927
3.77 7.84 1.0:4.099 0.466 1.19
14.2 19.64 13.0:4.926 0.348 1.249
15.88 5.54 21.0:5.65 0.425 1.436
1.32 19.32 23.0:2.489 0.341 2.029
20.5 25.33 16.0:2.115 0.505 1.305
16.76 19.84 8.0:4.678 0.217 2.272,4.204 0.164 1.881
27.5 17.66 24.0:1.339 0.579 1.317,5.677 0.58 3.029
19.41 20.67 15.0:3.019 0.472 1.146
20.49 14.03 24.0:0.328 0.273 1.251
20.9 7.67 8.0:2.232 0.938 2.293,4.927 0.753 2.667
2.75 25.4 5.0:3.809 0.544 1.328
16.1 19.74 3.0:3.708 0.194 1.181
0.43 1.12 9.0:4.455 1.978 2.407
13.57 9.41 11.0:5.1 0.362 1.779
0.3 9.16 7.0:0.311 1.378 1.262
0.45 23.35 10.0:1.539 0.693 2.146
22.69 23.13 13.0:4.344 0.8 1.841,2.457 0.519 1.563
19.12 20.2 13.0:3.98 1.565 1.622
7.0 21.44 8.0:3.626 0.584 1.439
28.88 0.86 24.0:2.416 0.572 1.611
19.6 2.11 14.0:5.27 1.278 1.669
22.78 15.42 27.0:1.589 0.183 1.993
13.51 8.05 1.0:1.364 0.497 1.765
0.51 11.06 5.0:2.647 0.133 1.113
4.31 23.12 20.0:1.531 1.792 2.288
19.68 25.62 5.0:3.819 0.264 2.332
16.32 3.73 3.0:1.325 1.172 1.797,4.414 0.625 2.262
7.14 25.9 13.0:0.439 0.213 1.404
1.04 13.47 6.0:0.055 0.995 1.199
17.46 2.56 28.0:0.43 0.538 1.174
23.49 17.75 5.0:1.342 0.314 3.456
11.96 15.15 17.0:5.923 1.68 2.492
22.85 14.85 2.0:5.435 0.667 1.609
28.47 6.08 23.0:2.13 0.147 1.021,5.299 0.835 1.635
6.52 19.42 17.0:0.263 0.706 1.655
26.85 25.82 6.0:1.047 0.82 1.412
21.48 10.3 21.0:5.121 0.224 1.723,2.973 0.413 3.477
29.08 2.62 18.0:0.736 0.515 2.527
22.54 18.26 14.0:1.465 1.962 1.077
4.46 7.85 7.0:2.702 1.155 3.211
21.61 23.16 4.0:1.701 0.235 2.822
6.82 21.1 13.0:5.747 1.232 1.358
6.48 2.46 25.0:0.515 0.259 1.494,2.214 0.179 2.086
26.7 3.44 27.0:2.076 0.678 1.846
7.03 28.12 1.0:0.934 1.688 1.925
20.3 3.86 2.0:0.888 1.897 1.08
17.02 12.33 17.0:0.9 0.242 6.961,2.483 0.711 2.103
0.2 24.8 3.0:2.943 0.557 1.182
13.97 18.49 4.0:3.478 0.792 1.971,1.515 0.847 1.001
1.88 3.33 13.0:3.563 0.15 1.417
14.25 23.83 1.0:4.52 1.664 1.068
27.22 11.98 16.0:2.337 0.701 1.354
22.05 7.74 10.0:2.672 0.147 1.389,1.277 0.951 2.204
3.08 21.03 13.0:3.711 0.618 2.095,5.557 0.605 1.643
12.66 26.02 3.0:2.16 1.525 2.693
3.69 14.33 21.0:4.54 0.717 1.03
26.93 13.06 24.0:5.811 0.682 2.981
1.57 19.84 19.0:4.854 1.724 2.107
19.01 14.36 13.0:2.814 0.302 1.164,4.352 0.137 1.139
14.24 18.8 19.0:4.884 0.179 1.273
20.49 13.59 8.0:5.216 0.892 1.062,1.374 0.599 4.612
3.3 17.86 1.0:3.686 1.771 1.153
28.72 20.92 29.0:0.1 0.581 3.192
7.49 6.59 24.0:4.751 0.794 1.767,2.584 1.141 1.452
12.19 16.11 1.0:5.126 0.173 1.623,2.533 1.71 4.694
17.52 0.97 10.0:1.163 1.036 2.609
10.35 6.18 11.0:0.352 1.612 1.582
13.61 21.12 17.0:2.631 0.305 2.103
0.26 14.37 13.0:0.205 1.075 1.012
12.58 26.64 16.0:6.126 0.651 1.8
21.57 24.07 2.0:5.221 0.356 4.389
14.5 0.3 22.0:6.05 1.17 1.025
25.6 22.91 2.0:1.033 0.702 1.216
10.92 4.13 8.0:3.246 1.19 1.209
26.65 20.04 28.0:3.094 1.65 1.024
18.63 4.3 24.0:5.271 0.345 2.539
7.29 16.28 12.0:4.056 0.436 5.459,1.48 0.191 3.375
4.34 9.51 5.0:0.436 1.932 4.036