100 1
18.190 6.320 0
2.380 18.260 0
15.52 28.03 7.0:6.276 0.477 2.056
9.0 28.01 5.0:4.108 0.149 1.909
16.93 2.09 24.0:1.289 1.698 1.509
8.64 19.85 3.0:0.845 1.784 2.396
18.43 29.93 23.0:0.753 0.99 2.529
3.94 10.77 3.0:5.472 1.055 2.729
14.78 7.61 26.0:4.451 0.146 1.638
2.41 25.06 24.0:2.398 1.743 4.091
18.41 11.88 16.0:5.714 0.649 2.029
14.91 17.24 21.0:4.983 0.712 2.306,1.01 0.221 1.334
7.14 0.48 6.0:1.936 1.555 2.173,5.152 0.625 1.734
13.44 24.76 17.0:5.129 1.742 1.652
17.54 29.43 27.0:2.392 0.336 1.184,0.751 0.179 1.003
16.71 9.5 27.0:0.105 0.485 1.623
12.38 26.66 1.0:0.974 0.714 1.009
25.69 6.34 6.0:5.31 0.402 1.244
11.62 24.0 27.0:3.631 0.266 2.367
10.24 3.02 23.0:3.552 0.487 1.322
3.54 26.16 18.0:0.768 0.25 2.578,2.857 0.311 1.264
17.86 19.36 13.0:3.042 0.225 1.851,1.139 1.047 2.495
3.77 7.84 1.0:5.858 0.976 3.069
14.2 19.64 13.0:3.851 1.016 1.17
15.88 5.54 21.0:4.384 1.401 2.006
1.32 19.32 23.0:0.267 1.871 1.561
20.5 25.33 16.0:6.019 1.764 4.398
16.76 19.84 8.0:5.665 0.686 1.325
27.5 17.66 24.0:5.508 0.251 3.46
19.41 20.67 15.0:1.82 0.504 3.438
20.49 14.03 24.0:5.991 0.131 1.34
20.9 7.67 8.0:5.508 0.301 1.073
2.75 25.4 5.0:4.086 0.192 1.103,0.645 0.398 1.407
16.1 19.74 3.0:5.177 1.036 1.167,0.425 0.412 1.223
0.43 1.12 9.0:0.069 1.491 1.631
13.57 9.41 11.0:0.738 0.32 1.094,4.328 0.302 1.217
0.3 9.16 7.0:3.81 1.129 1.053
0.45 23.35 10.0:3.419 0.517 1.532,5.527 0.242 1.012
22.69 23.13 13.0:0.001 0.899 3.577
19.12 20.2 13.0:1.795 0.44 3.961,5.712 0.27 1.38
7.0 21.44 8.0:4.382 0.619 2.103,2.979 0.156 1.093
28.88 0.86 24.0:4.185 1.42 2.697
19.6 2.11 14.0:3.303 0.933 1.122
22.78 15.42 27.0:3.06 0.147 2.698,2.769 0.138 2.952
13.51 8.05 1.0:0.282 0.2 1.84,3.792 1.735 1.046
0.51 11.06 5.0:2.415 0.519 1.708,0.602 0.4 1.644
4.31 23.12 20.0:1.678 0.493 4.452
19.68 25.62 5.0:0.328 0.284 2.094,2.147 0.262 1.926
16.32 3.73 3.0:2.511 1.828 1.074
7.14 25.9 13.0:2.554 0.175 2.168,4.12 1.076 1.279
1.04 13.47 6.0:2.055 0.473 2.245,3.63 1.009 1.455
17.46 2.56 28.0:4.1 0.251 1.621
23.49 17.75 5.0:3.426 1.43 3.428
11.96 15.15 17.0:2.602 0.406 1.475
22.85 14.85 2.0:3.256 1.041 2.495,4.97 0.469 1.826
28.47 6.08 23.0:2.801 1.924 1.464,5.255 0.152 2.061
6.52 19.42 17.0:4.767 1.811 2.235
26.85 25.82 6.0:4.2 0.185 2.802,2.734 0.96 1.024
21.48 10.3 21.0:2.743 0.224 1.049
29.08 2.62 18.0:4.598 0.376 2.258,1.714 1.579 1.546
22.54 18.26 14.0:4.788 1.558 2.493
4.46 7.85 7.0:6.128 0.782 2.69
21.61 23.16 4.0:1.771 0.484 1.24,4.163 0.497 2.167
6.82 21.1 13.0:5.44 0.632 1.586
6.48 2.46 25.0:3.989 0.408 1.448
26.7 3.44 27.0:2.06 0.551 1.322,3.592 0.542 1.452
7.03 28.12 1.0:5.44 0.898 1.725
20.3 3.86 2.0:4.412 0.803 1.633
17.02 12.33 17.0:1.903 0.688 1.092
0.2 24.8 3.0:5.267 0.908 1.9
13.97 18.49 4.0:4.592 0.231 1.345
1.88 3.33 13.0:5.625 0.589 1.926,3.02 0.26 1.209
14.25 23.83 1.0:0.97 0.725 3.791
27.22 11.98 16.0:4.979 0.186 1.323
22.05 7.74 10.0:3.081 0.986 1.286
3.08 21.03 13.0:5.791 0.555 1.373
12.66 26.02 3.0:1.155 1.548 1.288
3.69 14.33 21.0:5.318 1.754 3.035
26.93 13.06 24.0:1.599 1.835 1.269
1.57 19.84 19.0:0.493 0.19 2.354,3.715 1.195 2.845
19.01 14.36 13.0:5.383 0.163 1.879,2.323 0.178 1.453,4.714 0.483 1.703
14.24 18.8 19.0:5.266 1.736 1.981
20.49 13.59 8.0:4.789 0.568 1.045
3.3 17.86 1.0:4.059 1.555 1.35
28.72 20.92 29.0:0.404 0.152 1.029,2.144 1.01 2.038
7.49 6.59 24.0:5.404 0.474 3.106,1.781 1.626 1.149
12.19 16.11 1.0:1.485 1.776 1.321
17.52 0.97 10.0:1.95 0.49 1.286,3.342 0.892 1.519
10.35 6.18 11.0:1.72 0.512 4.541,3.699 1.389 1.265
13.61 21.12 17.0:1.691 0.589 1.593,4.668 0.722 1.131
0.26 14.37 13.0:1.432 0.162 1.086
12.58 26.64 16.0:6.038 1.034 2.422
21.57 24.07 2.0:2.512 0.309 1.854
14.5 0.3 22.0:4.555 1.06 2.017
25.6 22.91 2.0:2.132 0.27 1.406,4.432 1.22 1.378
10.92 4.13 8.0:2.937 0.27 1.511
26.65 20.04 28.0:5.241 0.275 2.791
18.63 4.3 24.0:3.642 0.983 1.503
7.29 16.28 12.0:5.31 1.086 1.097
4.34 9.51 5.0:1.647 0.796 6.43