100 1
18.190 6.320 0
2.380 18.260 0
15.52 28.03 7.0:2.645 0.174 3.33
9.0 28.01 5.0:0.25 0.852 1.633
16.93 2.09 24.0:0.8 0.592 1.544,6.035 0.215 1.797
8.64 19.85 3.0:3.981 0.237 1.337
18.43 29.93 23.0:6.075 0.249 1.118
3.94 10.77 3.0:2.881 1.401 1.205
14.78 7.61 26.0:2.626 0.211 1.896
2.41 25.06 24.0:3.42 0.217 2.202,2.771 0.326 2.79
18.41 11.88 16.0:2.672 0.267 1.879
14.91 17.24 21.0:4.871 1.69 1.243
7.14 0.48 6.0:1.287 0.816 1.737,3.954 0.301 1.301
13.44 24.76 17.0:3.357 0.371 1.023
17.54 29.43 27.0:4.39 0.27 1.038
16.71 9.5 27.0:4.694 0.693 2.062,3.245 0.678 5.017
12.38 26.66 1.0:1.93 1.075 4.075,5.09 0.199 1.361
25.69 6.34 6.0:0.834 1.426 1.496
11.62 24.0 27.0:3.472 0.538 1.928
10.24 3.02 23.0:2.32 0.818 2.494
3.54 26.16 18.0:4.072 0.795 1.355
17.86 19.36 13.0:4.981 0.217 1.391
3.77 7.84 1.0:5.65 0.136 1.707
14.2 19.64 13.0:0.59 0.864 1.689
15.88 5.54 21.0:2.917 1.122 1.294
1.32 19.32 23.0:4.33 0.768 1.486
20.5 25.33 16.0:1.804 0.137 4.554,3.139 0.214 1.098
16.76 19.84 8.0:2.926 0.449 1.108
27.5 17.66 24.0:4.66 1.556 1.423
19.41 20.67 15.0:6.214 0.786 1.084
20.49 14.03 24.0:5.258 0.912 2.663,2.042 0.424 3.519
20.9 7.67 8.0:0.883 0.56 1.252,1.807 0.127 2.234
2.75 25.4 5.0:5.295 1.303 1.274
16.1 19.74 3.0:5.42 0.237 1.693,4.803 0.273 1.019
0.43 1.12 9.0:5.595 0.725 1.945
13.57 9.41 11.0:5.484 1.598 1.736
0.3 9.16 7.0:3.554 0.327 3.218,0.89 0.192 2.335
0.45 23.35 10.0:2.81 1.668 1.695
22.69 23.13 13.0:3.974 1.262 1.54
19.12 20.2 13.0:3.689 1.374 2.083,0.685 0.57 3.562
7.0 21.44 8.0:5.957 0.53 1.255
28.88 0.86 24.0:5.334 0.878 1.638
19.6 2.11 14.0:4.996 0.193 1.079
22.78 15.42 27.0:4.815 1.494 2.136
13.51 8.05 1.0:5.146 0.688 2.149
0.51 11.06 5.0:2.108 0.403 3.431
4.31 23.12 20.0:2.537 1.908 2.629
19.68 25.62 5.0:5.144 1.528 1.123
16.32 3.73 3.0:2.691 0.5 1.423,4.218 0.389 1.646
7.14 25.9 13.0:1.01 1.757 2.282
1.04 13.47 6.0:1.665 0.728 2.302
17.46 2.56 28.0:3.764 0.75 1.067
23.49 17.75 5.0:1.17 0.184 1.734,3.944 1.478 1.266
11.96 15.15 17.0:0.039 1.807 1.174
22.85 14.85 2.0:4.638 0.621 3.759
28.47 6.08 23.0:1.672 1.36 1.027,4.932 1.131 1.352
6.52 19.42 17.0:1.139 0.295 3.279,4.436 0.958 1.032
26.85 25.82 6.0:6.003 0.254 3.165
21.48 10.3 21.0:6.041 1.343 1.628
29.08 2.62 18.0:5.791 0.171 1.173
22.54 18.26 14.0:4.928 0.377 2.341,3.189 0.856 1.091
4.46 7.85 7.0:0.705 1.275 1.133
21.61 23.16 4.0:0.998 1.835 3.81
6.82 21.1 13.0:2.24 0.138 1.227
6.48 2.46 25.0:0.215 1.069 1.458
26.7 3.44 27.0:2.915 0.854 1.326
7.03 28.12 1.0:5.411 1.591 1.986
20.3 3.86 2.0:6.17 0.228 1.585
17.02 12.33 17.0:2.161 0.263 1.827
0.2 24.8 3.0:4.002 1.761 1.527
13.97 18.49 4.0:3.147 1.968 1.805
1.88 3.33 13.0:4.441 0.902 1.205
14.25 23.83 1.0:1.693 1.087 1.316
27.22 11.98 16.0:2.68 0.902 1.895
22.05 7.74 10.0:0.807 0.466 1.191,2.932 0.967 2.045
3.08 21.03 13.0:3.629 0.274 1.514,2.592 0.417 1.422
12.66 26.02 3.0:0.308 0.609 1.559
3.69 14.33 21.0:3.693 0.38 2.873
26.93 13.06 24.0:3.856 0.305 6.4,5.841 0.374 1.149
1.57 19.84 19.0:3.607 0.16 1.442
19.01 14.36 13.0:0.275 0.764 1.327
14.24 18.8 19.0:0.701 0.506 1.095
20.49 13.59 8.0:4.253 1.677 2.053
3.3 17.86 1.0:1.864 0.789 1.128,5.489 0.669 2.706
28.72 20.92 29.0:3.99 0.901 4.861
7.49 6.59 24.0:5.446 0.41 2.409,1.631 0.154 1.653
12.19 16.11 1.0:4.452 1.411 1.643
17.52 0.97 10.0:5.121 1.263 1.646
10.35 6.18 11.0:2.152 0.681 1.291,5.1 0.348 3.912
13.61 21.12 17.0:1.965 0.206 2.578
0.26 14.37 13.0:3.166 0.995 1.273
12.58 26.64 16.0:4.606 1.574 2.225
21.57 24.07 2.0:1.518 0.173 1.367
14.5 0.3 22.0:2.471 0.179 1.713
25.6 22.91 2.0:0.332 0.387 1.632
10.92 4.13 8.0:3.955 0.772 1.737
26.65 20.04 28.0:4.913 0.496 1.462
18.63 4.3 24.0:3.987 0.905 3.092,2.753 0.188 1.004,1.269 0.267 1.126
7.29 16.28 12.0:1.973 1.539 1.874
4.34 9.51 5.0:3.031 1.903 5.509