100 1
18.190 6.320 0
2.380 18.260 0
15.52 28.03 7.0:0.871 0.171 3.867
9.0 28.01 5.0:2.817 1.424 1.295
16.93 2.09 24.0:4.451 0.24 2.349,2.661 0.898 1.049
8.64 19.85 3.0:1.799 0.579 4.108,4.447 1.434 1.074
18.43 29.93 23.0:3.293 0.139 1.648
3.94 10.77 3.0:2.203 1.755 3.608
14.78 7.61 26.0:4.532 0.324 1.858,2.919 1.044 2.11
2.41 25.06 24.0:0.244 1.191 2.439
18.41 11.88 16.0:6.216 0.754 2.669
14.91 17.24 21.0:1.8 1.553 1.549
7.14 0.48 6.0:5.065 0.387 1.653
13.44 24.76 17.0:6.046 1.775 1.108
17.54 29.43 27.0:0.808 0.589 2.115
16.71 9.5 27.0:5.119 0.145 1.126,2.479 0.491 2.544
12.38 26.66 1.0:3.653 1.834 1.546
25.69 6.34 6.0:5.342 0.894 1.31
11.62 24.0 27.0:6.253 0.773 1.343
10.24 3.02 23.0:0.117 0.224 4.481
3.54 26.16 18.0:1.611 0.259 3.224
17.86 19.36 13.0:4.189 0.54 3.451,1.8 1.44 1.132
3.77 7.84 1.0:1.778 0.393 2.873,2.733 0.54 3.462
14.2 19.64 13.0:1.871 1.139 1.829
15.88 5.54 21.0:5.553 1.5 2.637
1.32 19.32 23.0:3.986 0.641 1.879,1.601 0.404 1.2
20.5 25.33 16.0:4.898 1.639 4.565
16.76 19.84 8.0:0.871 0.376 2.98,3.711 0.985 1.105
27.5 17.66 24.0:3.657 0.695 1.134
19.41 20.67 15.0:3.814 0.159 3.222
20.49 14.03 24.0:5.405 1.234 2.027
20.9 7.67 8.0:0.256 0.205 8.135,1.115 0.638 1.018
2.75 25.4 5.0:5.384 0.871 3.156
16.1 19.74 3.0:4.976 0.508 1.994,2.127 1.331 1.138
0.43 1.12 9.0:4.53 0.985 1.244,2.693 0.359 1.04
13.57 9.41 11.0:4.985 1.213 1.086
0.3 9.16 7.0:1.47 1.704 1.679
0.45 23.35 10.0:2.885 1.286 1.242
22.69 23.13 13.0:6.203 0.614 1.003
19.12 20.2 13.0:0.257 0.545 1.103
7.0 21.44 8.0:1.469 0.873 1.612,3.217 0.379 1.986
28.88 0.86 24.0:4.479 0.222 2.192,1.78 0.342 2.254
19.6 2.11 14.0:1.425 1.281 2.172
22.78 15.42 27.0:1.203 1.717 3.686
13.51 8.05 1.0:3.193 0.898 1.321,1.638 0.395 1.144,0.423 0.384 1.447
0.51 11.06 5.0:3.077 0.9 1.02
4.31 23.12 20.0:5.547 0.414 1.567
19.68 25.62 5.0:6.2 0.573 1.751
16.32 3.73 3.0:4.965 1.556 2.793
7.14 25.9 13.0:2.599 1.403 2.083
1.04 13.47 6.0:6.213 1.966 1.479
17.46 2.56 28.0:5.939 0.386 1.753
23.49 17.75 5.0:5.015 1.361 1.783
11.96 15.15 17.0:5.216 0.514 1.022
22.85 14.85 2.0:4.06 0.457 2.968
28.47 6.08 23.0:1.819 0.906 2.554
6.52 19.42 17.0:4.645 0.401 1.14
26.85 25.82 6.0:2.219 1.593 3.961
21.48 10.3 21.0:3.503 0.356 1.314
29.08 2.62 18.0:5.476 0.775 1.048
22.54 18.26 14.0:3.965 0.65 2.637
4.46 7.85 7.0:0.536 0.72 2.967
21.61 23.16 4.0:0.969 1.382 2.804
6.82 21.1 13.0:5.268 0.256 2.098
6.48 2.46 25.0:1.247 1.486 1.714
26.7 3.44 27.0:2.632 0.903 1.543,5.529 0.216 1.327
7.03 28.12 1.0:4.551 0.325 2.727
20.3 3.86 2.0:0.852 0.285 2.473,4.053 0.862 1.81
17.02 12.33 17.0:4.985 1.813 2.247
0.2 24.8 3.0:4.235 1.519 1.624
13.97 18.49 4.0:2.324 0.935 1.363
1.88 3.33 13.0:2.573 1.241 1.665
14.25 23.83 1.0:6.184 1.674 1.22
27.22 11.98 16.0:4.91 1.872 1.08
22.05 7.74 10.0:0.291 0.386 3.915
3.08 21.03 13.0:3.465 2.006 1.155
12.66 26.02 3.0:3.997 1.894 2.356
3.69 14.33 21.0:1.06 0.241 2.15,5.063 0.201 3.595
26.93 13.06 24.0:4.976 0.135 2.45
1.57 19.84 19.0:5.775 1.508 2.385
19.01 14.36 13.0:2.48 1.004 2.644
14.24 18.8 19.0:1.183 0.588 1.415
20.49 13.59 8.0:2.333 1.304 5.1
3.3 17.86 1.0:0.159 1.372 1.188
28.72 20.92 29.0:0.171 0.225 1.029
7.49 6.59 24.0:1.073 1.042 3.24
12.19 16.11 1.0:3.942 1.688 2.043,1.401 0.487 1.387
17.52 0.97 10.0:5.143 0.268 1.082
10.35 6.18 11.0:4.585 1.968 2.964
13.61 21.12 17.0:0.376 0.376 3.959
0.26 14.37 13.0:4.882 1.249 1.318
12.58 26.64 16.0:2.418 0.239 1.644
21.57 24.07 2.0:0.108 0.195 1.11
14.5 0.3 22.0:2.555 1.262 4.188
25.6 22.91 2.0:5.841 0.204 1.098,3.411 1.33 1.587
10.92 4.13 8.0:0.857 0.796 2.058
26.65 20.04 28.0:1.822 0.144 1.883
18.63 4.3 24.0:2.931 0.453 1.339
7.29 16.28 12.0:4.379 0.748 1.171
4.34 9.51 5.0:4.749 1.266 2.046