100 1
18.190 6.320 0
2.380 18.260 0
15.52 28.03 7.0:4.581 1.967 1.192
9.0 28.01 5.0:5.735 1.281 1.421
16.93 2.09 24.0:2.948 0.911 1.646
8.64 19.85 3.0:2.367 1.843 1.335
18.43 29.93 23.0:0.614 0.23 1.038
3.94 10.77 3.0:5.919 0.223 1.233
14.78 7.61 26.0:1.438 0.501 1.35,3.311 0.308 3.479
2.41 25.06 24.0:5.707 1.368 1.125
18.41 11.88 16.0:4.909 0.236 1.19
14.91 17.24 21.0:1.871 0.873 1.854,4.996 0.403 1.159
7.14 0.48 6.0:5.313 1.958 1.979
13.44 24.76 17.0:6.25 0.127 2.69
17.54 29.43 27.0:2.405 0.488 2.874,5.121 0.327 1.764
16.71 9.5 27.0:1.508 0.885 4.689,5.334 0.317 3.4
12.38 26.66 1.0:2.325 1.008 1.686
25.69 6.34 6.0:2.253 0.572 1.222
11.62 24.0 27.0:5.675 0.572 3.149
10.24 3.02 23.0:2.467 0.436 1.729
3.54 26.16 18.0:3.772 0.819 1.376
17.86 19.36 13.0:3.269 1.533 2.152
3.77 7.84 1.0:0.53 0.261 1.198,3.723 0.854 1.946
14.2 19.64 13.0:4.313 0.545 3.653,1.188 0.237 3.31
15.88 5.54 21.0:3.682 1.196 1.334
1.32 19.32 23.0:4.027 0.678 1.619
20.5 25.33 16.0:0.061 0.414 4.024
16.76 19.84 8.0:0.227 0.165 1.054,3.388 1.391 2.14
27.5 17.66 24.0:2.984 1.462 2.43
19.41 20.67 15.0:4.458 0.969 1.857
20.49 14.03 24.0:0.939 0.511 2.162
20.9 7.67 8.0:1.035 1.872 1.41
2.75 25.4 5.0:2.488 0.629 1.296
16.1 19.74 3.0:5.023 1.432 1.588
0.43 1.12 9.0:0.547 0.632 3.456
13.57 9.41 11.0:3.423 0.41 1.114
0.3 9.16 7.0:2.3 0.333 2.046,3.846 0.958 1.182
0.45 23.35 10.0:3.028 0.588 1.263
22.69 23.13 13.0:4.439 1.996 1.253
19.12 20.2 13.0:4.198 1.613 4.123
7.0 21.44 8.0:4.257 1.374 1.017
28.88 0.86 24.0:0.344 0.326 1.513,3.663 1.577 1.99
19.6 2.11 14.0:0.569 1.087 2.229
22.78 15.42 27.0:5.913 1.941 1.793
13.51 8.05 1.0:3.329 1.824 2.146
0.51 11.06 5.0:4.074 0.481 5.813,3.194 0.256 4.104
4.31 23.12 20.0:1.427 0.199 1.107,4.938 0.201 1.879
19.68 25.62 5.0:5.622 0.93 1.095
16.32 3.73 3.0:1.922 0.435 1.54
7.14 25.9 13.0:3.43 0.175 1.161
1.04 13.47 6.0:1.384 1.755 1.203
17.46 2.56 28.0:4.403 0.185 2.169,2.046 0.474 1.654
23.49 17.75 5.0:5.813 0.416 1.698
11.96 15.15 17.0:1.189 1.536 1.054
22.85 14.85 2.0:3.413 0.852 1.806
28.47 6.08 23.0:3.806 1.017 1.068,5.32 0.282 1.665
6.52 19.42 17.0:2.76 1.42 1.125
26.85 25.82 6.0:4.642 0.755 2.37
21.48 10.3 21.0:5.968 1.165 2.135
29.08 2.62 18.0:1.81 0.384 1.491,4.292 0.866 1.524
22.54 18.26 14.0:5.575 1.974 4.097
4.46 7.85 7.0:5.142 1.962 1.21
21.61 23.16 4.0:3.12 0.174 1.463
6.82 21.1 13.0:5.255 0.589 1.265,1.364 0.625 3.495
6.48 2.46 25.0:2.678 1.619 1.061
26.7 3.44 27.0:0.427 1.363 2.15
7.03 28.12 1.0:5.786 0.193 1.118
20.3 3.86 2.0:4.668 1.04 1.661
17.02 12.33 17.0:1.881 1.112 1.691
0.2 24.8 3.0:2.922 1.116 1.304,5.086 0.366 2.861
13.97 18.49 4.0:4.818 0.725 2.035
1.88 3.33 13.0:0.886 0.174 2.289,3.86 1.069 1.056
14.25 23.83 1.0:5.049 1.647 2.466
27.22 11.98 16.0:1.324 1.105 1.773
22.05 7.74 10.0:0.201 1.599 1.284
3.08 21.03 13.0:0.788 0.784 4.289
12.66 26.02 3.0:5.616 1.049 2.816
3.69 14.33 21.0:2.273 0.405 1.662
26.93 13.06 24.0:5.831 0.963 2.485
1.57 19.84 19.0:1.233 1.273 2.461
19.01 14.36 13.0:2.44 0.879 1.437
14.24 18.8 19.0:2.63 0.344 5.589,3.556 0.459 3.091
20.49 13.59 8.0:4.472 1.239 1.015
3.3 17.86 1.0:4.422 0.982 1.011
28.72 20.92 29.0:1.417 0.917 2.346,4.226 0.308 1.017
7.49 6.59 24.0:4.744 0.397 4.727,0.569 0.379 1.342
12.19 16.11 1.0:3.311 0.322 1.577,0.594 0.263 6.39
17.52 0.97 10.0:2.976 1.585 3.292
10.35 6.18 11.0:5.163 0.83 1.508
13.61 21.12 17.0:0.498 1.019 3.79
0.26 14.37 13.0:1.28 1.971 1.489
12.58 26.64 16.0:1.805 1.787 1.73
21.57 24.07 2.0:1.788 1.816 1.858
14.5 0.3 22.0:1.3 0.933 3.44
25.6 22.91 2.0:1.925 1.297 1.803
10.92 4.13 8.0:5.241 0.512 1.352,1.706 0.581 2.995
26.65 20.04 28.0:5.135 0.333 1.779
18.63 4.3 24.0:5.008 0.212 1.381,3.122 1.435 1.362
7.29 16.28 12.0:1.123 0.587 2.099
4.34 9.51 5.0:1.115 0.647 1.859