100, 1
18.190 6.320 0
2.380 18.260 0
15.52 28.03 7.0:5.647 0.554 1.589
9.0 28.01 5.0:5.459 1.898 1.674
16.93 2.09 24.0:4.587 0.228 1.506
8.64 19.85 3.0:2.831 1.36 1.526
18.43 29.93 23.0:3.196 1.268 1.723,0.771 0.525 2.501
3.94 10.77 3.0:5.206 1.294 1.798
14.78 7.61 26.0:5.916 0.97 1.719
2.41 25.06 24.0:1.855 0.441 1.072,5.469 0.303 1.11
18.41 11.88 16.0:1.631 1.496 1.208,4.983 0.516 1.168
14.91 17.24 21.0:2.681 0.139 2.67
7.14 0.48 6.0:0.983 0.587 1.034
13.44 24.76 17.0:0.286 1.803 2.559
17.54 29.43 27.0:0.648 0.697 1.158
16.71 9.5 27.0:3.106 1.649 1.18
12.38 26.66 1.0:4.827 1.552 1.454
25.69 6.34 6.0:4.447 1.897 1.781
11.62 24.0 27.0:4.692 1.405 1.687,1.991 0.889 1.428
10.24 3.02 23.0:0.862 1.656 2.67
3.54 26.16 18.0:2.975 0.858 2.44
17.86 19.36 13.0:5.62 1.485 2.21
3.77 7.84 1.0:3.026 1.423 2.359
14.2 19.64 13.0:1.863 1.168 1.695
15.88 5.54 21.0:5.708 0.315 1.393
1.32 19.32 23.0:5.58 0.472 1.097
20.5 25.33 16.0:2.306 1.673 4.646,4.984 0.589 2.054
16.76 19.84 8.0:5.778 0.447 1.208
27.5 17.66 24.0:1.305 0.601 1.524,5.781 0.289 1.01
19.41 20.67 15.0:3.937 1.131 1.309,1.624 0.15 1.911
20.49 14.03 24.0:5.96 1.837 1.399
20.9 7.67 8.0:4.156 0.135 1.665,3.228 0.749 1.705
2.75 25.4 5.0:2.422 0.85 1.52
16.1 19.74 3.0:4.109 0.629 1.815
0.43 1.12 9.0:5.249 1.089 1.315
13.57 9.41 11.0:0.082 0.343 2.298
0.3 9.16 7.0:4.528 0.591 2.427,0.678 0.487 1.873
0.45 23.35 10.0:1.813 1.019 2.019,4.282 0.16 1.612
22.69 23.13 13.0:1.976 0.138 1.112
19.12 20.2 13.0:6.083 1.612 3.237
7.0 21.44 8.0:2.626 0.358 1.335
28.88 0.86 24.0:0.949 0.794 2.695,4.19 0.664 1.017
19.6 2.11 14.0:4.579 0.351 3.031
22.78 15.42 27.0:0.292 0.335 2.961
13.51 8.05 1.0:4.564 1.33 2.175
0.51 11.06 5.0:4.034 0.204 1.216
4.31 23.12 20.0:0.932 0.892 1.1
19.68 25.62 5.0:4.82 1.003 1.166,2.411 0.828 2.217
16.32 3.73 3.0:1.95 0.594 4.038
7.14 25.9 13.0:1.257 0.502 2.59
1.04 13.47 6.0:0.665 1.685 1.03
17.46 2.56 28.0:5.587 1.976 2.392
23.49 17.75 5.0:1.638 0.717 1.123,2.624 0.172 1.645
11.96 15.15 17.0:3.731 1.057 1.36
22.85 14.85 2.0:2.142 0.377 1.625
28.47 6.08 23.0:4.382 1.654 2.907
6.52 19.42 17.0:3.589 0.505 2.527
26.85 25.82 6.0:0.162 0.768 1.111
21.48 10.3 21.0:1.445 1.465 2.356
29.08 2.62 18.0:5.806 0.85 2.74
22.54 18.26 14.0:3.817 0.2 1.896
4.46 7.85 7.0:1.473 2.003 1.688
21.61 23.16 4.0:6.057 0.205 2.418,2.66 0.422 1.904
6.82 21.1 13.0:0.553 1.966 1.907
6.48 2.46 25.0:3.16 1.954 1.156
26.7 3.44 27.0:3.321 1.683 1.92
7.03 28.12 1.0:0.819 1.374 1.348
20.3 3.86 2.0:3.975 1.48 1.578
17.02 12.33 17.0:2.18 1.084 2.804
0.2 24.8 3.0:4.438 0.896 1.672
13.97 18.49 4.0:4.325 0.374 3.041
1.88 3.33 13.0:1.787 0.594 1.793
14.25 23.83 1.0:4.501 0.607 3.847
27.22 11.98 16.0:5.531 0.271 1.723
22.05 7.74 10.0:5.538 0.194 1.226,3.112 1.319 1.383
3.08 21.03 13.0:0.411 0.927 1.295
12.66 26.02 3.0:1.567 0.241 3.078,5.455 0.129 1.617,3.484 1.189 2.596
3.69 14.33 21.0:2.395 0.861 1.189
26.93 13.06 24.0:0.821 0.72 3.48,3.973 1.982 1.273
1.57 19.84 19.0:2.982 1.829 5.835
19.01 14.36 13.0:1.56 0.4 1.067
14.24 18.8 19.0:5.871 1.746 1.489
20.49 13.59 8.0:2.492 1.413 2.06,0.395 0.298 2.496
3.3 17.86 1.0:1.748 0.228 1.965,4.065 1.557 2.486
28.72 20.92 29.0:1.386 0.354 3.051,3.485 0.415 2.825
7.49 6.59 24.0:3.467 0.55 1.139
12.19 16.11 1.0:3.864 0.522 3.813
17.52 0.97 10.0:2.781 1.942 1.247
10.35 6.18 11.0:2.252 1.749 5.272
13.61 21.12 17.0:5.769 1.2 2.182
0.26 14.37 13.0:2.75 0.628 1.279
12.58 26.64 16.0:3.686 0.333 1.605
21.57 24.07 2.0:5.187 0.187 2.799
14.5 0.3 22.0:3.603 1.11 1.248
25.6 22.91 2.0:1.737 0.427 1.385,4.709 0.342 1.587
10.92 4.13 8.0:5.782 1.731 3.621
26.65 20.04 28.0:0.609 1.474 3.042
18.63 4.3 24.0:0.451 1.533 1.011
7.29 16.28 12.0:2.682 1.942 2.112,5.262 0.319 3.347
4.34 9.51 5.0:3.21 0.867 1.526