100 1
18.190 6.320 0
2.380 18.260 0
15.52 28.03 7.0:0.965 0.263 2.184
9.0 28.01 5.0:4.079 1.909 1.707
16.93 2.09 24.0:3.775 0.469 2.654,2.192 0.132 3.156
8.64 19.85 3.0:3.275 0.949 1.599
18.43 29.93 23.0:3.648 0.937 2.783
3.94 10.77 3.0:2.431 1.165 1.956
14.78 7.61 26.0:2.397 1.185 3.432,4.753 0.338 2.289
2.41 25.06 24.0:5.397 0.246 2.476,2.317 1.09 1.281
18.41 11.88 16.0:4.825 1.456 1.753,1.425 0.539 1.512
14.91 17.24 21.0:0.451 1.116 1.044
7.14 0.48 6.0:5.144 1.089 1.646
13.44 24.76 17.0:1.921 1.674 1.256,5.181 0.252 1.5
17.54 29.43 27.0:1.839 1.434 1.045
16.71 9.5 27.0:1.839 1.856 1.291
12.38 26.66 1.0:3.044 0.953 1.583,1.336 0.671 2.047
25.69 6.34 6.0:5.2 0.83 1.885
11.62 24.0 27.0:0.393 1.737 3.441
10.24 3.02 23.0:2.99 0.645 1.585,4.372 0.377 1.094
3.54 26.16 18.0:5.124 1.408 2.829
17.86 19.36 13.0:1.928 0.783 1.793
3.77 7.84 1.0:1.042 0.152 3.274,1.663 0.334 1.087
14.2 19.64 13.0:6.121 0.237 1.37
15.88 5.54 21.0:0.461 0.174 1.229,3.558 1.097 1.138
1.32 19.32 23.0:1.341 1.059 1.116
20.5 25.33 16.0:4.551 1.469 1.018
16.76 19.84 8.0:5.544 1.527 1.124
27.5 17.66 24.0:0.127 0.474 3.234
19.41 20.67 15.0:1.239 0.483 1.858,3.11 0.179 1.483
20.49 14.03 24.0:5.313 0.267 2.449
20.9 7.67 8.0:4.331 1.247 1.03
2.75 25.4 5.0:3.172 1.541 2.962
16.1 19.74 3.0:0.865 1.338 2.346
0.43 1.12 9.0:1.293 0.921 1.108
13.57 9.41 11.0:1.726 1.855 2.241
0.3 9.16 7.0:3.526 1.224 1.001
0.45 23.35 10.0:1.869 1.815 3.732
22.69 23.13 13.0:4.104 1.35 2.872
19.12 20.2 13.0:3.926 0.486 1.681
7.0 21.44 8.0:2.872 0.402 1.724
28.88 0.86 24.0:3.611 0.304 3.449
19.6 2.11 14.0:5.11 0.596 1.528,2.864 1.193 1.484
22.78 15.42 27.0:2.425 0.279 1.539,4.73 0.956 1.221
13.51 8.05 1.0:0.642 1.069 1.762
0.51 11.06 5.0:2.592 0.601 2.968,4.748 0.291 1.019
4.31 23.12 20.0:5.857 1.677 2.311
19.68 25.62 5.0:1.418 1.019 1.252
16.32 3.73 3.0:4.744 0.714 2.923,0.31 0.261 1.486
7.14 25.9 13.0:2.414 0.513 1.77
1.04 13.47 6.0:2.98 1.054 1.298
17.46 2.56 28.0:3.313 1.067 1.217
23.49 17.75 5.0:1.779 1.18 4.815,4.756 0.288 1.108
11.96 15.15 17.0:1.562 1.139 2.484,4.416 0.844 1.82
22.85 14.85 2.0:1.388 0.165 2.652,3.496 0.875 2.139
28.47 6.08 23.0:3.453 1.917 1.603
6.52 19.42 17.0:0.647 1.708 1.812
26.85 25.82 6.0:3.525 0.452 3.622,1.087 0.859 1.039
21.48 10.3 21.0:3.866 1.37 1.795
29.08 2.62 18.0:6.056 0.837 1.018
22.54 18.26 14.0:4.434 0.735 2.582
4.46 7.85 7.0:5.135 0.251 1.484
21.61 23.16 4.0:3.263 0.982 1.13
6.82 21.1 13.0:4.212 0.242 1.248
6.48 2.46 25.0:0.119 0.2 3.554
26.7 3.44 27.0:1.361 1.137 3.221
7.03 28.12 1.0:1.663 0.46 4.186
20.3 3.86 2.0:0.133 0.716 2.301
17.02 12.33 17.0:0.278 0.543 2.228
0.2 24.8 3.0:1.869 0.446 1.396
13.97 18.49 4.0:2.491 0.24 2.22,4.234 0.372 1.218
1.88 3.33 13.0:3.734 1.319 1.586
14.25 23.83 1.0:1.877 0.412 1.702,3.201 0.154 1.13,5.838 0.176 1.19
27.22 11.98 16.0:5.125 0.366 1.291
22.05 7.74 10.0:4.668 0.672 5.128
3.08 21.03 13.0:0.266 1.093 1.323
12.66 26.02 3.0:5.32 1.374 3.5
3.69 14.33 21.0:3.312 0.234 1.461,1.343 0.214 1.523
26.93 13.06 24.0:1.96 0.981 4.749
1.57 19.84 19.0:0.434 1.277 2.264
19.01 14.36 13.0:2.287 1.679 1.869
14.24 18.8 19.0:1.762 0.446 1.665,5.834 0.287 1.131
20.49 13.59 8.0:5.167 0.3 1.937
3.3 17.86 1.0:3.89 1.735 2.617
28.72 20.92 29.0:3.76 0.539 1.047,5.121 0.657 1.158
7.49 6.59 24.0:5.586 0.51 4.001
12.19 16.11 1.0:1.843 1.543 1.01
17.52 0.97 10.0:2.15 0.932 1.081
10.35 6.18 11.0:2.299 0.235 1.876
13.61 21.12 17.0:6.247 0.357 4.066
0.26 14.37 13.0:2.338 0.143 1.712
12.58 26.64 16.0:3.84 0.828 1.024
21.57 24.07 2.0:2.566 1.154 2.974
14.5 0.3 22.0:4.483 1.352 1.216
25.6 22.91 2.0:0.601 1.557 1.073
10.92 4.13 8.0:2.501 0.823 1.342
26.65 20.04 28.0:0.573 1.4 1.606
18.63 4.3 24.0:2.836 0.193 1.017
7.29 16.28 12.0:0.096 0.312 2.682
4.34 9.51 5.0:4.909 1.942 3.678