100 1
18.190 6.320 0
2.380 18.260 0
15.52 28.03 7.0:3.21 1.539 2.895
9.0 28.01 5.0:3.919 1.145 1.402,0.711 0.496 1.608
16.93 2.09 24.0:0.989 1.99 1.872
8.64 19.85 3.0:4.734 0.7 2.32
18.43 29.93 23.0:0.483 1.145 1.529
3.94 10.77 3.0:1.206 0.336 1.104,4.745 0.274 1.38
14.78 7.61 26.0:1.741 0.632 4.008
2.41 25.06 24.0:0.52 1.441 2.105
18.41 11.88 16.0:1.549 1.98 1.562
14.91 17.24 21.0:2.848 1.911 1.405
7.14 0.48 6.0:1.917 1.946 1.166
13.44 24.76 17.0:1.566 0.207 1.792
17.54 29.43 27.0:4.097 0.217 2.973
16.71 9.5 27.0:2.479 1.06 1.534
12.38 26.66 1.0:6.088 1.23 2.266
25.69 6.34 6.0:3.616 0.91 2.083
11.62 24.0 27.0:3.566 0.134 5.06
10.24 3.02 23.0:2.661 1.961 2.299
3.54 26.16 18.0:1.396 1.647 2.882
17.86 19.36 13.0:5.789 1.092 1.073
3.77 7.84 1.0:0.944 0.182 1.29,3.584 0.267 3.238
14.2 19.64 13.0:3.51 1.808 1.46
15.88 5.54 21.0:2.269 1.402 1.044
1.32 19.32 23.0:1.702 0.23 1.517,3.683 0.687 1.186
20.5 25.33 16.0:4.008 0.504 1.485,2.119 0.43 2.143
16.76 19.84 8.0:0.805 0.364 1.246,4.839 0.235 1.32
27.5 17.66 24.0:3.607 0.981 1.852
19.41 20.67 15.0:4.481 0.852 1.874,1.18 0.845 4.157
20.49 14.03 24.0:5.887 1.235 2.149
20.9 7.67 8.0:2.569 0.184 2.196
2.75 25.4 5.0:2.355 1.369 1.529
16.1 19.74 3.0:5.926 1.974 1.062
0.43 1.12 9.0:5.25 1.516 3.136
13.57 9.41 11.0:3.158 1.437 1.243,1.287 0.368 5.628
0.3 9.16 7.0:3.676 0.153 1.619
0.45 23.35 10.0:5.25 0.64 1.17,2.139 0.306 4.942
22.69 23.13 13.0:0.547 1.318 3.167
19.12 20.2 13.0:2.042 0.372 1.185
7.0 21.44 8.0:1.79 0.819 1.679
28.88 0.86 24.0:1.625 0.321 2.746
19.6 2.11 14.0:3.088 1.034 2.496
22.78 15.42 27.0:4.694 0.605 2.688,6.035 0.202 2.197
13.51 8.05 1.0:1.508 1.111 1.385
0.51 11.06 5.0:5.346 1.917 1.64
4.31 23.12 20.0:1.261 0.829 2.356
19.68 25.62 5.0:0.134 1.834 4.149
16.32 3.73 3.0:2.518 0.246 3.847
7.14 25.9 13.0:1.74 1.891 1.813
1.04 13.47 6.0:1.455 1.461 3.166
17.46 2.56 28.0:2.104 0.438 2.005
23.49 17.75 5.0:5.939 0.566 3.603
11.96 15.15 17.0:6.222 0.819 1.995
22.85 14.85 2.0:4.514 1.125 2.141
28.47 6.08 23.0:1.322 0.764 3.32
6.52 19.42 17.0:3.835 0.315 1.265,5.409 0.426 1.814,2.466 0.148 1.312
26.85 25.82 6.0:0.94 1.198 1.17
21.48 10.3 21.0:5.603 1.67 1.269
29.08 2.62 18.0:5.899 0.412 4.934
22.54 18.26 14.0:5.162 1.816 1.145
4.46 7.85 7.0:0.399 1.008 3.113
21.61 23.16 4.0:3.582 0.839 1.506,1.536 0.24 5.759
6.82 21.1 13.0:0.714 0.686 2.543
6.48 2.46 25.0:6.275 0.306 3.432
26.7 3.44 27.0:3.944 1.896 2.378
7.03 28.12 1.0:1.822 1.022 1.631,5.155 0.315 1.711
20.3 3.86 2.0:2.939 1.198 1.139
17.02 12.33 17.0:5.775 0.173 1.201
0.2 24.8 3.0:0.572 1.264 1.687
13.97 18.49 4.0:2.909 1.296 1.019
1.88 3.33 13.0:0.014 0.456 1.324
14.25 23.83 1.0:2.294 0.385 1.386
27.22 11.98 16.0:4.981 0.479 2.373,2.307 0.375 6.08
22.05 7.74 10.0:3.167 1.177 4.437
3.08 21.03 13.0:0.089 0.428 1.018
12.66 26.02 3.0:0.781 1.188 1.811
3.69 14.33 21.0:3.386 1.092 1.18,1.246 0.212 3.308
26.93 13.06 24.0:3.868 1.274 1.467,0.934 0.247 4.952
1.57 19.84 19.0:0.407 0.576 1.977
19.01 14.36 13.0:3.288 1.196 1.075
14.24 18.8 19.0:1.57 0.894 2.869
20.49 13.59 8.0:2.748 0.427 1.83
3.3 17.86 1.0:0.126 0.446 1.107
28.72 20.92 29.0:4.697 1.78 1.559
7.49 6.59 24.0:4.842 1.129 1.097,2.457 0.15 1.531
12.19 16.11 1.0:5.693 0.287 3.467
17.52 0.97 10.0:2.114 0.452 3.248,5.758 0.259 1.387
10.35 6.18 11.0:4.081 1.154 1.198,1.124 0.469 1.212
13.61 21.12 17.0:4.116 0.157 1.837
0.26 14.37 13.0:5.04 0.384 1.032,5.695 0.194 2.145,0.994 0.907 2.863
12.58 26.64 16.0:5.286 0.15 1.597,2.735 1.851 1.013
21.57 24.07 2.0:0.971 0.233 1.965
14.5 0.3 22.0:6.164 0.312 1.662
25.6 22.91 2.0:5.86 1.026 2.603
10.92 4.13 8.0:5.272 1.055 1.091
26.65 20.04 28.0:3.666 0.889 1.221
18.63 4.3 24.0:5.164 0.434 1.173,2.579 1.093 1.427
7.29 16.28 12.0:5.108 0.879 1.09,0.857 0.739 2.57
4.34 9.51 5.0:1.788 1.071 1.221