100 1
18.190 6.320 0
2.380 18.260 0
15.52 28.03 7.0:5.788 1.038 1.611
9.0 28.01 5.0:5.599 1.219 1.708
16.93 2.09 24.0:3.596 0.918 1.948
8.64 19.85 3.0:1.631 1.833 1.16
18.43 29.93 23.0:5.201 0.5 1.612
3.94 10.77 3.0:5.131 0.401 1.709,2.811 0.752 1.133
14.78 7.61 26.0:4.67 0.476 1.21
2.41 25.06 24.0:5.051 1.05 2.196
18.41 11.88 16.0:2.205 0.214 5.149,5.578 0.217 2.192
14.91 17.24 21.0:4.882 0.157 1.384
7.14 0.48 6.0:3.407 1.604 1.006
13.44 24.76 17.0:5.111 0.256 2.835
17.54 29.43 27.0:3.063 0.616 1.222,1.865 0.243 1.049
16.71 9.5 27.0:1.811 1.323 2.255
12.38 26.66 1.0:2.71 0.323 1.382
25.69 6.34 6.0:5.977 1.218 1.273
11.62 24.0 27.0:3.86 0.92 1.005
10.24 3.02 23.0:5.2 1.69 3.907
3.54 26.16 18.0:0.393 1.669 1.317
17.86 19.36 13.0:0.748 0.282 1.56,4.423 0.357 1.954
3.77 7.84 1.0:3.192 0.14 1.943,4.08 0.311 2.168
14.2 19.64 13.0:0.879 1.598 1.625
15.88 5.54 21.0:2.146 0.569 1.158,3.952 0.235 1.592
1.32 19.32 23.0:5.824 0.861 2.023
20.5 25.33 16.0:2.531 0.409 2.707
16.76 19.84 8.0:3.012 1.11 1.631
27.5 17.66 24.0:3.317 0.188 1.931
19.41 20.67 15.0:2.743 1.595 2.083
20.49 14.03 24.0:3.974 0.575 2.141
20.9 7.67 8.0:5.619 0.947 2.201
2.75 25.4 5.0:2.982 0.29 1.368,1.121 0.72 1.371
16.1 19.74 3.0:2.345 0.22 1.497
0.43 1.12 9.0:5.223 0.362 1.232,3.278 1.029 1.071
13.57 9.41 11.0:0.754 1.363 1.674
0.3 9.16 7.0:4.187 1.764 1.204
0.45 23.35 10.0:5.061 0.424 4.869,4.278 0.256 1.07,1.669 0.353 1.408
22.69 23.13 13.0:1.263 0.684 2.209,4.872 0.406 3.157
19.12 20.2 13.0:1.746 0.5 6.119
7.0 21.44 8.0:4.282 0.93 1.84
28.88 0.86 24.0:5.749 0.482 2.206
19.6 2.11 14.0:5.697 1.758 2.165
22.78 15.42 27.0:0.487 0.971 2.079
13.51 8.05 1.0:4.939 0.226 1.952,1.785 0.223 1.289
0.51 11.06 5.0:1.985 0.219 2.293,3.323 0.785 1.376
4.31 23.12 20.0:1.273 1.998 2.561
19.68 25.62 5.0:5.547 1.374 1.458
16.32 3.73 3.0:3.21 1.688 2.603
7.14 25.9 13.0:6.025 0.549 2.011
1.04 13.47 6.0:4.701 0.364 2.417,1.45 1.074 2.502
17.46 2.56 28.0:2.298 0.754 1.946
23.49 17.75 5.0:2.035 0.953 2.505,3.672 0.407 1.054
11.96 15.15 17.0:0.911 0.325 1.939,3.595 1.172 1.857
22.85 14.85 2.0:2.262 1.995 1.124
28.47 6.08 23.0:0.283 0.864 4.25
6.52 19.42 17.0:1.728 0.15 1.642
26.85 25.82 6.0:4.494 1.708 3.766
21.48 10.3 21.0:3.35 0.92 2.031
29.08 2.62 18.0:5.11 0.955 2.904
22.54 18.26 14.0:2.79 0.232 1.189
4.46 7.85 7.0:5.002 1.043 1.245,0.833 0.486 2.44
21.61 23.16 4.0:1.126 1.093 1.488,2.528 0.141 1.004
6.82 21.1 13.0:6.029 0.499 1.131
6.48 2.46 25.0:1.36 1.534 2.977
26.7 3.44 27.0:5.95 0.173 1.991,4.754 0.332 1.377,1.387 0.939 1.239
7.03 28.12 1.0:6.21 0.309 1.138
20.3 3.86 2.0:4.277 1.506 1.539
17.02 12.33 17.0:3.476 0.444 2.387
0.2 24.8 3.0:6.262 1.235 1.239
13.97 18.49 4.0:1.073 0.357 5.884,4.617 0.992 2.87
1.88 3.33 13.0:1.403 0.95 1.519
14.25 23.83 1.0:6.098 0.309 1.002
27.22 11.98 16.0:1.093 1.313 1.256
22.05 7.74 10.0:0.841 0.722 1.146
3.08 21.03 13.0:3.363 1.078 2.715
12.66 26.02 3.0:6.25 0.84 1.736
3.69 14.33 21.0:3.258 1.57 1.048
26.93 13.06 24.0:3.494 0.577 1.848
1.57 19.84 19.0:0.93 1.97 1.001
19.01 14.36 13.0:0.446 0.437 1.771,4.985 0.14 1.501
14.24 18.8 19.0:1.642 1.652 1.175
20.49 13.59 8.0:0.162 1.54 2.829
3.3 17.86 1.0:3.542 0.571 1.171
28.72 20.92 29.0:1.835 0.51 2.224
7.49 6.59 24.0:2.79 1.201 2.267
12.19 16.11 1.0:5.921 0.504 3.489
17.52 0.97 10.0:1.959 0.285 1.445
10.35 6.18 11.0:5.704 1.103 1.867
13.61 21.12 17.0:1.213 0.457 1.015,4.012 0.92 1.523
0.26 14.37 13.0:5.646 0.473 1.205,2.885 1.66 1.02
12.58 26.64 16.0:4.713 0.301 4.441,0.451 0.383 2.383,2.815 0.137 2.023
21.57 24.07 2.0:1.424 0.51 1.078
14.5 0.3 22.0:1.342 0.139 1.02
25.6 22.91 2.0:0.62 0.167 2.648,5.411 0.144 4.193
10.92 4.13 8.0:5.313 1.99 1.137
26.65 20.04 28.0:4.353 1.924 4.038
18.63 4.3 24.0:5.105 0.67 1.64
7.29 16.28 12.0:0.775 0.679 1.059
4.34 9.51 5.0:0.169 0.295 1.288