100 1
18.190 6.320 0
2.380 18.260 0
15.52 28.03 7.0:3.352 0.658 2.071
9.0 28.01 5.0:0.072 0.417 1.714
16.93 2.09 24.0:5.005 0.482 1.633
8.64 19.85 3.0:4.658 0.191 1.315,5.351 0.414 1.676
18.43 29.93 23.0:4.361 0.685 1.117
3.94 10.77 3.0:5.008 0.617 2.024
14.78 7.61 26.0:5.5 0.275 2.92
2.41 25.06 24.0:0.639 1.284 2.451
18.41 11.88 16.0:5.762 0.412 1.319
14.91 17.24 21.0:5.191 1.592 2.351
7.14 0.48 6.0:3.238 0.263 1.403
13.44 24.76 17.0:2.97 0.979 1.439
17.54 29.43 27.0:2.169 1.027 2.15
16.71 9.5 27.0:4.553 0.157 1.544
12.38 26.66 1.0:2.904 1.021 3.415
25.69 6.34 6.0:5.793 0.35 1.073,3.115 0.698 2.864
11.62 24.0 27.0:3.618 0.416 1.481
10.24 3.02 23.0:5.933 0.175 1.192,2.839 1.316 1.819
3.54 26.16 18.0:0.784 0.702 2.596
17.86 19.36 13.0:4.704 0.49 1.779
3.77 7.84 1.0:1.011 1.203 1.243
14.2 19.64 13.0:3.136 0.282 1.245
15.88 5.54 21.0:2.812 1.306 1.358,4.798 0.657 4.224
1.32 19.32 23.0:0.824 1.096 2.999
20.5 25.33 16.0:1.354 1.9 2.373
16.76 19.84 8.0:0.186 0.449 1.264
27.5 17.66 24.0:2.462 0.573 1.028,4.946 0.296 2.888
19.41 20.67 15.0:5.53 0.798 1.359
20.49 14.03 24.0:3.844 1.413 1.001
20.9 7.67 8.0:5.35 1.843 4.882
2.75 25.4 5.0:5.566 1.224 1.054
16.1 19.74 3.0:4.382 0.297 1.859,1.948 0.596 1.282
0.43 1.12 9.0:5.204 0.418 1.23
13.57 9.41 11.0:0.284 0.378 1.149
0.3 9.16 7.0:5.811 0.957 1.541
0.45 23.35 10.0:4.788 0.537 1.534
22.69 23.13 13.0:3.415 0.413 1.595,1.821 0.277 2.667
19.12 20.2 13.0:3.368 1.098 1.515
7.0 21.44 8.0:2.695 0.863 1.035
28.88 0.86 24.0:3.816 1.312 1.62
19.6 2.11 14.0:2.578 0.198 1.295
22.78 15.42 27.0:3.101 0.248 1.719,2.364 0.161 1.873
13.51 8.05 1.0:6.039 0.993 2.615
0.51 11.06 5.0:4.521 0.976 1.367
4.31 23.12 20.0:2.389 1.019 3.387
19.68 25.62 5.0:1.975 1.911 2.441
16.32 3.73 3.0:4.15 0.189 4.943,3.211 0.507 1.823
7.14 25.9 13.0:1.692 0.4 2.015
1.04 13.47 6.0:1.307 0.988 2.467
17.46 2.56 28.0:1.084 1.387 2.068
23.49 17.75 5.0:4.646 0.664 2.447
11.96 15.15 17.0:1.298 1.919 1.041
22.85 14.85 2.0:3.954 0.672 1.233
28.47 6.08 23.0:4.95 0.917 3.192,2.921 0.964 1.291
6.52 19.42 17.0:2.013 0.171 1.932
26.85 25.82 6.0:2.908 0.824 1.184,4.337 0.274 2.727
21.48 10.3 21.0:4.532 0.996 1.322
29.08 2.62 18.0:5.837 1.574 2.999
22.54 18.26 14.0:3.433 0.379 1.024
4.46 7.85 7.0:1.211 0.245 1.386
21.61 23.16 4.0:4.805 0.495 1.566
6.82 21.1 13.0:0.468 1.46 1.042
6.48 2.46 25.0:2.87 0.964 1.226,4.701 0.376 1.607
26.7 3.44 27.0:5.426 1.721 1.204
7.03 28.12 1.0:0.662 1.049 1.873
20.3 3.86 2.0:3.375 0.42 1.195,1.155 0.134 1.735
17.02 12.33 17.0:2.84 0.268 1.856,1.243 0.444 2.092
0.2 24.8 3.0:6.106 0.909 1.122
13.97 18.49 4.0:3.049 0.474 1.097
1.88 3.33 13.0:2.272 0.154 4.142,5.189 0.641 2.026
14.25 23.83 1.0:4.399 0.496 1.729,1.034 0.777 2.105
27.22 11.98 16.0:1.06 0.395 1.041
22.05 7.74 10.0:2.798 0.783 3.251
3.08 21.03 13.0:4.341 0.336 2.281
12.66 26.02 3.0:0.956 1.06 3.053
3.69 14.33 21.0:1.443 1.342 2.058
26.93 13.06 24.0:1.556 1.624 1.121
1.57 19.84 19.0:1.632 1.878 1.076
19.01 14.36 13.0:6.163 0.81 1.56
14.24 18.8 19.0:2.427 0.223 1.141,4.999 0.179 3.264,1.428 0.156 1.33
20.49 13.59 8.0:1.839 0.7 1.406
3.3 17.86 1.0:3.178 0.697 2.681
28.72 20.92 29.0:2.19 1.874 2.647
7.49 6.59 24.0:6.07 0.89 1.04
12.19 16.11 1.0:0.023 1.363 1.621
17.52 0.97 10.0:0.832 0.47 1.176
10.35 6.18 11.0:6.045 0.356 2.44
13.61 21.12 17.0:2.441 0.135 1.446,4.747 0.156 2.489
0.26 14.37 13.0:4.387 0.323 1.061,1.531 0.474 4.18
12.58 26.64 16.0:0.049 0.235 1.542
21.57 24.07 2.0:5.732 0.307 2.974
14.5 0.3 22.0:1.018 0.499 1.865,4.526 1.122 2.89
25.6 22.91 2.0:1.314 1.4 1.871
10.92 4.13 8.0:1.329 0.388 1.242,4.506 0.157 2.154
26.65 20.04 28.0:4.786 0.43 1.582,5.454 0.223 1.847
18.63 4.3 24.0:2.548 0.567 7.252
7.29 16.28 12.0:4.069 1.949 1.07
4.34 9.51 5.0:5.016 1.347 1.045