100 1
18.190 6.320 0
2.380 18.260 0
15.52 28.03 7.0:4.339 1.139 1.426,1.3 0.304 1.865
9.0 28.01 5.0:5.661 1.603 3.536
16.93 2.09 24.0:3.362 0.755 2.013
8.64 19.85 3.0:2.4 1.249 6.5
18.43 29.93 23.0:2.994 1.478 3.66
3.94 10.77 3.0:3.448 0.342 1.438
14.78 7.61 26.0:1.204 0.244 2.66
2.41 25.06 24.0:1.881 0.208 1.72
18.41 11.88 16.0:3.745 0.518 1.096
14.91 17.24 21.0:0.96 1.634 1.631
7.14 0.48 6.0:3.326 0.645 1.902
13.44 24.76 17.0:4.06 1.055 1.385,1.896 0.724 1.296
17.54 29.43 27.0:5.22 0.229 1.723
16.71 9.5 27.0:4.496 1.081 1.733
12.38 26.66 1.0:5.291 1.257 1.507
25.69 6.34 6.0:3.159 0.894 1.769
11.62 24.0 27.0:4.364 0.669 1.101
10.24 3.02 23.0:0.502 1.837 4.236
3.54 26.16 18.0:6.248 1.915 1.782
17.86 19.36 13.0:6.073 0.474 1.631
3.77 7.84 1.0:4.1 0.337 3.365
14.2 19.64 13.0:0.991 0.557 2.745,5.148 0.174 1.406
15.88 5.54 21.0:3.928 0.257 1.175,5.127 0.224 2.587
1.32 19.32 23.0:4.42 0.315 2.76,1.694 0.506 2.024
20.5 25.33 16.0:5.65 0.481 1.014
16.76 19.84 8.0:2.809 0.153 1.824,3.991 1.011 1.24
27.5 17.66 24.0:2.579 0.519 2.509,4.951 0.474 3.07
19.41 20.67 15.0:5.723 0.391 1.492,1.262 0.749 2.178,3.583 1.048 4.266
20.49 14.03 24.0:3.487 1.017 1.144
20.9 7.67 8.0:4.87 0.514 1.089
2.75 25.4 5.0:0.28 1.254 1.487
16.1 19.74 3.0:3.22 1.046 1.099
0.43 1.12 9.0:4.242 0.505 5.475,2.437 0.989 1.485
13.57 9.41 11.0:4.091 0.5 1.081
0.3 9.16 7.0:2.577 0.971 1.13
0.45 23.35 10.0:2.161 0.561 1.055
22.69 23.13 13.0:3.444 1.387 1.996,5.505 0.251 1.073
19.12 20.2 13.0:4.252 0.492 4.286
7.0 21.44 8.0:0.772 1.235 3.205
28.88 0.86 24.0:1.426 1.642 1.386
19.6 2.11 14.0:3.913 1.123 2.233
22.78 15.42 27.0:3.903 1.196 1.757,1.796 0.68 1.104
13.51 8.05 1.0:4.126 0.757 1.203
0.51 11.06 5.0:3.012 0.129 1.246
4.31 23.12 20.0:0.925 0.367 2.264
19.68 25.62 5.0:2.445 1.236 2.558
16.32 3.73 3.0:3.432 0.182 1.169,4.366 0.143 4.202
7.14 25.9 13.0:1.71 0.22 3.053,5.372 0.394 2.231
1.04 13.47 6.0:0.268 1.738 2.938
17.46 2.56 28.0:1.992 0.152 1.728,1.303 0.2 2.7
23.49 17.75 5.0:4.044 1.557 1.619
11.96 15.15 17.0:1.833 0.13 1.583,3.247 0.751 3.499,0.948 0.381 3.199
22.85 14.85 2.0:4.88 0.19 1.631
28.47 6.08 23.0:4.396 0.561 2.004
6.52 19.42 17.0:5.234 0.465 1.408,3.042 0.541 2.028
26.85 25.82 6.0:2.071 1.503 4.86
21.48 10.3 21.0:5.424 0.212 3.561
29.08 2.62 18.0:0.791 1.43 1.351
22.54 18.26 14.0:5.2 0.905 1.32
4.46 7.85 7.0:4.476 0.195 1.748
21.61 23.16 4.0:4.151 0.987 2.048
6.82 21.1 13.0:2.622 0.295 1.684
6.48 2.46 25.0:1.397 0.842 3.313
26.7 3.44 27.0:5.938 1.485 1.312
7.03 28.12 1.0:4.839 1.108 2.722,1.994 0.13 1.346
20.3 3.86 2.0:5.117 1.101 1.378
17.02 12.33 17.0:0.768 0.587 1.138
0.2 24.8 3.0:2.221 0.522 1.658,4.135 0.494 1.302
13.97 18.49 4.0:0.305 0.184 1.249,4.305 1.777 1.434
1.88 3.33 13.0:0.84 0.347 3.796
14.25 23.83 1.0:4.577 0.44 1.139
27.22 11.98 16.0:5.658 1.191 1.416
22.05 7.74 10.0:5.97 1.487 2.494
3.08 21.03 13.0:3.153 1.136 1.648
12.66 26.02 3.0:3.269 1.029 6.421
3.69 14.33 21.0:0.123 1.415 2.103
26.93 13.06 24.0:6.189 1.623 2.228
1.57 19.84 19.0:0.971 0.239 1.779
19.01 14.36 13.0:1.174 0.903 1.176
14.24 18.8 19.0:4.347 1.109 2.054
20.49 13.59 8.0:4.557 1.006 2.172
3.3 17.86 1.0:1.202 0.154 2.281
28.72 20.92 29.0:2.586 1.811 1.409
7.49 6.59 24.0:5.798 0.829 1.778
12.19 16.11 1.0:4.263 0.752 2.215,1.017 0.298 1.196
17.52 0.97 10.0:3.782 1.993 1.527
10.35 6.18 11.0:6.128 1.873 2.481
13.61 21.12 17.0:1.359 0.502 1.069
0.26 14.37 13.0:5.059 0.768 1.035,3.305 0.924 1.276
12.58 26.64 16.0:3.573 1.655 2.3
21.57 24.07 2.0:4.474 0.436 1.287
14.5 0.3 22.0:5.889 1.792 1.432
25.6 22.91 2.0:4.147 0.391 1.628
10.92 4.13 8.0:5.344 0.804 1.348,0.93 0.129 1.07,2.508 0.437 1.146
26.65 20.04 28.0:4.84 0.463 1.744
18.63 4.3 24.0:1.536 0.411 2.475,4.46 1.816 1.043
7.29 16.28 12.0:5.778 1.774 1.387
4.34 9.51 5.0:4.842 0.249 4.117