100 1
18.190 6.320 0
2.380 18.260 0
15.52 28.03 7.0:4.436 0.547 1.177
9.0 28.01 5.0:4.132 0.305 2.73,5.03 0.262 2.183
16.93 2.09 24.0:1.774 0.689 2.186,4.832 1.33 4.188
8.64 19.85 3.0:4.104 0.411 3.903
18.43 29.93 23.0:5.635 0.184 1.668,2.151 0.172 1.233,3.834 0.217 1.23
3.94 10.77 3.0:0.08 1.361 1.385
14.78 7.61 26.0:2.887 0.515 3.711
2.41 25.06 24.0:4.452 0.913 1.941
18.41 11.88 16.0:0.855 0.458 3.623,5.409 0.811 2.009
14.91 17.24 21.0:2.273 0.767 1.563
7.14 0.48 6.0:1.189 1.394 2.656
13.44 24.76 17.0:3.234 0.157 1.295
17.54 29.43 27.0:2.054 0.28 1.215
16.71 9.5 27.0:3.52 1.794 1.637
12.38 26.66 1.0:1.634 0.358 2.851
25.69 6.34 6.0:0.679 1.304 1.027
11.62 24.0 27.0:1.161 1.391 1.359
10.24 3.02 23.0:2.271 1.177 3.218,5.432 0.394 2.332
3.54 26.16 18.0:5.42 0.501 1.729,3.051 1.065 1.018
17.86 19.36 13.0:0.464 0.132 3.228,4.464 1.204 1.019
3.77 7.84 1.0:0.857 0.414 1.301
14.2 19.64 13.0:1.253 0.371 1.423
15.88 5.54 21.0:3.812 0.847 1.564
1.32 19.32 23.0:2.503 0.561 1.999,4.378 1.088 1.286
20.5 25.33 16.0:3.482 0.323 1.323
16.76 19.84 8.0:0.654 1.344 2.235
27.5 17.66 24.0:1.873 1.824 2.427
19.41 20.67 15.0:3.238 0.792 1.024
20.49 14.03 24.0:5.613 0.537 1.628,4.064 0.582 1.404
20.9 7.67 8.0:3.757 0.685 1.023,0.46 0.132 1.004
2.75 25.4 5.0:1.575 1.572 2.763
16.1 19.74 3.0:1.575 1.553 2.346
0.43 1.12 9.0:3.713 0.828 2.659,1.5 1.273 1.943
13.57 9.41 11.0:0.672 0.845 1.023
0.3 9.16 7.0:4.626 0.358 2.193,1.515 1.187 1.953
0.45 23.35 10.0:3.408 0.619 1.744
22.69 23.13 13.0:0.962 1.155 1.341
19.12 20.2 13.0:4.666 0.28 1.912,2.499 0.908 1.922
7.0 21.44 8.0:2.038 0.763 1.992
28.88 0.86 24.0:0.2 0.259 1.902
19.6 2.11 14.0:2.478 1.192 2.045
22.78 15.42 27.0:0.191 0.365 2.902
13.51 8.05 1.0:3.966 0.558 1.303,1.738 0.182 1.235
0.51 11.06 5.0:5.007 0.451 2.04
4.31 23.12 20.0:0.549 0.848 1.208
19.68 25.62 5.0:2.957 0.143 2.106
16.32 3.73 3.0:2.906 0.655 1.404,5.601 0.408 1.339
7.14 25.9 13.0:4.226 1.971 1.355,1.51 0.697 2.056
1.04 13.47 6.0:1.302 1.104 1.981
17.46 2.56 28.0:5.955 0.954 2.385
23.49 17.75 5.0:5.334 0.93 1.524
11.96 15.15 17.0:0.226 1.463 1.039
22.85 14.85 2.0:4.13 0.161 1.397
28.47 6.08 23.0:2.275 0.234 1.377
6.52 19.42 17.0:0.127 1.732 1.954
26.85 25.82 6.0:4.328 1.164 1.364
21.48 10.3 21.0:2.988 0.82 1.396
29.08 2.62 18.0:4.822 0.342 1.416
22.54 18.26 14.0:1.389 1.171 1.096
4.46 7.85 7.0:0.17 1.828 3.876
21.61 23.16 4.0:4.943 0.372 1.001,1.136 0.72 1.372
6.82 21.1 13.0:2.815 0.966 2.833
6.48 2.46 25.0:3.386 0.905 3.241
26.7 3.44 27.0:1.577 1.187 1.332,4.522 0.491 1.509
7.03 28.12 1.0:2.181 0.148 3.942
20.3 3.86 2.0:5.094 0.449 1.19
17.02 12.33 17.0:6.273 1.531 1.453
0.2 24.8 3.0:1.001 1.348 1.499
13.97 18.49 4.0:0.869 1.535 1.194
1.88 3.33 13.0:5.204 1.351 2.086
14.25 23.83 1.0:2.966 1.147 1.269,5.329 0.253 1.08
27.22 11.98 16.0:2.002 0.468 1.276,0.755 0.562 2.262,4.06 0.904 2.947
22.05 7.74 10.0:4.209 0.238 1.166,1.202 0.842 1.089
3.08 21.03 13.0:1.876 0.745 1.071,5.193 0.904 2.703
12.66 26.02 3.0:1.83 1.518 3.964
3.69 14.33 21.0:0.987 1.542 2.977
26.93 13.06 24.0:3.558 1.604 1.722
1.57 19.84 19.0:1.984 0.494 2.733
19.01 14.36 13.0:1.654 1.971 1.458
14.24 18.8 19.0:5.392 1.048 3.839
20.49 13.59 8.0:3.445 0.309 1.935,5.737 0.45 1.236
3.3 17.86 1.0:0.463 0.609 1.368
28.72 20.92 29.0:1.981 0.137 1.25
7.49 6.59 24.0:3.089 0.278 2.218,0.972 0.462 2.349
12.19 16.11 1.0:5.428 1.823 2.079
17.52 0.97 10.0:3.07 1.897 2.88
10.35 6.18 11.0:1.48 0.642 2.674
13.61 21.12 17.0:4.753 1.181 1.706
0.26 14.37 13.0:3.629 1.974 2.38
12.58 26.64 16.0:2.247 0.288 1.36
21.57 24.07 2.0:2.663 0.231 1.011
14.5 0.3 22.0:6.283 0.14 1.746
25.6 22.91 2.0:3.63 1.917 3.645,0.885 0.292 3.625
10.92 4.13 8.0:1.674 0.262 3.225,4.055 0.146 2.506
26.65 20.04 28.0:1.02 1.919 1.338
18.63 4.3 24.0:3.402 0.211 1.483
7.29 16.28 12.0:2.023 0.815 1.803,4.835 1.012 2.161
4.34 9.51 5.0:5.766 0.405 2.364