100 1
18.190 6.320 0
2.380 18.260 0
15.52 28.03 7.0:4.023 1.863 1.665
9.0 28.01 5.0:6.111 0.474 1.59
16.93 2.09 24.0:4.987 0.752 1.051,2.09 0.278 1.897
8.64 19.85 3.0:5.517 0.783 5.609
18.43 29.93 23.0:4.598 0.901 1.305
3.94 10.77 3.0:3.271 1.018 1.439
14.78 7.61 26.0:5.057 1.259 1.302
2.41 25.06 24.0:3.004 0.371 1.591,4.699 0.186 3.198
18.41 11.88 16.0:3.558 0.319 1.145
14.91 17.24 21.0:4.685 1.913 1.133
7.14 0.48 6.0:2.749 0.864 2.11
13.44 24.76 17.0:2.276 0.668 2.301
17.54 29.43 27.0:5.689 0.341 2.766
16.71 9.5 27.0:5.21 0.34 1.632,2.483 0.187 2.794
12.38 26.66 1.0:0.512 1.147 1.514
25.69 6.34 6.0:4.292 1.216 1.832
11.62 24.0 27.0:3.631 1.253 2.872
10.24 3.02 23.0:1.895 0.163 1.602
3.54 26.16 18.0:6.14 0.556 1.485
17.86 19.36 13.0:3.331 1.165 2.769,5.633 0.438 2.933
3.77 7.84 1.0:4.204 0.594 1.754
14.2 19.64 13.0:0.328 0.231 1.425
15.88 5.54 21.0:5.318 1.588 1.167
1.32 19.32 23.0:4.631 1.181 1.647,2.34 0.498 1.476
20.5 25.33 16.0:4.765 1.209 1.839
16.76 19.84 8.0:5.014 0.706 1.402
27.5 17.66 24.0:5.262 0.994 1.09,2.815 0.156 1.021
19.41 20.67 15.0:0.648 1.521 2.282
20.49 14.03 24.0:3.404 0.226 3.092
20.9 7.67 8.0:0.721 1.101 2.187
2.75 25.4 5.0:1.166 0.481 1.738
16.1 19.74 3.0:2.058 0.161 1.798,3.671 1.124 1.185
0.43 1.12 9.0:2.686 1.272 1.337
13.57 9.41 11.0:4.061 0.173 8.158
0.3 9.16 7.0:3.37 1.946 2.894
0.45 23.35 10.0:5.602 1.224 1.226
22.69 23.13 13.0:2.236 1.261 1.471,5.704 0.163 2.856
19.12 20.2 13.0:0.298 0.51 5.967
7.0 21.44 8.0:4.445 0.771 1.362
28.88 0.86 24.0:2.371 1.533 1.6,4.391 0.166 1.79
19.6 2.11 14.0:5.639 0.593 4.025
22.78 15.42 27.0:1.002 1.785 1.091
13.51 8.05 1.0:0.096 0.682 1.664
0.51 11.06 5.0:0.041 1.077 1.705
4.31 23.12 20.0:0.745 1.055 3.458
19.68 25.62 5.0:0.849 0.134 1.12,1.79 0.282 1.122
16.32 3.73 3.0:0.159 0.215 1.345
7.14 25.9 13.0:3.82 0.729 2.511
1.04 13.47 6.0:4.339 1.422 1.847
17.46 2.56 28.0:2.347 0.246 1.227
23.49 17.75 5.0:0.523 0.165 1.115,5.67 0.227 2.109
11.96 15.15 17.0:2.907 0.153 1.442,5.549 0.18 1.967
22.85 14.85 2.0:2.994 0.519 1.174
28.47 6.08 23.0:4.702 0.205 1.245
6.52 19.42 17.0:1.829 0.933 4.82
26.85 25.82 6.0:0.964 0.817 2.046
21.48 10.3 21.0:4.152 0.865 3.161
29.08 2.62 18.0:0.126 1.537 1.412
22.54 18.26 14.0:4.897 1.159 1.503
4.46 7.85 7.0:4.36 0.192 1.346
21.61 23.16 4.0:3.369 0.56 1.238,2.022 0.571 1.683
6.82 21.1 13.0:0.95 1.052 1.381
6.48 2.46 25.0:6.28 0.575 1.419
26.7 3.44 27.0:0.162 1.905 2.587
7.03 28.12 1.0:5.685 0.328 1.294
20.3 3.86 2.0:2.387 1.309 3.605
17.02 12.33 17.0:4.741 0.704 1.489
0.2 24.8 3.0:0.135 0.765 2.603
13.97 18.49 4.0:2.932 1.644 1.148
1.88 3.33 13.0:5.655 1.784 3.565
14.25 23.83 1.0:2.528 0.763 1.138,4.383 0.262 1.021
27.22 11.98 16.0:1.66 1.404 4.106,4.35 0.244 2.278
22.05 7.74 10.0:1.049 0.583 1.185
3.08 21.03 13.0:0.536 1.805 2.592
12.66 26.02 3.0:2.761 1.73 2.081,0.423 0.196 1.267
3.69 14.33 21.0:3.696 0.436 1.852,5.013 0.371 1.071
26.93 13.06 24.0:4.909 0.351 1.474,1.11 0.629 3.519
1.57 19.84 19.0:1.685 1.257 1.32
19.01 14.36 13.0:0.625 1.823 5.385
14.24 18.8 19.0:5.441 0.721 2.468
20.49 13.59 8.0:5.337 0.861 1.815
3.3 17.86 1.0:5.7 1.19 2.889
28.72 20.92 29.0:1.631 0.549 1.677,3.353 0.678 1.866,5.119 0.375 3.68
7.49 6.59 24.0:1.565 0.129 1.452
12.19 16.11 1.0:1.335 0.293 3.261,3.851 0.233 2.06
17.52 0.97 10.0:0.41 0.619 1.18
10.35 6.18 11.0:5.017 0.604 2.534
13.61 21.12 17.0:4.771 0.647 1.034,2.975 0.141 2.214
0.26 14.37 13.0:5.11 0.206 1.595,2.206 0.541 4.405
12.58 26.64 16.0:1.909 1.599 2.557
21.57 24.07 2.0:4.057 1.028 1.695,1.9 0.423 2.363
14.5 0.3 22.0:4.426 1.253 2.38
25.6 22.91 2.0:5.367 0.647 1.103
10.92 4.13 8.0:4.739 0.512 1.047,1.09 0.126 2.014
26.65 20.04 28.0:5.527 1.686 1.931
18.63 4.3 24.0:5.652 0.781 2.999
7.29 16.28 12.0:2.36 1.088 2.368
4.34 9.51 5.0:2.759 1.28 1.232