100, 1
18.190 6.320 0
2.380 18.260 0
15.52 28.03 7.0:3.762 0.388 1.333,2.386 0.954 3.953
9.0 28.01 5.0:1.789 1.19 1.122,5.198 0.519 2.357
16.93 2.09 24.0:1.5 1.884 1.159
8.64 19.85 3.0:1.659 1.586 1.378
18.43 29.93 23.0:5.897 1.847 1.282
3.94 10.77 3.0:3.851 0.715 2.16
14.78 7.61 26.0:0.49 0.598 1.318
2.41 25.06 24.0:4.078 0.583 1.211,1.287 0.137 1.018
18.41 11.88 16.0:4.189 1.27 2.296
14.91 17.24 21.0:6.185 0.327 1.411
7.14 0.48 6.0:3.942 0.208 1.337
13.44 24.76 17.0:0.446 0.439 1.053
17.54 29.43 27.0:0.728 0.548 1.861,3.761 0.393 2.467
16.71 9.5 27.0:5.582 1.676 1.479
12.38 26.66 1.0:1.859 0.786 1.299,5.02 0.542 1.446
25.69 6.34 6.0:3.759 1.254 1.317,1.718 0.177 1.39
11.62 24.0 27.0:5.688 0.906 1.424
10.24 3.02 23.0:0.737 1.86 1.362
3.54 26.16 18.0:1.466 1.537 2.458
17.86 19.36 13.0:2.909 0.335 2.752,5.043 0.977 1.201
3.77 7.84 1.0:3.078 0.778 3.859
14.2 19.64 13.0:6.101 0.822 2.319
15.88 5.54 21.0:0.083 0.798 2.887
1.32 19.32 23.0:2.9 0.507 3.035
20.5 25.33 16.0:0.365 0.299 1.82,4.051 1.027 2.784,5.925 0.225 5.995
16.76 19.84 8.0:3.989 0.159 1.51,5.588 0.445 4.021
27.5 17.66 24.0:0.769 1.486 1.133
19.41 20.67 15.0:5.619 0.387 2.532,2.536 0.375 3.009,0.52 0.141 1.395
20.49 14.03 24.0:2.02 1.476 2.775,5.396 0.183 1.356
20.9 7.67 8.0:5.275 0.729 1.53,3.476 0.753 1.726
2.75 25.4 5.0:5.141 0.191 1.404
16.1 19.74 3.0:4.298 1.068 1.907
0.43 1.12 9.0:1.706 0.378 1.59,4.115 1.571 2.017
13.57 9.41 11.0:4.436 1.565 8.152
0.3 9.16 7.0:2.277 0.611 2.192
0.45 23.35 10.0:1.018 1.111 1.161
22.69 23.13 13.0:1.774 1.823 2.466
19.12 20.2 13.0:2.809 1.962 2.391
7.0 21.44 8.0:4.364 1.101 3.769
28.88 0.86 24.0:5.635 1.007 1.058
19.6 2.11 14.0:3.06 0.135 1.615,1.292 0.482 3.711
22.78 15.42 27.0:4.452 1.385 1.146
13.51 8.05 1.0:3.226 1.062 1.815
0.51 11.06 5.0:3.082 1.397 4.151
4.31 23.12 20.0:1.189 0.634 1.723,4.881 0.819 1.295
19.68 25.62 5.0:2.054 0.341 3.549,5.27 0.28 3.576
16.32 3.73 3.0:1.216 0.158 1.202
7.14 25.9 13.0:5.819 0.56 1.197
1.04 13.47 6.0:1.634 1.565 1.841
17.46 2.56 28.0:0.546 1.017 1.374
23.49 17.75 5.0:4.874 0.456 1.449
11.96 15.15 17.0:4.315 1.696 2.985,1.267 0.266 1.404
22.85 14.85 2.0:4.003 0.819 1.018
28.47 6.08 23.0:0.464 0.3 2.199,4.464 0.132 1.564
6.52 19.42 17.0:5.606 0.502 2.606
26.85 25.82 6.0:4.806 0.321 1.933,1.632 0.371 1.76
21.48 10.3 21.0:2.503 0.561 1.999,4.378 1.088 1.286
29.08 2.62 18.0:3.482 0.323 1.323
22.54 18.26 14.0:0.654 1.344 2.235
4.46 7.85 7.0:1.873 1.824 2.427
21.61 23.16 4.0:3.238 0.792 1.024
6.82 21.1 13.0:5.613 0.537 1.628,4.064 0.582 1.404
6.48 2.46 25.0:3.757 1.374 1.076
26.7 3.44 27.0:2.796 0.932 1.009
7.03 28.12 1.0:0.142 0.773 1.004
20.3 3.86 2.0:1.575 1.572 2.763
17.02 12.33 17.0:1.575 0.966 1.739,5.268 0.37 2.301
0.2 24.8 3.0:5.087 0.275 1.337,3.836 0.219 2.806
13.97 18.49 4.0:3.335 1.617 1.376
1.88 3.33 13.0:0.142 1.348 1.031
14.25 23.83 1.0:1.441 1.621 2.175
27.22 11.98 16.0:4.378 0.323 1.953
22.05 7.74 10.0:3.408 0.619 1.744
3.08 21.03 13.0:0.962 1.241 2.357
12.66 26.02 3.0:3.536 0.99 1.593
3.69 14.33 21.0:3.068 0.817 1.279
26.93 13.06 24.0:3.953 0.151 1.583,1.75 0.259 1.02
1.57 19.84 19.0:2.478 0.15 1.267,4.356 0.896 1.011
19.01 14.36 13.0:5.346 2.007 1.322
14.24 18.8 19.0:3.966 0.558 1.303,1.738 0.182 1.235
20.49 13.59 8.0:5.007 0.2 2.848,1.874 1.076 1.208
3.3 17.86 1.0:2.957 0.716 1.558,4.204 0.365 2.632
28.72 20.92 29.0:2.09 1.144 1.601
7.49 6.59 24.0:1.302 1.573 3.951
12.19 16.11 1.0:5.782 1.326 1.988
17.52 0.97 10.0:5.334 0.93 1.524
10.35 6.18 11.0:0.226 1.463 1.039
13.61 21.12 17.0:4.13 0.494 1.312
0.26 14.37 13.0:4.723 0.357 3.345,1.973 0.141 1.954
12.58 26.64 16.0:4.328 0.461 1.73
21.57 24.07 2.0:4.822 0.342 1.416
14.5 0.3 22.0:1.389 1.534 1.027
25.6 22.91 2.0:5.894 0.464 2.017
10.92 4.13 8.0:4.943 0.299 2.051
26.65 20.04 28.0:1.508 1.936 1.372
18.63 4.3 24.0:2.815 0.132 1.894
7.29 16.28 12.0:2.8 0.86 1.386,5.278 0.148 3.241
4.34 9.51 5.0:1.577 1.254 5.911