100, 1
18.190 6.320 0
2.380 18.260 0
15.52 28.03 7.0:0.457 1.488 3.098
9.0 28.01 5.0:3.646 0.982 1.759
16.93 2.09 24.0:4.287 0.296 1.835,1.395 0.912 1.714
8.64 19.85 3.0:0.41 0.995 2.105
18.43 29.93 23.0:1.235 0.155 1.113
3.94 10.77 3.0:3.852 1.391 2.976
14.78 7.61 26.0:0.807 1.729 1.736
2.41 25.06 24.0:4.971 0.511 1.081,4.069 0.339 2.801
18.41 11.88 16.0:6.221 0.466 1.47
14.91 17.24 21.0:1.714 0.704 2.125,3.274 0.222 1.072
7.14 0.48 6.0:6.106 0.7 1.348
13.44 24.76 17.0:2.691 0.387 2.361
17.54 29.43 27.0:1.097 0.89 2.683
16.71 9.5 27.0:5.873 0.805 1.302
12.38 26.66 1.0:5.854 0.331 2.103,2.383 1.116 1.168
25.69 6.34 6.0:1.609 1.902 1.194
11.62 24.0 27.0:1.089 0.578 2.151
10.24 3.02 23.0:3.783 1.585 1.989
3.54 26.16 18.0:6.13 0.867 2.985
17.86 19.36 13.0:2.869 0.381 1.693
3.77 7.84 1.0:5.768 1.084 1.544
14.2 19.64 13.0:2.236 1.869 5.447,4.977 0.635 2.259
15.88 5.54 21.0:2.03 0.138 1.946,2.416 0.185 2.18
1.32 19.32 23.0:2.473 1.007 3.313
20.5 25.33 16.0:1.312 0.18 1.467,3.321 0.923 1.733
16.76 19.84 8.0:2.887 0.314 1.246
27.5 17.66 24.0:3.721 1.895 1.04
19.41 20.67 15.0:3.82 0.426 1.412
20.49 14.03 24.0:5.235 1.624 2.201
20.9 7.67 8.0:3.712 0.245 1.58,5.383 0.144 1.429
2.75 25.4 5.0:2.132 0.303 1.826,4.881 1.234 1.473
16.1 19.74 3.0:2.505 1.877 1.973
0.43 1.12 9.0:4.342 1.22 2.345
13.57 9.41 11.0:6.08 1.262 1.227
0.3 9.16 7.0:2.653 1.91 2.901
0.45 23.35 10.0:5.555 0.312 2.972
22.69 23.13 13.0:4.453 1.214 4.985
19.12 20.2 13.0:3.986 0.875 3.176,2.423 0.624 1.039
7.0 21.44 8.0:0.855 1.269 1.143
28.88 0.86 24.0:4.497 1.652 1.325
19.6 2.11 14.0:2.713 0.191 1.614
22.78 15.42 27.0:4.678 0.349 1.217
13.51 8.05 1.0:3.292 0.431 2.084
0.51 11.06 5.0:5.854 0.273 2.297
4.31 23.12 20.0:6.179 0.376 1.247
19.68 25.62 5.0:2.848 0.264 4.563
16.32 3.73 3.0:1.959 1.425 4.153,3.612 0.16 1.688
7.14 25.9 13.0:0.674 1.257 2.076
1.04 13.47 6.0:4.056 0.858 2.251
17.46 2.56 28.0:0.168 1.312 2.664
23.49 17.75 5.0:2.457 0.157 5.441
11.96 15.15 17.0:5.532 0.664 2.392
22.85 14.85 2.0:2.561 1.331 3.608
28.47 6.08 23.0:4.072 0.878 1.167
6.52 19.42 17.0:5.35 0.684 1.991
26.85 25.82 6.0:2.27 1.121 3.015
21.48 10.3 21.0:5.325 0.281 2.396,3.839 0.467 1.607,0.897 0.326 2.377
29.08 2.62 18.0:3.312 1.181 1.04,5.317 0.679 2.115
22.54 18.26 14.0:5.048 0.332 3.873
4.46 7.85 7.0:2.859 1.065 1.358
21.61 23.16 4.0:5.39 0.325 1.617,2.19 0.852 1.89
6.82 21.1 13.0:1.568 0.452 3.114,4.823 1.298 1.051
6.48 2.46 25.0:6.25 0.809 2.279
26.7 3.44 27.0:4.473 1.981 1.446
7.03 28.12 1.0:4.056 1.56 1.286
20.3 3.86 2.0:3.561 1.584 2.408
17.02 12.33 17.0:4.006 1.161 1.107
0.2 24.8 3.0:3.963 1.447 1.071
13.97 18.49 4.0:3.306 1.402 1.916
1.88 3.33 13.0:3.049 0.131 1.018
14.25 23.83 1.0:3.812 0.298 1.225
27.22 11.98 16.0:3.904 0.182 1.438
22.05 7.74 10.0:5.666 1.099 1.226
3.08 21.03 13.0:4.801 1.712 2.201
12.66 26.02 3.0:1.214 2.006 3.594
3.69 14.33 21.0:0.71 1.645 1.46
26.93 13.06 24.0:4.607 1.516 1.463
1.57 19.84 19.0:2.691 0.754 3.68
19.01 14.36 13.0:3.271 0.541 1.019
14.24 18.8 19.0:4.995 0.456 1.394
20.49 13.59 8.0:1.764 1.084 4.225
3.3 17.86 1.0:3.262 1.47 1.41
28.72 20.92 29.0:6.198 0.5 2.948
7.49 6.59 24.0:5.071 1.709 1.097
12.19 16.11 1.0:4.405 1.219 4.992
17.52 0.97 10.0:4.223 0.434 1.896
10.35 6.18 11.0:4.345 0.691 1.035
13.61 21.12 17.0:2.646 1.691 1.169
0.26 14.37 13.0:2.43 0.954 1.981
12.58 26.64 16.0:5.627 0.459 1.341
21.57 24.07 2.0:4.591 1.671 1.233
14.5 0.3 22.0:1.796 1.531 3.858,4.641 0.182 2.533
25.6 22.91 2.0:5.253 0.844 2.241
10.92 4.13 8.0:3.599 0.84 1.189
26.65 20.04 28.0:0.491 0.589 1.298
18.63 4.3 24.0:1.291 0.131 2.542,3.02 0.87 2.154
7.29 16.28 12.0:1.181 0.313 5.282
4.34 9.51 5.0:3.228 0.335 4.173