100 1
18.190 6.320 0
2.380 18.260 0
15.52 28.03 7.0:2.511 1.714 1.01,5.099 0.245 1.05
9.0 28.01 5.0:5.595 0.208 3.325,3.671 0.377 2.032
16.93 2.09 24.0:2.525 0.212 6.216
8.64 19.85 3.0:4.931 0.905 2.268
18.43 29.93 23.0:4.074 0.532 1.114
3.94 10.77 3.0:4.79 1.102 1.027
14.78 7.61 26.0:2.319 0.353 1.107,1.307 0.154 1.666
2.41 25.06 24.0:4.365 1.776 1.455
18.41 11.88 16.0:1.084 0.679 2.516
14.91 17.24 21.0:2.592 0.172 2.172
7.14 0.48 6.0:0.077 0.135 1.094
13.44 24.76 17.0:3.548 0.578 1.279,1.093 0.863 1.062
17.54 29.43 27.0:4.423 0.371 3.657,1.512 0.649 1.806
16.71 9.5 27.0:0.8 1.836 2.197
12.38 26.66 1.0:0.266 1.288 1.128
25.69 6.34 6.0:3.375 0.193 2.08
11.62 24.0 27.0:2.959 1.616 1.018
10.24 3.02 23.0:0.668 0.203 2.422,3.963 0.881 1.539
3.54 26.16 18.0:1.383 0.141 3.321,3.636 1.181 3.272
17.86 19.36 13.0:3.833 0.214 1.606,1.046 0.444 3.975,5.155 0.807 2.087
3.77 7.84 1.0:3.931 1.345 1.645
14.2 19.64 13.0:4.687 1.108 1.953
15.88 5.54 21.0:5.806 0.47 1.036,0.526 0.305 2.452
1.32 19.32 23.0:5.428 0.157 1.008,3.031 0.853 2.852
20.5 25.33 16.0:3.04 0.77 1.437,5.251 0.366 1.134
16.76 19.84 8.0:6.179 1.845 1.52
27.5 17.66 24.0:1.114 0.923 1.599
19.41 20.67 15.0:3.652 0.186 3.004,1.319 0.43 4.13
20.49 14.03 24.0:5.889 1.057 1.264
20.9 7.67 8.0:3.625 1.467 1.087
2.75 25.4 5.0:1.004 1.39 1.784
16.1 19.74 3.0:2.129 1.266 1.281
0.43 1.12 9.0:5.912 0.39 2.138
13.57 9.41 11.0:3.014 0.244 1.155
0.3 9.16 7.0:4.945 1.561 2.619
0.45 23.35 10.0:4.163 1.64 1.185
22.69 23.13 13.0:3.743 2.002 1.836
19.12 20.2 13.0:2.088 1.884 1.379
7.0 21.44 8.0:0.96 0.673 1.472
28.88 0.86 24.0:5.915 0.777 1.532
19.6 2.11 14.0:6.212 0.653 1.249
22.78 15.42 27.0:0.985 1.715 1.86
13.51 8.05 1.0:6.118 1.151 1.17
0.51 11.06 5.0:6.282 1.482 2.106
4.31 23.12 20.0:0.644 0.389 1.676,4.665 0.683 1.266
19.68 25.62 5.0:3.44 0.229 1.52
16.32 3.73 3.0:0.38 0.643 1.231
7.14 25.9 13.0:2.872 1.526 2.821
1.04 13.47 6.0:2.289 0.611 1.661
17.46 2.56 28.0:4.143 0.742 2.242
23.49 17.75 5.0:4.555 0.697 1.715
11.96 15.15 17.0:4.134 0.435 1.217
22.85 14.85 2.0:5.337 0.149 1.458,0.895 0.812 1.261
28.47 6.08 23.0:4.721 0.454 2.499
6.52 19.42 17.0:4.846 1.983 1.123
26.85 25.82 6.0:4.973 0.345 1.225
21.48 10.3 21.0:2.76 0.931 1.092
29.08 2.62 18.0:5.719 1.176 1.618
22.54 18.26 14.0:0.039 0.238 1.095
4.46 7.85 7.0:0.096 0.986 3.72
21.61 23.16 4.0:5.532 0.321 1.472,2.843 1.752 1.743
6.82 21.1 13.0:2.528 0.698 2.163
6.48 2.46 25.0:1.045 0.412 2.104
26.7 3.44 27.0:5.402 0.305 1.855
7.03 28.12 1.0:3.237 0.166 1.339,1.628 0.967 1.596
20.3 3.86 2.0:3.232 0.742 1.668
17.02 12.33 17.0:2.026 0.744 1.958,5.325 0.139 2.959
0.2 24.8 3.0:5.29 0.126 2.036
13.97 18.49 4.0:4.949 0.716 2.442,1.845 0.586 2.156
1.88 3.33 13.0:5.518 1.708 2.112
14.25 23.83 1.0:1.213 1.813 2.114
27.22 11.98 16.0:6.072 1.732 1.922
22.05 7.74 10.0:1.905 0.515 1.52
3.08 21.03 13.0:2.059 0.476 1.166,4.424 1.543 1.072
12.66 26.02 3.0:1.392 0.249 1.632,4.936 0.442 1.376
3.69 14.33 21.0:3.106 0.131 1.069,3.618 0.296 1.706
26.93 13.06 24.0:1.921 0.297 3.313,3.261 0.347 1.566
1.57 19.84 19.0:5.425 1.009 1.206
19.01 14.36 13.0:3.703 0.728 1.576
14.24 18.8 19.0:1.573 0.341 1.105
20.49 13.59 8.0:6.162 1.448 1.006
3.3 17.86 1.0:3.052 0.492 2.443
28.72 20.92 29.0:3.47 0.542 2.352,0.482 0.466 3.124,1.789 0.263 1.029
7.49 6.59 24.0:2.461 0.448 1.147
12.19 16.11 1.0:4.808 0.177 1.646,6.008 0.174 1.41
17.52 0.97 10.0:5.852 0.58 1.551
10.35 6.18 11.0:2.665 0.658 2.409
13.61 21.12 17.0:3.978 0.934 1.447,0.393 0.183 3.611
0.26 14.37 13.0:1.872 0.559 1.355,5.263 0.579 2.091
12.58 26.64 16.0:2.281 1.111 1.068
21.57 24.07 2.0:6.044 0.151 2.296,4.408 0.204 1.451
14.5 0.3 22.0:2.372 1.47 5.927
25.6 22.91 2.0:0.551 0.472 2.506
10.92 4.13 8.0:0.13 0.843 5.041
26.65 20.04 28.0:4.515 1.676 1.526,2.15 0.633 1.869
18.63 4.3 24.0:1.781 0.466 1.615
7.29 16.28 12.0:6.031 1.002 3.111
4.34 9.51 5.0:5.202 0.256 2.389,1.76 0.301 1.18