100 1
18.190 6.320 0
2.380 18.260 0
15.52 28.03 7.0:2.154 1.294 1.714
9.0 28.01 5.0:4.096 1.714 1.253
16.93 2.09 24.0:2.388 1.16 5.546
8.64 19.85 3.0:4.896 0.565 3.409,1.704 1.662 1.005
18.43 29.93 23.0:5.508 0.201 1.044,4.26 0.755 1.344
3.94 10.77 3.0:5.501 1.082 2.146
14.78 7.61 26.0:2.777 0.234 1.081
2.41 25.06 24.0:3.114 0.532 2.183
18.41 11.88 16.0:0.403 0.857 1.414
14.91 17.24 21.0:0.861 0.56 2.366
7.14 0.48 6.0:2.318 1.567 1.901
13.44 24.76 17.0:1.32 0.267 1.92
17.54 29.43 27.0:3.943 0.514 1.13,1.761 0.469 1.167
16.71 9.5 27.0:3.82 0.647 5.761
12.38 26.66 1.0:2.39 0.729 1.031,4.442 0.418 3.312
25.69 6.34 6.0:3.272 1.544 1.539
11.62 24.0 27.0:4.42 1.397 1.733,2.258 0.35 1.045
10.24 3.02 23.0:3.963 0.313 3.917
3.54 26.16 18.0:0.129 1.828 2.406
17.86 19.36 13.0:5.692 0.397 3.187,2.144 1.472 1.152
3.77 7.84 1.0:2.334 1.282 1.797
14.2 19.64 13.0:4.26 0.307 2.055,1.786 0.304 1.22
15.88 5.54 21.0:4.449 0.157 2.41
1.32 19.32 23.0:0.042 0.29 1.823
20.5 25.33 16.0:4.721 0.274 1.712,3.532 0.887 2.099
16.76 19.84 8.0:3.74 1.089 1.478
27.5 17.66 24.0:0.583 1.033 2.054
19.41 20.67 15.0:5.567 0.519 1.051
20.49 14.03 24.0:2.259 1.46 2.196
20.9 7.67 8.0:5.938 0.439 1.041
2.75 25.4 5.0:0.373 0.539 2.408
16.1 19.74 3.0:0.386 0.806 2.181
0.43 1.12 9.0:3.632 1.579 2.365
13.57 9.41 11.0:3.762 1.014 2.19
0.3 9.16 7.0:3.476 1.909 2.439
0.45 23.35 10.0:3.082 0.627 1.245
22.69 23.13 13.0:4.249 0.189 1.036
19.12 20.2 13.0:5.527 1.893 1.381
7.0 21.44 8.0:5.275 0.433 2.913,3.991 0.279 1.329
28.88 0.86 24.0:0.699 0.209 1.624
19.6 2.11 14.0:6.227 0.139 1.247
22.78 15.42 27.0:2.428 0.872 1.976
13.51 8.05 1.0:4.365 0.353 2.232,2.103 0.354 1.109
0.51 11.06 5.0:2.388 0.382 2.604
4.31 23.12 20.0:5.729 0.398 1.775
19.68 25.62 5.0:0.848 1.065 2.99
16.32 3.73 3.0:4.619 0.225 1.234
7.14 25.9 13.0:0.766 1.262 1.243
1.04 13.47 6.0:3.426 1.329 1.842
17.46 2.56 28.0:4.994 1.868 1.318
23.49 17.75 5.0:1.415 0.483 1.775,2.28 0.326 2.432,2.844 0.166 3.718
11.96 15.15 17.0:0.603 0.878 1.743
22.85 14.85 2.0:3.85 0.383 1.398
28.47 6.08 23.0:3.711 0.492 2.632
6.52 19.42 17.0:4.168 0.226 1.474
26.85 25.82 6.0:2.862 1.358 1.165
21.48 10.3 21.0:4.856 1.057 2.644
29.08 2.62 18.0:1.063 0.232 1.092,4.988 0.628 1.031
22.54 18.26 14.0:5.52 0.335 1.59
4.46 7.85 7.0:0.378 0.589 2.214
21.61 23.16 4.0:3.918 0.463 1.931,2.842 0.436 1.497
6.82 21.1 13.0:5.766 1.918 2.33
6.48 2.46 25.0:3.564 0.882 2.543,1.154 0.92 1.878
26.7 3.44 27.0:0.169 0.721 1.394
7.03 28.12 1.0:5.809 1.803 2.864
20.3 3.86 2.0:1.762 1.653 6.051
17.02 12.33 17.0:6.056 0.312 2.391
0.2 24.8 3.0:1.7 0.308 2.012,4.583 0.406 1.996
13.97 18.49 4.0:3.834 0.999 2.757
1.88 3.33 13.0:5.744 0.962 1.614
14.25 23.83 1.0:3.791 0.137 3.294,4.227 0.226 2.08
27.22 11.98 16.0:0.377 0.559 1.981
22.05 7.74 10.0:1.883 0.145 1.828,4.274 0.706 1.613
3.08 21.03 13.0:0.558 0.557 1.868,3.764 1.03 3.8
12.66 26.02 3.0:4.804 0.556 1.02,0.345 0.338 1.031
3.69 14.33 21.0:2.645 1.437 1.171
26.93 13.06 24.0:5.778 0.749 1.26
1.57 19.84 19.0:1.902 0.18 1.358,5.278 0.269 1.489,5.977 0.147 2.706
19.01 14.36 13.0:3.282 0.343 1.552
14.24 18.8 19.0:1.505 0.939 2.916
20.49 13.59 8.0:2.516 0.64 1.066,0.603 0.41 2.689,3.425 0.179 1.072
3.3 17.86 1.0:6.003 1.43 3.2
28.72 20.92 29.0:2.738 0.509 1.072
7.49 6.59 24.0:0.588 1.737 1.417
12.19 16.11 1.0:1.527 0.235 1.051,0.511 0.284 1.949,5.308 0.279 1.226
17.52 0.97 10.0:2.578 1.417 1.217
10.35 6.18 11.0:0.706 0.482 1.682
13.61 21.12 17.0:0.117 1.079 1.228
0.26 14.37 13.0:1.173 0.723 3.264,4.127 0.666 2.371
12.58 26.64 16.0:0.869 0.202 2.419,5.665 0.137 1.231
21.57 24.07 2.0:2.139 0.535 1.167
14.5 0.3 22.0:0.854 0.598 1.371,4.695 1.451 1.959
25.6 22.91 2.0:3.909 1.642 1.893,1.084 0.704 1.326
10.92 4.13 8.0:5.762 0.344 1.16,4.702 0.565 1.199
26.65 20.04 28.0:3.052 0.654 1.506
18.63 4.3 24.0:0.963 1.966 1.209
7.29 16.28 12.0:4.741 0.381 1.078,5.417 0.274 1.253
4.34 9.51 5.0:4.777 0.893 4.899,1.381 1.331 2.802