100, 1
18.190 6.320 0
2.380 18.260 0
15.52 28.03 7.0:5.576 1.043 3.556
9.0 28.01 5.0:5.727 1.072 1.1
16.93 2.09 24.0:0.315 1.125 1.234
8.64 19.85 3.0:3.733 0.481 2.465,0.892 0.315 1.76
18.43 29.93 23.0:3.004 0.465 1.884
3.94 10.77 3.0:0.452 0.43 2.456,2.342 1.224 1.748
14.78 7.61 26.0:0.38 0.291 1.441,2.552 0.408 2.251
2.41 25.06 24.0:5.979 1.892 5.314
18.41 11.88 16.0:5.779 0.507 1.579
14.91 17.24 21.0:2.972 1.338 1.796
7.14 0.48 6.0:5.494 1.396 2.195
13.44 24.76 17.0:5.564 0.673 2.154,1.787 0.377 1.471
17.54 29.43 27.0:1.48 0.558 1.115
16.71 9.5 27.0:5.461 0.16 2.189,3.05 1.628 1.112
12.38 26.66 1.0:2.976 1.703 1.573
25.69 6.34 6.0:2.078 0.95 3.543
11.62 24.0 27.0:5.006 1.211 1.338
10.24 3.02 23.0:1.046 0.23 1.62,3.496 0.89 1.645
3.54 26.16 18.0:3.639 0.229 1.22,5.521 0.284 2.553
17.86 19.36 13.0:1.917 0.494 3.634,3.188 0.588 1.372
3.77 7.84 1.0:5.329 0.22 1.063,3.433 0.719 1.742
14.2 19.64 13.0:3.336 0.578 1.182
15.88 5.54 21.0:0.426 1.114 1.905
1.32 19.32 23.0:1.481 0.159 1.697
20.5 25.33 16.0:0.049 0.939 1.58
16.76 19.84 8.0:2.793 0.334 3.644,5.206 0.434 1.067
27.5 17.66 24.0:2.556 0.929 1.27
19.41 20.67 15.0:1.059 1.395 3.553
20.49 14.03 24.0:0.27 0.91 3.414
20.9 7.67 8.0:0.049 1.23 1.161
2.75 25.4 5.0:1.552 0.299 1.067,4.148 1.547 2.998
16.1 19.74 3.0:0.216 1.11 1.88
0.43 1.12 9.0:0.572 1.667 1.026
13.57 9.41 11.0:3.876 0.316 1.054
0.3 9.16 7.0:2.329 1.074 2.756
0.45 23.35 10.0:0.459 1.497 1.215
22.69 23.13 13.0:1.031 0.258 1.59
19.12 20.2 13.0:0.95 0.573 3.673,4.349 1.084 3.044
7.0 21.44 8.0:1.183 0.277 3.476
28.88 0.86 24.0:2.765 0.256 4.47,1.725 0.155 1.216
19.6 2.11 14.0:2.992 1.631 1.512
22.78 15.42 27.0:1.269 1.866 1.225
13.51 8.05 1.0:3.055 0.253 1.043,2.412 0.179 1.569
0.51 11.06 5.0:3.364 0.175 1.853,5.412 0.541 2.04
4.31 23.12 20.0:3.17 0.445 3.235
19.68 25.62 5.0:5.21 0.358 3.989
16.32 3.73 3.0:0.369 0.561 2.209
7.14 25.9 13.0:5.626 1.051 1.763
1.04 13.47 6.0:0.386 0.134 1.32,4.13 0.268 1.206
17.46 2.56 28.0:3.207 0.152 1.385
23.49 17.75 5.0:4.658 0.323 1.317,5.351 0.191 4.369
11.96 15.15 17.0:1.699 0.769 1.085
22.85 14.85 2.0:4.361 0.685 1.117
28.47 6.08 23.0:5.008 1.073 2.565
6.52 19.42 17.0:1.626 0.826 1.466,5.362 0.214 2.317
26.85 25.82 6.0:4.372 1.366 1.74
21.48 10.3 21.0:5.762 0.412 1.319
29.08 2.62 18.0:5.191 1.306 1.162
22.54 18.26 14.0:2.97 0.537 2.558
4.46 7.85 7.0:3.893 1.169 2.289
21.61 23.16 4.0:2.904 1.894 3.551
6.82 21.1 13.0:1.402 1.303 1.602
6.48 2.46 25.0:0.443 1.57 2.073
26.7 3.44 27.0:1.715 1.264 1.168,3.857 0.578 1.512
7.03 28.12 1.0:5.933 1.316 1.133
20.3 3.86 2.0:4.704 0.49 1.779
17.02 12.33 17.0:1.011 1.203 1.243
0.2 24.8 3.0:3.136 1.258 1.593,5.539 0.343 2.443
13.97 18.49 4.0:2.696 1.892 1.143
1.88 3.33 13.0:3.6 0.341 4.226,5.432 0.424 2.373
14.25 23.83 1.0:0.186 1.503 1.497
27.22 11.98 16.0:1.121 1.58 5.837
22.05 7.74 10.0:1.54 1.302 4.185
3.08 21.03 13.0:5.627 0.126 2.621
12.66 26.02 3.0:5.35 0.37 1.72
3.69 14.33 21.0:5.927 1.671 2.433
26.93 13.06 24.0:6.154 0.98 4.285
1.57 19.84 19.0:0.977 0.168 2.082
19.01 14.36 13.0:4.382 0.297 1.859,1.948 0.596 1.282
14.24 18.8 19.0:5.204 0.328 1.28,1.724 0.162 1.149
20.49 13.59 8.0:5.811 0.957 1.541
3.3 17.86 1.0:4.788 0.126 1.44
28.72 20.92 29.0:4.057 1.612 1.342
7.49 6.59 24.0:1.702 1.517 2.667
12.19 16.11 1.0:3.368 1.828 1.56
17.52 0.97 10.0:5.661 0.153 2.222
10.35 6.18 11.0:3.816 0.51 2.361
13.61 21.12 17.0:3.798 0.715 2.333
0.26 14.37 13.0:2.578 0.198 1.295
12.58 26.64 16.0:3.101 0.569 2.03
21.57 24.07 2.0:3.222 0.949 1.726
14.5 0.3 22.0:4.036 1.455 2.643
25.6 22.91 2.0:4.521 0.976 1.367
10.92 4.13 8.0:2.389 1.838 1.957
26.65 20.04 28.0:6.005 1.142 4.572
18.63 4.3 24.0:5.586 1.117 1.079
7.29 16.28 12.0:6.161 0.411 1.303
4.34 9.51 5.0:4.007 1.413 1.92