100, 1
18.190 6.320 0
2.380 18.260 0
15.52 28.03 7.0:3.952 0.976 1.39
9.0 28.01 5.0:4.083 1.652 1.348,0.45 0.341 3.161
16.93 2.09 24.0:5.552 1.547 1.396
8.64 19.85 3.0:5.67 1.72 1.392
18.43 29.93 23.0:2.284 1.626 4.298
3.94 10.77 3.0:4.356 0.375 1.241
14.78 7.61 26.0:0.909 0.219 2.274
2.41 25.06 24.0:3.307 0.681 2.506
18.41 11.88 16.0:2.254 1.593 4.275
14.91 17.24 21.0:6.152 1.267 2.419
7.14 0.48 6.0:3.409 1.707 2.317
13.44 24.76 17.0:5.795 1.119 1.524
17.54 29.43 27.0:4.464 0.288 2.019,2.52 1.653 6.685
16.71 9.5 27.0:0.635 0.197 1.174
12.38 26.66 1.0:3.088 0.836 1.043
25.69 6.34 6.0:3.858 0.338 3.189
11.62 24.0 27.0:5.23 1.107 1.615
10.24 3.02 23.0:5.291 1.345 2.595
3.54 26.16 18.0:5.211 1.023 2.469,2.623 1.34 4.185
17.86 19.36 13.0:6.127 0.722 1.248
3.77 7.84 1.0:1.206 0.68 1.679,3.717 1.623 1.542
14.2 19.64 13.0:2.275 0.914 2.46
15.88 5.54 21.0:1.175 0.215 2.171,4.714 0.145 3.7,3.449 0.452 4.396
1.32 19.32 23.0:4.804 0.36 2.413,1.843 1.329 3.029,3.909 0.282 1.733
20.5 25.33 16.0:0.412 0.298 1.828,2.82 0.156 1.043
16.76 19.84 8.0:3.577 1.728 1.223
27.5 17.66 24.0:0.428 1.732 2.443
19.41 20.67 15.0:4.619 0.134 2.211
20.49 14.03 24.0:5.324 0.563 2.403,0.819 0.615 1.388
20.9 7.67 8.0:5.726 0.658 1.32
2.75 25.4 5.0:1.545 0.776 3.296,3.903 0.207 1.07
16.1 19.74 3.0:4.277 1.927 2.236
0.43 1.12 9.0:2.048 0.187 1.867
13.57 9.41 11.0:4.609 1.102 1.035,2.255 0.916 3.534
0.3 9.16 7.0:2.388 1.574 1.6
0.45 23.35 10.0:1.331 1.135 2.234
22.69 23.13 13.0:5.287 0.21 1.056
19.12 20.2 13.0:4.53 1.379 2.033,0.975 0.44 1.038
7.0 21.44 8.0:4.355 1.135 3.025
28.88 0.86 24.0:1.234 1.238 1.11
19.6 2.11 14.0:0.356 0.143 1.038,4.278 0.161 1.626
22.78 15.42 27.0:4.762 1.433 1.377
13.51 8.05 1.0:3.565 0.174 1.38,2.605 0.131 1.317
0.51 11.06 5.0:2.989 1.787 1.539
4.31 23.12 20.0:1.809 1.764 2.377
19.68 25.62 5.0:2.055 1.726 2.278
16.32 3.73 3.0:5.109 1.233 2.356
7.14 25.9 13.0:3.509 1.436 2.219
1.04 13.47 6.0:2.715 0.163 1.775,5.922 0.209 1.253,1.59 0.323 2.804
17.46 2.56 28.0:0.059 1.918 1.978
23.49 17.75 5.0:2.054 1.289 1.155
11.96 15.15 17.0:1.435 0.209 1.835
22.85 14.85 2.0:4.699 0.5 3.23
28.47 6.08 23.0:0.427 0.55 1.267
6.52 19.42 17.0:0.043 1.65 2.362
26.85 25.82 6.0:3.712 0.237 1.518
21.48 10.3 21.0:3.638 1.894 2.088
29.08 2.62 18.0:2.625 1.927 1.402
22.54 18.26 14.0:2.275 0.606 3.067
4.46 7.85 7.0:4.025 1.999 1.542,0.299 0.266 1.35
21.61 23.16 4.0:3.627 0.531 2.391
6.82 21.1 13.0:2.861 0.631 1.745
6.48 2.46 25.0:1.345 0.136 6.714,3.209 0.686 2.73
26.7 3.44 27.0:0.524 0.353 1.429,4.121 0.23 2.131
7.03 28.12 1.0:3.461 0.744 1.087,5.383 0.307 1.606
20.3 3.86 2.0:0.087 0.158 1.648
17.02 12.33 17.0:5.45 1.655 1.104
0.2 24.8 3.0:3.584 0.136 2.882
13.97 18.49 4.0:2.72 0.356 2.154,1.957 0.354 2.081
1.88 3.33 13.0:1.362 1.441 1.627
14.25 23.83 1.0:0.292 0.337 4.099
27.22 11.98 16.0:6.262 1.557 1.413
22.05 7.74 10.0:0.381 0.577 2.24
3.08 21.03 13.0:3.347 0.724 2.037
12.66 26.02 3.0:4.345 1.824 2.724
3.69 14.33 21.0:2.149 1.946 1.652
26.93 13.06 24.0:2.373 0.127 1.349,4.032 0.297 1.489
1.57 19.84 19.0:2.889 0.196 1.512,5.006 0.826 1.297
19.01 14.36 13.0:3.868 1.969 1.362
14.24 18.8 19.0:1.794 0.718 2.055
20.49 13.59 8.0:0.766 0.725 2.329
3.3 17.86 1.0:6.035 1.831 1.138
28.72 20.92 29.0:2.265 0.425 1.783
7.49 6.59 24.0:2.343 0.376 2.649,3.664 0.472 1.306,0.844 0.188 1.529
12.19 16.11 1.0:2.547 0.24 2.144
17.52 0.97 10.0:0.581 0.165 3.749,1.737 0.739 2.235
10.35 6.18 11.0:3.583 1.94 1.196
13.61 21.12 17.0:4.644 1.984 4.853
0.26 14.37 13.0:3.756 0.172 2.544,1.166 0.188 1.295
12.58 26.64 16.0:1.87 0.912 1.826
21.57 24.07 2.0:5.576 0.277 2.435,4.005 0.147 1.767
14.5 0.3 22.0:3.636 0.618 1.678
25.6 22.91 2.0:5.373 1.813 1.031
10.92 4.13 8.0:1.218 0.278 1.894
26.65 20.04 28.0:3.014 0.957 1.142
18.63 4.3 24.0:1.745 0.22 1.027
7.29 16.28 12.0:1.877 2.003 1.408
4.34 9.51 5.0:1.427 0.185 1.553