100 1
18.190 6.320 0
2.380 18.260 0
15.52 28.03 7.0:4.863 0.604 1.419,1.842 1.494 1.301
9.0 28.01 5.0:5.535 0.144 1.627
16.93 2.09 24.0:4.349 0.216 3.601,2.966 0.998 1.198
8.64 19.85 3.0:3.798 0.139 1.596,2.104 0.43 1.211
18.43 29.93 23.0:2.459 1.88 1.176,5.61 0.591 1.402
3.94 10.77 3.0:3.408 0.956 4.869
14.78 7.61 26.0:3.773 0.147 2.959
2.41 25.06 24.0:3.801 0.333 1.45
18.41 11.88 16.0:5.447 1.144 1.949
14.91 17.24 21.0:5.58 1.061 2.62
7.14 0.48 6.0:1.333 0.278 3.24
13.44 24.76 17.0:0.186 1.705 4.068
17.54 29.43 27.0:4.267 0.836 1.374
16.71 9.5 27.0:3.968 0.413 2.762,2.829 0.152 3.644,3.423 0.13 2.817
12.38 26.66 1.0:4.814 1.846 1.102
25.69 6.34 6.0:5.43 1.291 4.143
11.62 24.0 27.0:3.351 0.294 1.071,2.387 0.147 2.023
10.24 3.02 23.0:4.692 0.144 3.397
3.54 26.16 18.0:2.565 0.919 2.324
17.86 19.36 13.0:5.157 0.558 1.103
3.77 7.84 1.0:5.956 0.393 4.198
14.2 19.64 13.0:1.379 0.896 3.47
15.88 5.54 21.0:3.885 0.209 1.362
1.32 19.32 23.0:4.66 0.652 1.788
20.5 25.33 16.0:0.681 1.494 1.353
16.76 19.84 8.0:0.65 0.565 2.098
27.5 17.66 24.0:0.432 1.549 1.581
19.41 20.67 15.0:4.217 0.265 1.049,5.708 0.404 2.04
20.49 14.03 24.0:4.107 1.995 1.461
20.9 7.67 8.0:5.236 0.879 1.5
2.75 25.4 5.0:0.367 0.319 1.731
16.1 19.74 3.0:1.946 1.685 2.152
0.43 1.12 9.0:0.115 1.813 1.112
13.57 9.41 11.0:4.324 1.058 4.268
0.3 9.16 7.0:6.039 0.15 2.325
0.45 23.35 10.0:0.452 0.956 2.528
22.69 23.13 13.0:2.526 0.195 5.056,5.741 0.36 1.93,1.731 0.147 4.921
19.12 20.2 13.0:5.827 0.229 3.305,3.386 1.62 1.608
7.0 21.44 8.0:1.415 0.13 2.848,3.406 0.233 3.928
28.88 0.86 24.0:4.972 1.066 2.212
19.6 2.11 14.0:3.57 0.55 1.314
22.78 15.42 27.0:0.477 0.483 4.665
13.51 8.05 1.0:1.936 0.328 1.372
0.51 11.06 5.0:0.739 0.985 1.226
4.31 23.12 20.0:4.985 0.131 4.583
19.68 25.62 5.0:2.635 0.763 3.679
16.32 3.73 3.0:5.296 1.399 1.637
7.14 25.9 13.0:4.07 0.947 2.103
1.04 13.47 6.0:4.779 0.227 1.447
17.46 2.56 28.0:1.341 0.135 2.061,4.251 0.467 3.395
23.49 17.75 5.0:1.149 1.329 3.009
11.96 15.15 17.0:4.034 0.534 2.321
22.85 14.85 2.0:4.139 0.279 2.01,0.277 0.232 1.753
28.47 6.08 23.0:0.562 0.147 1.301
6.52 19.42 17.0:3.255 1.652 1.675
26.85 25.82 6.0:2.532 0.2 1.339,3.65 0.264 2.1
21.48 10.3 21.0:2.711 0.278 3.166
29.08 2.62 18.0:3.848 0.463 1.122
22.54 18.26 14.0:1.836 0.267 2.135,0.953 0.402 4.107,5.115 0.295 1.055
4.46 7.85 7.0:2.99 0.923 1.575
21.61 23.16 4.0:3.795 0.146 3.078,1.824 0.461 1.425
6.82 21.1 13.0:6.018 1.065 1.832
6.48 2.46 25.0:1.207 0.783 1.195
26.7 3.44 27.0:5.921 0.239 3.51,3.525 1.098 3.372
7.03 28.12 1.0:6.131 1.97 1.18
20.3 3.86 2.0:0.26 1.455 1.397
17.02 12.33 17.0:0.021 1.022 1.369
0.2 24.8 3.0:6.266 0.359 1.064
13.97 18.49 4.0:1.304 1.671 1.679
1.88 3.33 13.0:1.009 0.699 1.089
14.25 23.83 1.0:1.089 1.954 2.666
27.22 11.98 16.0:6.092 0.142 1.429,3.293 0.151 2.63,0.698 0.133 2.258
22.05 7.74 10.0:2.397 0.864 1.076
3.08 21.03 13.0:4.41 1.457 1.239,0.312 0.138 1.094
12.66 26.02 3.0:1.689 0.228 1.192
3.69 14.33 21.0:4.159 1.168 1.377
26.93 13.06 24.0:4.589 0.626 1.275
1.57 19.84 19.0:2.994 0.89 1.363
19.01 14.36 13.0:3.497 1.886 1.394
14.24 18.8 19.0:2.408 0.293 1.514
20.49 13.59 8.0:6.083 0.169 4.445,2.028 0.973 1.312
3.3 17.86 1.0:4.487 0.18 1.63,0.759 0.692 2.396
28.72 20.92 29.0:3.915 0.713 1.594
7.49 6.59 24.0:3.406 1.982 1.244,0.686 0.418 1.519
12.19 16.11 1.0:2.403 0.513 1.363,3.705 0.512 1.115
17.52 0.97 10.0:3.124 0.669 3.18
10.35 6.18 11.0:4.082 0.545 1.834,0.613 0.245 1.269
13.61 21.12 17.0:3.897 0.218 1.205
0.26 14.37 13.0:4.907 1.726 1.013
12.58 26.64 16.0:1.548 1.172 1.256
21.57 24.07 2.0:5.067 0.223 1.308
14.5 0.3 22.0:4.118 1.946 3.547
25.6 22.91 2.0:4.985 1.965 1.318
10.92 4.13 8.0:5.55 1.6 1.142
26.65 20.04 28.0:0.391 0.31 2.339
18.63 4.3 24.0:6.156 1.724 2.308
7.29 16.28 12.0:4.553 1.327 2.589
4.34 9.51 5.0:4.962 0.766 2.146