100, 1
18.190 6.320 0
2.380 18.260 0
15.52 28.03 7.0:0.669 0.451 1.218,4.544 0.767 2.142
9.0 28.01 5.0:5.22 0.132 1.988,1.385 0.386 1.372
16.93 2.09 24.0:5.254 0.562 1.017
8.64 19.85 3.0:0.969 0.169 1.17
18.43 29.93 23.0:6.173 0.177 1.55
3.94 10.77 3.0:4.274 0.209 1.046,2.684 0.595 1.316
14.78 7.61 26.0:3.161 0.707 2.464
2.41 25.06 24.0:1.007 0.309 1.826,3.205 0.625 1.607
18.41 11.88 16.0:4.21 1.0 1.694,0.648 0.642 2.067
14.91 17.24 21.0:1.167 0.543 1.655
7.14 0.48 6.0:3.863 0.791 1.85,1.794 0.423 1.419
13.44 24.76 17.0:5.273 1.494 1.205
17.54 29.43 27.0:0.386 0.507 1.261
16.71 9.5 27.0:4.317 0.51 2.596
12.38 26.66 1.0:0.144 1.674 1.652
25.69 6.34 6.0:1.514 0.171 1.575
11.62 24.0 27.0:5.684 0.355 1.242,3.303 0.163 3.067
10.24 3.02 23.0:0.112 0.856 1.203
3.54 26.16 18.0:5.617 0.885 1.309
17.86 19.36 13.0:3.511 0.819 1.205
3.77 7.84 1.0:5.48 0.326 1.724,4.206 0.242 1.14
14.2 19.64 13.0:5.188 0.919 1.264,3.29 0.399 1.247,1.831 0.953 1.731
15.88 5.54 21.0:5.249 0.207 1.495,4.051 0.247 1.385
1.32 19.32 23.0:5.6 0.335 3.509
20.5 25.33 16.0:6.012 0.744 2.683
16.76 19.84 8.0:2.691 1.487 2.434
27.5 17.66 24.0:6.029 1.368 2.665
19.41 20.67 15.0:5.958 0.218 3.356,1.826 1.658 1.228
20.49 14.03 24.0:4.338 0.513 1.647,5.798 0.158 2.311
20.9 7.67 8.0:0.04 0.854 3.151
2.75 25.4 5.0:1.477 0.548 1.544
16.1 19.74 3.0:1.146 1.704 1.327
0.43 1.12 9.0:6.188 1.687 1.11
13.57 9.41 11.0:3.121 1.956 2.523
0.3 9.16 7.0:1.767 0.911 1.446,4.063 1.308 1.007
0.45 23.35 10.0:3.71 1.35 1.356
22.69 23.13 13.0:2.784 1.451 1.265
19.12 20.2 13.0:2.543 1.56 1.558
7.0 21.44 8.0:5.905 0.379 3.125
28.88 0.86 24.0:3.463 1.736 2.063
19.6 2.11 14.0:1.062 1.354 1.34
22.78 15.42 27.0:4.332 0.899 1.518
13.51 8.05 1.0:3.345 0.829 1.216
0.51 11.06 5.0:0.192 0.617 2.295
4.31 23.12 20.0:3.073 0.249 1.874
19.68 25.62 5.0:3.378 0.676 3.504
16.32 3.73 3.0:2.579 0.691 1.409
7.14 25.9 13.0:4.211 1.566 1.581
1.04 13.47 6.0:2.937 0.324 2.198
17.46 2.56 28.0:2.422 0.823 1.788
23.49 17.75 5.0:4.59 1.453 2.605
11.96 15.15 17.0:3.851 1.099 1.128
22.85 14.85 2.0:5.772 1.181 2.124
28.47 6.08 23.0:4.393 1.276 1.384,1.074 0.618 2.517
6.52 19.42 17.0:4.967 0.848 1.26,1.277 0.817 3.201
26.85 25.82 6.0:3.626 1.557 2.712
21.48 10.3 21.0:5.376 0.864 1.127,1.418 0.476 1.157
29.08 2.62 18.0:5.885 0.316 2.05
22.54 18.26 14.0:1.502 0.834 1.14
4.46 7.85 7.0:1.819 1.223 1.56
21.61 23.16 4.0:0.874 1.353 1.291
6.82 21.1 13.0:0.006 1.301 2.088
6.48 2.46 25.0:0.463 0.255 1.858,3.357 1.459 1.239
26.7 3.44 27.0:4.443 1.136 1.091
7.03 28.12 1.0:0.651 1.079 1.65
20.3 3.86 2.0:2.105 0.671 1.05
17.02 12.33 17.0:4.604 0.323 2.703,2.182 1.564 1.421
0.2 24.8 3.0:2.536 0.297 1.835
13.97 18.49 4.0:3.149 1.371 1.713
1.88 3.33 13.0:3.569 0.871 1.812,1.16 0.323 1.153
14.25 23.83 1.0:1.169 0.185 3.103,4.805 0.558 1.11
27.22 11.98 16.0:2.257 0.239 2.094,0.716 0.391 1.423,5.507 0.645 1.24
22.05 7.74 10.0:2.346 1.983 1.45
3.08 21.03 13.0:1.878 0.994 1.157
12.66 26.02 3.0:6.253 0.582 1.892
3.69 14.33 21.0:5.808 0.132 1.202,0.865 0.744 1.942
26.93 13.06 24.0:3.897 1.155 2.653
1.57 19.84 19.0:1.08 1.833 3.794
19.01 14.36 13.0:3.501 0.733 3.57,1.969 0.754 1.269
14.24 18.8 19.0:4.611 1.545 1.409
20.49 13.59 8.0:1.544 0.373 2.627,4.322 0.561 2.262,5.348 0.265 2.206
3.3 17.86 1.0:4.265 1.698 3.146
28.72 20.92 29.0:3.929 0.613 3.483,1.814 0.148 2.163
7.49 6.59 24.0:5.706 0.457 3.897
12.19 16.11 1.0:5.429 1.682 1.0
17.52 0.97 10.0:2.37 0.811 1.845,0.769 0.765 1.786
10.35 6.18 11.0:5.557 1.413 2.483
13.61 21.12 17.0:2.829 1.909 1.332
0.26 14.37 13.0:6.232 1.158 1.033
12.58 26.64 16.0:0.574 0.263 1.098,3.858 0.825 2.52
21.57 24.07 2.0:4.856 0.137 1.2,3.758 0.159 4.577
14.5 0.3 22.0:1.6 1.33 1.33
25.6 22.91 2.0:1.605 0.449 5.356
10.92 4.13 8.0:3.781 0.161 1.776
26.65 20.04 28.0:3.356 0.946 1.593
18.63 4.3 24.0:1.586 0.271 1.3
7.29 16.28 12.0:1.246 0.254 1.391,4.697 0.58 3.152
4.34 9.51 5.0:4.118 0.503 1.022