100 1
18.190 6.320 0
2.380 18.260 0
15.52 28.03 7.0:1.481 1.259 2.197
9.0 28.01 5.0:1.54 1.739 1.148
16.93 2.09 24.0:3.279 0.895 1.565
8.64 19.85 3.0:4.997 0.493 1.79
18.43 29.93 23.0:5.75 0.47 1.346
3.94 10.77 3.0:0.355 1.695 1.866
14.78 7.61 26.0:5.203 0.253 2.174
2.41 25.06 24.0:3.874 1.369 1.115
18.41 11.88 16.0:3.868 0.958 1.865,1.117 0.283 1.108
14.91 17.24 21.0:0.514 0.997 1.608
7.14 0.48 6.0:1.274 0.986 3.781
13.44 24.76 17.0:4.099 0.213 1.642
17.54 29.43 27.0:2.191 0.814 2.612
16.71 9.5 27.0:1.268 1.616 2.297
12.38 26.66 1.0:2.586 0.713 1.701
25.69 6.34 6.0:1.368 1.426 2.101
11.62 24.0 27.0:5.616 1.336 2.704
10.24 3.02 23.0:0.446 1.505 4.483
3.54 26.16 18.0:1.152 0.145 2.027,3.548 1.06 1.237
17.86 19.36 13.0:5.264 0.715 2.255,1.582 1.269 1.172
3.77 7.84 1.0:0.566 1.218 2.969
14.2 19.64 13.0:0.254 1.945 2.066
15.88 5.54 21.0:5.875 0.552 2.307
1.32 19.32 23.0:1.891 1.849 2.57,4.438 0.624 1.595
20.5 25.33 16.0:4.459 0.652 1.753,3.603 0.188 1.85
16.76 19.84 8.0:2.809 1.493 3.53
27.5 17.66 24.0:1.092 0.442 1.026
19.41 20.67 15.0:4.257 1.178 1.069
20.49 14.03 24.0:5.877 0.614 1.646
20.9 7.67 8.0:4.873 1.512 1.718
2.75 25.4 5.0:2.965 0.523 1.409,4.315 0.314 1.728,1.187 1.02 1.551
16.1 19.74 3.0:4.778 0.835 1.569
0.43 1.12 9.0:2.329 0.731 2.524
13.57 9.41 11.0:5.32 1.849 3.008
0.3 9.16 7.0:5.986 0.242 2.574
0.45 23.35 10.0:0.117 1.432 1.331
22.69 23.13 13.0:5.498 0.849 1.907
19.12 20.2 13.0:0.452 0.936 1.548
7.0 21.44 8.0:6.189 0.462 2.02
28.88 0.86 24.0:3.754 1.741 3.768
19.6 2.11 14.0:5.636 0.126 2.982,2.153 0.761 1.627,4.894 0.287 1.35
22.78 15.42 27.0:3.879 1.606 2.04
13.51 8.05 1.0:2.528 1.139 2.437
0.51 11.06 5.0:3.846 0.619 1.356
4.31 23.12 20.0:4.074 0.378 1.463
19.68 25.62 5.0:1.878 1.373 1.109
16.32 3.73 3.0:3.796 0.815 1.593
7.14 25.9 13.0:0.601 1.542 1.532
1.04 13.47 6.0:3.455 0.591 3.303,2.578 0.15 1.547,4.856 0.127 1.246
17.46 2.56 28.0:4.611 1.829 1.146
23.49 17.75 5.0:4.102 0.987 1.028
11.96 15.15 17.0:4.041 0.637 1.532
22.85 14.85 2.0:2.723 1.819 1.975
28.47 6.08 23.0:1.258 1.166 1.01,4.147 0.589 5.517
6.52 19.42 17.0:1.571 0.814 2.135,4.455 1.806 7.891
26.85 25.82 6.0:4.128 1.08 1.096
21.48 10.3 21.0:1.78 1.976 1.838
29.08 2.62 18.0:2.228 0.784 2.228
22.54 18.26 14.0:0.791 0.174 1.624
4.46 7.85 7.0:2.428 1.658 1.351
21.61 23.16 4.0:0.067 1.303 1.006
6.82 21.1 13.0:3.999 0.203 2.023,1.698 0.45 1.573
6.48 2.46 25.0:4.46 0.498 2.345
26.7 3.44 27.0:2.801 1.845 2.994
7.03 28.12 1.0:3.663 0.902 1.075
20.3 3.86 2.0:5.727 1.063 1.184
17.02 12.33 17.0:4.426 0.531 1.919
0.2 24.8 3.0:2.371 0.136 1.979
13.97 18.49 4.0:4.665 0.858 1.013
1.88 3.33 13.0:5.955 0.82 1.203
14.25 23.83 1.0:4.435 1.627 3.632,1.241 0.655 2.041
27.22 11.98 16.0:2.626 0.848 1.262
22.05 7.74 10.0:5.52 1.715 1.766
3.08 21.03 13.0:3.079 1.843 2.544,5.21 0.162 1.201
12.66 26.02 3.0:2.886 1.17 1.511
3.69 14.33 21.0:2.243 0.546 1.545,4.606 0.589 1.032
26.93 13.06 24.0:3.798 0.326 2.011
1.57 19.84 19.0:0.241 0.539 2.356
19.01 14.36 13.0:2.303 0.461 2.524
14.24 18.8 19.0:5.9 0.906 1.199
20.49 13.59 8.0:0.762 0.449 1.806
3.3 17.86 1.0:4.664 0.644 2.51,1.393 0.357 2.086
28.72 20.92 29.0:0.777 1.532 2.314
7.49 6.59 24.0:4.385 1.476 1.223,1.353 0.505 2.125
12.19 16.11 1.0:5.272 0.171 2.245
17.52 0.97 10.0:0.27 1.411 3.091
10.35 6.18 11.0:5.037 1.257 1.983
13.61 21.12 17.0:4.284 0.184 1.037
0.26 14.37 13.0:0.31 1.144 1.52
12.58 26.64 16.0:1.148 0.511 3.1
21.57 24.07 2.0:4.454 0.802 1.403
14.5 0.3 22.0:3.492 0.175 1.499,1.294 0.177 2.774
25.6 22.91 2.0:0.269 1.298 1.308
10.92 4.13 8.0:1.598 0.669 4.541
26.65 20.04 28.0:5.317 1.176 1.993
18.63 4.3 24.0:1.03 0.628 1.983,4.705 1.537 2.777
7.29 16.28 12.0:5.373 0.48 1.495
4.34 9.51 5.0:1.339 1.887 1.988