100, 1
18.190 6.320 0
2.380 18.260 0
15.52 28.03 7.0:2.955 0.275 1.432
9.0 28.01 5.0:2.657 1.757 1.381
16.93 2.09 24.0:5.175 1.173 1.607
8.64 19.85 3.0:4.185 0.271 2.417
18.43 29.93 23.0:2.653 1.299 1.481
3.94 10.77 3.0:1.541 0.19 1.378
14.78 7.61 26.0:0.698 1.843 1.859
2.41 25.06 24.0:4.252 1.429 2.766
18.41 11.88 16.0:5.547 0.289 2.648,3.253 1.717 1.226
14.91 17.24 21.0:0.283 0.452 1.125
7.14 0.48 6.0:1.178 1.481 1.72
13.44 24.76 17.0:5.375 0.48 3.321,2.481 0.662 3.576
17.54 29.43 27.0:5.401 0.984 1.346
16.71 9.5 27.0:6.088 0.336 2.533
12.38 26.66 1.0:4.571 1.233 1.332
25.69 6.34 6.0:5.656 1.881 1.235
11.62 24.0 27.0:2.743 0.482 1.197,0.721 0.524 3.704
10.24 3.02 23.0:4.968 1.353 3.393
3.54 26.16 18.0:5.005 0.401 1.392
17.86 19.36 13.0:2.826 1.455 1.069
3.77 7.84 1.0:0.05 0.88 2.132
14.2 19.64 13.0:4.012 1.263 1.402
15.88 5.54 21.0:4.329 1.904 2.24
1.32 19.32 23.0:4.666 0.556 3.506,2.186 0.846 1.917
20.5 25.33 16.0:4.821 0.217 1.451,3.377 0.243 1.444
16.76 19.84 8.0:4.337 0.644 2.045
27.5 17.66 24.0:4.89 1.473 2.111
19.41 20.67 15.0:3.627 1.689 2.016
20.49 14.03 24.0:5.356 0.505 2.209,3.991 0.459 3.703
20.9 7.67 8.0:3.786 1.865 4.168
2.75 25.4 5.0:6.018 0.998 2.46
16.1 19.74 3.0:4.103 1.848 2.542
0.43 1.12 9.0:5.598 1.139 2.145
13.57 9.41 11.0:5.19 0.468 3.038,2.09 1.889 2.177
0.3 9.16 7.0:3.505 1.563 1.478
0.45 23.35 10.0:1.004 0.503 1.321,3.741 0.664 1.041
22.69 23.13 13.0:1.105 0.405 1.986,5.952 0.317 1.398
19.12 20.2 13.0:5.038 0.487 1.761
7.0 21.44 8.0:2.616 1.228 1.031
28.88 0.86 24.0:5.479 0.51 1.024,3.158 1.097 1.998
19.6 2.11 14.0:2.8 0.632 2.443
22.78 15.42 27.0:3.779 1.646 1.19
13.51 8.05 1.0:5.909 0.323 2.741
0.51 11.06 5.0:2.332 1.356 1.959
4.31 23.12 20.0:3.293 0.575 1.141
19.68 25.62 5.0:0.274 1.007 3.349
16.32 3.73 3.0:3.484 0.348 2.021
7.14 25.9 13.0:0.391 0.921 1.369
1.04 13.47 6.0:4.553 1.86 2.351
17.46 2.56 28.0:5.629 1.75 1.749
23.49 17.75 5.0:5.993 0.146 2.356,1.741 0.746 3.945
11.96 15.15 17.0:5.253 0.174 1.576,1.585 0.429 3.248
22.85 14.85 2.0:3.597 1.515 1.246
28.47 6.08 23.0:5.052 0.363 1.51
6.52 19.42 17.0:4.838 1.245 2.496,2.624 0.342 1.415
26.85 25.82 6.0:3.732 1.9 1.275
21.48 10.3 21.0:2.687 0.581 1.562
29.08 2.62 18.0:0.954 1.642 1.148
22.54 18.26 14.0:5.808 0.149 3.312,1.667 0.433 2.069
4.46 7.85 7.0:1.566 0.332 2.336,2.405 0.156 1.136
21.61 23.16 4.0:0.644 1.887 1.31
6.82 21.1 13.0:1.919 0.738 2.424
6.48 2.46 25.0:0.187 1.245 1.795
26.7 3.44 27.0:1.452 0.263 3.634
7.03 28.12 1.0:3.901 0.543 1.148,5.523 0.146 2.729
20.3 3.86 2.0:2.684 1.205 2.471,4.923 0.14 1.389
17.02 12.33 17.0:0.563 1.351 1.558
0.2 24.8 3.0:4.843 0.291 1.236
13.97 18.49 4.0:4.058 0.516 2.511
1.88 3.33 13.0:3.155 1.553 2.976
14.25 23.83 1.0:2.723 0.329 1.715
27.22 11.98 16.0:2.379 1.349 2.3,5.107 0.593 1.122
22.05 7.74 10.0:1.645 0.331 1.872
3.08 21.03 13.0:2.168 1.522 1.905
12.66 26.02 3.0:0.158 1.946 2.836
3.69 14.33 21.0:1.922 0.625 3.659
26.93 13.06 24.0:2.602 0.316 2.653
1.57 19.84 19.0:5.068 0.371 3.449
19.01 14.36 13.0:1.877 0.462 1.711,4.271 1.307 2.192
14.24 18.8 19.0:3.789 0.528 2.705
20.49 13.59 8.0:3.603 1.057 2.018
3.3 17.86 1.0:3.469 0.859 1.357
28.72 20.92 29.0:2.391 0.14 2.921,1.882 0.211 2.276
7.49 6.59 24.0:4.214 1.029 1.022,1.439 0.91 1.888
12.19 16.11 1.0:5.623 1.42 1.31
17.52 0.97 10.0:5.522 0.622 1.013
10.35 6.18 11.0:4.52 0.676 2.253
13.61 21.12 17.0:4.484 0.455 1.104,3.133 0.596 1.868
0.26 14.37 13.0:0.072 1.591 3.255
12.58 26.64 16.0:4.993 1.232 1.402,0.942 0.64 1.041
21.57 24.07 2.0:1.893 0.558 1.062
14.5 0.3 22.0:4.226 1.122 1.228,2.638 0.25 1.191
25.6 22.91 2.0:3.875 0.196 1.357,5.949 0.273 1.101
10.92 4.13 8.0:5.36 0.443 3.54
26.65 20.04 28.0:1.771 1.009 1.06
18.63 4.3 24.0:1.124 0.177 2.132,2.238 0.143 1.722
7.29 16.28 12.0:0.526 0.168 1.138
4.34 9.51 5.0:0.658 0.314 1.667