100 1
18.190 6.320 0
2.380 18.260 0
15.52 28.03 7.0:5.292 1.829 1.038
9.0 28.01 5.0:5.57 0.176 1.612,4.259 0.601 1.015
16.93 2.09 24.0:0.281 0.237 1.134,4.343 1.035 1.002
8.64 19.85 3.0:2.092 1.552 2.243
18.43 29.93 23.0:2.104 0.158 1.793,0.343 0.284 2.296
3.94 10.77 3.0:1.603 0.537 1.375
14.78 7.61 26.0:1.524 0.817 1.688,5.323 0.905 1.806
2.41 25.06 24.0:1.24 0.222 1.177
18.41 11.88 16.0:2.791 0.21 2.102,4.221 0.442 2.46
14.91 17.24 21.0:4.469 0.274 1.558,0.842 0.348 1.219
7.14 0.48 6.0:4.065 0.163 1.041
13.44 24.76 17.0:6.136 0.236 1.858
17.54 29.43 27.0:3.009 0.434 2.825
16.71 9.5 27.0:3.918 0.812 1.393,1.024 0.685 2.429
12.38 26.66 1.0:4.008 0.428 1.214
25.69 6.34 6.0:5.68 0.229 2.333
11.62 24.0 27.0:3.892 0.159 1.711
10.24 3.02 23.0:5.455 1.248 1.827
3.54 26.16 18.0:5.653 0.361 1.421,2.242 0.353 1.737
17.86 19.36 13.0:3.988 1.262 1.03
3.77 7.84 1.0:6.015 0.227 1.232,4.959 0.533 1.01
14.2 19.64 13.0:4.089 1.122 3.553
15.88 5.54 21.0:5.777 0.673 1.743
1.32 19.32 23.0:2.621 1.251 2.025
20.5 25.33 16.0:1.356 0.345 1.7
16.76 19.84 8.0:1.308 1.385 2.54
27.5 17.66 24.0:5.5 0.601 2.809,2.263 0.127 2.936
19.41 20.67 15.0:3.159 0.393 1.241
20.49 14.03 24.0:4.13 0.872 1.29
20.9 7.67 8.0:1.168 1.109 2.844,2.791 0.274 2.258
2.75 25.4 5.0:3.733 1.204 1.207
16.1 19.74 3.0:0.009 1.271 1.22
0.43 1.12 9.0:5.099 1.351 1.811
13.57 9.41 11.0:4.843 1.088 1.086
0.3 9.16 7.0:6.253 1.649 1.638
0.45 23.35 10.0:0.292 0.139 1.036
22.69 23.13 13.0:3.93 0.157 1.672,2.279 0.943 1.201
19.12 20.2 13.0:3.254 0.693 3.35,4.771 0.562 2.407
7.0 21.44 8.0:3.104 0.267 1.381
28.88 0.86 24.0:0.583 0.216 5.334
19.6 2.11 14.0:2.708 0.2 1.013
22.78 15.42 27.0:5.435 0.552 1.828,3.135 0.681 3.396
13.51 8.05 1.0:2.159 1.514 2.189,0.339 0.173 2.031
0.51 11.06 5.0:3.161 0.194 2.285,4.818 1.272 1.031
4.31 23.12 20.0:1.279 0.316 1.377
19.68 25.62 5.0:2.051 0.687 1.631
16.32 3.73 3.0:4.679 1.549 1.352
7.14 25.9 13.0:3.745 0.96 1.833
1.04 13.47 6.0:5.581 0.41 1.017,0.314 0.138 1.755
17.46 2.56 28.0:2.154 1.491 1.749
23.49 17.75 5.0:5.562 0.523 1.284,1.641 1.168 2.651
11.96 15.15 17.0:2.899 1.069 1.773
22.85 14.85 2.0:3.289 0.178 1.119
28.47 6.08 23.0:0.88 0.132 1.669,4.658 0.972 1.434
6.52 19.42 17.0:3.456 0.515 1.182,1.366 0.927 2.583
26.85 25.82 6.0:2.57 1.841 1.478
21.48 10.3 21.0:1.994 0.517 2.0,3.416 0.211 1.261
29.08 2.62 18.0:0.425 1.2 1.116
22.54 18.26 14.0:1.859 0.297 2.226
4.46 7.85 7.0:0.378 1.079 1.454
21.61 23.16 4.0:2.508 0.389 1.901,1.012 0.132 1.046
6.82 21.1 13.0:5.068 1.308 1.957
6.48 2.46 25.0:3.926 1.611 2.971
26.7 3.44 27.0:6.027 0.362 2.288
7.03 28.12 1.0:3.246 0.503 2.069
20.3 3.86 2.0:1.402 1.147 1.466
17.02 12.33 17.0:6.147 1.278 1.735
0.2 24.8 3.0:4.046 0.215 4.243
13.97 18.49 4.0:6.215 0.834 1.029
1.88 3.33 13.0:5.746 1.283 3.426
14.25 23.83 1.0:3.361 1.298 1.556
27.22 11.98 16.0:1.08 0.126 1.849
22.05 7.74 10.0:1.884 0.408 3.382
3.08 21.03 13.0:2.458 0.7 2.871
12.66 26.02 3.0:5.996 0.353 1.136
3.69 14.33 21.0:2.728 1.9 1.249
26.93 13.06 24.0:4.614 0.219 2.324,3.117 0.509 1.581
1.57 19.84 19.0:2.706 0.169 1.098
19.01 14.36 13.0:5.609 0.833 2.345
14.24 18.8 19.0:5.423 0.753 1.185
20.49 13.59 8.0:6.174 1.703 1.759
3.3 17.86 1.0:0.82 0.371 1.323
28.72 20.92 29.0:4.185 1.332 2.146
7.49 6.59 24.0:1.374 1.708 2.488
12.19 16.11 1.0:5.75 1.229 1.164
17.52 0.97 10.0:4.39 0.921 3.285,3.006 0.177 1.449
10.35 6.18 11.0:3.875 1.422 3.822,1.86 0.242 1.211
13.61 21.12 17.0:0.616 1.247 1.23
0.26 14.37 13.0:2.758 0.913 1.201
12.58 26.64 16.0:4.63 1.374 4.628
21.57 24.07 2.0:3.852 1.563 1.754
14.5 0.3 22.0:3.519 0.674 1.379
25.6 22.91 2.0:3.11 0.804 1.151
10.92 4.13 8.0:3.697 1.928 1.751
26.65 20.04 28.0:1.492 0.136 1.911
18.63 4.3 24.0:1.994 1.689 1.894,5.537 0.308 1.049
7.29 16.28 12.0:0.622 1.285 2.447
4.34 9.51 5.0:4.099 1.22 2.893