100, 1
18.190 6.320 0
2.380 18.260 0
15.52 28.03 7.0:3.182 1.573 2.593
9.0 28.01 5.0:3.342 0.189 1.028
16.93 2.09 24.0:3.727 0.249 3.909
8.64 19.85 3.0:0.431 1.82 1.537
18.43 29.93 23.0:0.66 1.259 1.876
3.94 10.77 3.0:2.569 1.681 1.566
14.78 7.61 26.0:1.744 0.235 2.102
2.41 25.06 24.0:3.981 0.973 1.581
18.41 11.88 16.0:0.146 0.189 3.048
14.91 17.24 21.0:0.692 0.473 1.099
7.14 0.48 6.0:0.746 0.898 1.294
13.44 24.76 17.0:0.523 1.156 3.704
17.54 29.43 27.0:0.805 0.42 2.179,4.544 1.049 1.156,2.426 0.243 2.844
16.71 9.5 27.0:1.508 1.122 1.34
12.38 26.66 1.0:1.23 1.544 2.975
25.69 6.34 6.0:3.928 0.629 1.882,1.427 0.505 1.45
11.62 24.0 27.0:4.494 0.177 1.096,2.527 1.577 1.687
10.24 3.02 23.0:4.247 0.189 1.102,5.384 0.782 2.817
3.54 26.16 18.0:5.295 0.34 1.441
17.86 19.36 13.0:0.076 1.422 1.712
3.77 7.84 1.0:0.097 0.424 1.795
14.2 19.64 13.0:0.832 0.861 1.566
15.88 5.54 21.0:0.549 1.015 1.064
1.32 19.32 23.0:5.9 0.732 1.246
20.5 25.33 16.0:2.412 1.431 1.819,4.188 0.279 3.203
16.76 19.84 8.0:1.358 0.371 1.706
27.5 17.66 24.0:4.879 1.374 1.903
19.41 20.67 15.0:5.093 0.256 3.614,3.138 1.303 1.686
20.49 14.03 24.0:0.001 0.291 3.514
20.9 7.67 8.0:4.915 0.617 1.272
2.75 25.4 5.0:4.08 0.751 3.759
16.1 19.74 3.0:0.275 0.715 1.436
0.43 1.12 9.0:0.586 0.128 1.191,4.192 1.033 3.283
13.57 9.41 11.0:3.579 0.968 2.065
0.3 9.16 7.0:5.854 1.716 3.004
0.45 23.35 10.0:5.363 0.381 1.111
22.69 23.13 13.0:3.613 0.622 1.904
19.12 20.2 13.0:3.744 1.669 1.144,0.578 0.469 1.126
7.0 21.44 8.0:3.51 0.632 1.103
28.88 0.86 24.0:0.016 1.274 1.45
19.6 2.11 14.0:1.774 0.925 1.399
22.78 15.42 27.0:1.882 0.632 1.589,4.54 0.145 1.74
13.51 8.05 1.0:1.061 0.428 3.483
0.51 11.06 5.0:0.806 0.209 1.777
4.31 23.12 20.0:2.069 0.673 1.307,3.678 0.27 2.089
19.68 25.62 5.0:6.174 0.44 1.304
16.32 3.73 3.0:5.661 1.917 3.057
7.14 25.9 13.0:3.51 0.215 1.187,1.152 0.135 1.032
1.04 13.47 6.0:1.964 1.695 2.763
17.46 2.56 28.0:1.105 0.59 1.444,4.201 0.532 2.346
23.49 17.75 5.0:5.507 0.183 1.105,4.071 0.126 1.11,2.993 0.54 1.529
11.96 15.15 17.0:1.86 1.823 1.496,4.547 0.262 2.465
22.85 14.85 2.0:4.418 1.219 1.998,1.742 0.355 1.106
28.47 6.08 23.0:1.827 0.55 1.037
6.52 19.42 17.0:4.714 0.496 1.377
26.85 25.82 6.0:2.956 0.917 1.932,0.392 0.204 1.321
21.48 10.3 21.0:1.153 0.179 1.464
29.08 2.62 18.0:2.543 0.429 1.362
22.54 18.26 14.0:3.644 1.011 2.958
4.46 7.85 7.0:2.154 1.555 3.039
21.61 23.16 4.0:4.964 1.549 1.636
6.82 21.1 13.0:3.113 0.992 1.437
6.48 2.46 25.0:1.674 0.205 2.513,0.619 0.352 2.331
26.7 3.44 27.0:0.085 1.05 1.526
7.03 28.12 1.0:4.754 0.675 1.55
20.3 3.86 2.0:0.724 1.049 2.819
17.02 12.33 17.0:1.693 1.683 1.651
0.2 24.8 3.0:5.398 0.42 2.329
13.97 18.49 4.0:2.134 0.21 3.191,5.518 0.377 1.766
1.88 3.33 13.0:4.939 0.192 4.168
14.25 23.83 1.0:4.692 1.559 1.484
27.22 11.98 16.0:0.713 0.182 1.131,1.554 0.287 1.785
22.05 7.74 10.0:4.642 1.258 5.338
3.08 21.03 13.0:6.201 0.859 2.0
12.66 26.02 3.0:1.146 1.052 1.652,3.974 1.463 2.124
3.69 14.33 21.0:4.753 1.924 1.397
26.93 13.06 24.0:3.424 0.863 1.654
1.57 19.84 19.0:2.262 0.697 3.46,4.018 0.63 1.053
19.01 14.36 13.0:4.448 0.165 2.4,2.743 0.873 3.583
14.24 18.8 19.0:1.586 1.178 1.261
20.49 13.59 8.0:2.76 1.783 1.837
3.3 17.86 1.0:5.008 0.402 1.121
28.72 20.92 29.0:1.767 0.397 1.069
7.49 6.59 24.0:5.2 0.772 1.504
12.19 16.11 1.0:5.278 0.486 2.299,2.008 0.224 2.665
17.52 0.97 10.0:1.737 1.271 1.915
10.35 6.18 11.0:2.139 0.247 1.552,0.719 0.15 1.133
13.61 21.12 17.0:2.376 0.568 1.52,4.569 1.471 3.02
0.26 14.37 13.0:1.604 0.218 3.324,3.84 0.731 1.114
12.58 26.64 16.0:0.149 1.061 2.403
21.57 24.07 2.0:3.616 0.437 2.368
14.5 0.3 22.0:5.041 0.835 1.737
25.6 22.91 2.0:6.261 0.24 2.563
10.92 4.13 8.0:4.681 0.435 1.909,4.067 0.153 1.298
26.65 20.04 28.0:2.889 1.498 1.769
18.63 4.3 24.0:0.041 1.599 1.266
7.29 16.28 12.0:0.11 0.237 2.047
4.34 9.51 5.0:2.498 0.695 1.264,5.918 0.364 3.895