100, 1
18.190 6.320 0
2.380 18.260 0
15.52 28.03 7.0:1.956 1.743 2.644
9.0 28.01 5.0:1.159 0.846 1.527,4.06 0.141 4.848
16.93 2.09 24.0:0.543 0.983 1.856
8.64 19.85 3.0:4.677 0.292 1.045,3.476 0.503 2.892
18.43 29.93 23.0:1.373 0.757 1.775,5.187 0.849 1.718
3.94 10.77 3.0:0.373 0.658 4.48
14.78 7.61 26.0:0.705 0.825 2.621
2.41 25.06 24.0:3.598 1.348 1.158
18.41 11.88 16.0:0.415 0.768 1.148
14.91 17.24 21.0:5.093 0.685 2.719,2.811 0.235 1.627
7.14 0.48 6.0:5.874 0.155 1.146,3.175 0.396 1.684
13.44 24.76 17.0:0.407 1.031 1.073
17.54 29.43 27.0:2.026 0.426 2.97
16.71 9.5 27.0:1.363 1.055 1.401,4.922 0.607 1.814
12.38 26.66 1.0:1.649 1.275 1.577,3.961 0.535 1.032
25.69 6.34 6.0:0.471 0.527 1.179
11.62 24.0 27.0:4.131 0.72 4.563
10.24 3.02 23.0:4.035 0.954 4.531
3.54 26.16 18.0:5.629 0.52 1.1
17.86 19.36 13.0:4.786 0.924 1.511,2.337 1.26 1.558
3.77 7.84 1.0:4.918 0.454 3.104,2.468 0.338 1.449
14.2 19.64 13.0:3.375 1.642 2.821
15.88 5.54 21.0:1.182 1.701 2.87
1.32 19.32 23.0:5.413 0.783 1.2,2.878 1.657 1.503
20.5 25.33 16.0:3.852 0.172 1.046
16.76 19.84 8.0:3.48 0.87 1.433,5.44 0.424 1.108
27.5 17.66 24.0:5.163 0.285 1.142
19.41 20.67 15.0:2.537 1.923 1.392
20.49 14.03 24.0:5.119 1.1 1.841
20.9 7.67 8.0:4.057 0.564 4.48
2.75 25.4 5.0:4.429 0.209 1.264,2.274 0.262 1.36
16.1 19.74 3.0:6.254 0.677 1.167
0.43 1.12 9.0:1.083 0.885 1.078
13.57 9.41 11.0:3.059 0.599 1.347
0.3 9.16 7.0:4.034 0.221 2.411
0.45 23.35 10.0:4.953 1.171 1.793,2.036 1.127 1.014
22.69 23.13 13.0:1.401 0.451 1.155
19.12 20.2 13.0:4.591 1.135 1.601
7.0 21.44 8.0:4.875 0.315 1.953,1.365 0.436 1.265
28.88 0.86 24.0:5.878 0.158 2.981
19.6 2.11 14.0:5.442 1.677 2.051
22.78 15.42 27.0:0.236 0.213 1.474
13.51 8.05 1.0:5.042 1.03 2.413,3.378 0.322 2.08
0.51 11.06 5.0:2.907 0.489 3.492
4.31 23.12 20.0:5.308 1.586 1.392
19.68 25.62 5.0:3.6 0.746 1.266
16.32 3.73 3.0:3.528 0.241 1.609
7.14 25.9 13.0:3.638 1.858 3.892
1.04 13.47 6.0:2.78 1.965 2.051
17.46 2.56 28.0:3.287 0.209 1.15,3.654 0.146 1.401
23.49 17.75 5.0:6.143 1.173 1.13
11.96 15.15 17.0:4.072 1.374 2.179
22.85 14.85 2.0:4.157 1.426 2.103
28.47 6.08 23.0:4.432 0.79 2.182
6.52 19.42 17.0:1.159 1.698 1.345
26.85 25.82 6.0:4.994 1.652 2.853
21.48 10.3 21.0:1.992 1.453 1.355
29.08 2.62 18.0:4.36 0.624 2.84
22.54 18.26 14.0:4.396 0.305 1.335
4.46 7.85 7.0:2.669 0.422 1.091
21.61 23.16 4.0:1.684 0.555 2.176
6.82 21.1 13.0:4.887 1.43 1.083
6.48 2.46 25.0:5.292 0.155 2.133
26.7 3.44 27.0:0.384 0.232 1.015,2.486 0.708 1.766
7.03 28.12 1.0:0.281 1.187 1.133
20.3 3.86 2.0:3.917 0.127 1.766,0.789 0.502 4.101
17.02 12.33 17.0:5.267 1.232 1.077
0.2 24.8 3.0:2.104 0.158 1.793,0.343 0.284 2.296
13.97 18.49 4.0:1.603 0.537 1.375
1.88 3.33 13.0:1.524 1.576 1.42
14.25 23.83 1.0:3.246 0.736 1.806
27.22 11.98 16.0:1.24 1.968 1.003
22.05 7.74 10.0:0.691 0.656 1.5,5.639 0.278 1.324
3.08 21.03 13.0:2.791 0.442 2.242
12.66 26.02 3.0:1.392 0.655 1.219
3.69 14.33 21.0:4.065 0.163 1.041
26.93 13.06 24.0:6.136 0.613 1.652
1.57 19.84 19.0:1.798 1.554 1.977,5.297 0.172 1.01
19.01 14.36 13.0:3.229 0.685 4.081
14.24 18.8 19.0:4.008 0.203 2.597
20.49 13.59 8.0:1.772 0.313 3.343,4.599 0.802 2.333
3.3 17.86 1.0:3.892 1.786 1.042
28.72 20.92 29.0:3.762 0.8 1.273
7.49 6.59 24.0:6.228 0.522 1.441
12.19 16.11 1.0:1.454 0.518 2.007,5.217 0.165 4.24
17.52 0.97 10.0:4.542 1.804 3.448
10.35 6.18 11.0:6.015 1.425 1.122
13.61 21.12 17.0:2.219 1.095 3.519
0.26 14.37 13.0:2.621 1.251 2.025
12.58 26.64 16.0:1.356 0.345 1.7
21.57 24.07 2.0:1.308 1.615 5.025
14.5 0.3 22.0:4.937 0.348 2.514
25.6 22.91 2.0:5.5 0.544 1.504
10.92 4.13 8.0:0.011 0.791 2.071
26.65 20.04 28.0:4.291 0.305 1.173,1.582 0.684 2.844
18.63 4.3 24.0:3.733 0.882 1.001,1.981 0.306 3.438
7.29 16.28 12.0:0.452 1.797 1.156
4.34 9.51 5.0:0.36 0.687 2.638