100 1
18.190 6.320 0
2.380 18.260 0
15.52 28.03 7.0:3.809 0.418 1.293
9.0 28.01 5.0:1.153 0.179 1.464
16.93 2.09 24.0:2.543 0.459 1.947
8.64 19.85 3.0:2.154 1.425 2.561,5.272 0.638 3.135
18.43 29.93 23.0:5.26 0.731 1.684,3.259 0.209 1.925
3.94 10.77 3.0:6.193 0.93 1.104
14.78 7.61 26.0:1.411 1.401 2.331
2.41 25.06 24.0:0.085 1.05 1.526
18.41 11.88 16.0:4.754 0.228 1.314,2.759 1.049 3.302
14.91 17.24 21.0:3.966 0.405 4.856
7.14 0.48 6.0:4.429 0.611 3.105
13.44 24.76 17.0:1.534 0.853 2.718
17.54 29.43 27.0:0.492 1.886 2.373
16.71 9.5 27.0:5.284 0.335 1.605,2.855 0.582 2.887
12.38 26.66 1.0:0.713 0.182 1.131,1.554 0.287 1.785
25.69 6.34 6.0:4.642 1.258 5.338
11.62 24.0 27.0:6.201 1.79 1.201
10.24 3.02 23.0:3.964 1.463 1.582
3.54 26.16 18.0:3.011 1.643 1.13
17.86 19.36 13.0:5.753 0.97 1.777
3.77 7.84 1.0:2.262 0.697 3.46,4.018 0.63 1.053
14.2 19.64 13.0:4.448 1.138 1.788,2.743 0.165 2.209
15.88 5.54 21.0:4.733 1.789 2.285
1.32 19.32 23.0:1.586 0.374 2.575
20.5 25.33 16.0:1.443 0.675 1.852,3.202 0.21 1.837
16.76 19.84 8.0:5.008 1.028 1.004
27.5 17.66 24.0:1.652 0.226 1.33,4.393 1.819 1.247
19.41 20.67 15.0:1.629 0.87 1.161,3.333 0.181 1.267
20.49 14.03 24.0:5.2 0.772 1.504
20.9 7.67 8.0:5.278 0.224 1.324,2.008 1.272 3.419
2.75 25.4 5.0:2.811 0.224 1.122,3.768 0.513 1.38
16.1 19.74 3.0:0.839 0.15 1.188
0.43 1.12 9.0:2.665 0.237 1.856
13.57 9.41 11.0:2.376 0.568 1.52,4.569 1.471 3.02
0.3 9.16 7.0:1.604 0.218 3.324,3.84 0.731 1.114
0.45 23.35 10.0:0.149 0.234 1.857
22.69 23.13 13.0:5.041 2.0 1.136
19.12 20.2 13.0:4.967 0.567 2.042
7.0 21.44 8.0:1.801 0.153 1.976
28.88 0.86 24.0:3.751 0.395 2.185
19.6 2.11 14.0:2.889 1.045 2.702
22.78 15.42 27.0:2.835 0.855 1.197
13.51 8.05 1.0:0.041 0.27 1.616
0.51 11.06 5.0:1.47 1.587 2.087
4.31 23.12 20.0:0.11 0.237 2.047
19.68 25.62 5.0:2.498 1.258 1.267
16.32 3.73 3.0:1.46 1.847 1.344
7.14 25.9 13.0:3.4 0.485 1.149,4.413 0.342 1.508
1.04 13.47 6.0:4.146 1.382 1.475
17.46 2.56 28.0:5.985 1.737 1.325
23.49 17.75 5.0:1.406 0.424 1.536
11.96 15.15 17.0:4.862 0.837 1.385
22.85 14.85 2.0:4.751 0.355 1.283
28.47 6.08 23.0:1.084 0.934 1.09
6.52 19.42 17.0:2.192 0.236 1.408
26.85 25.82 6.0:3.629 0.344 1.263,1.289 0.603 4.608
21.48 10.3 21.0:4.788 0.674 1.487,1.851 0.173 1.181
29.08 2.62 18.0:1.289 1.968 1.798
22.54 18.26 14.0:1.665 0.971 2.192
4.46 7.85 7.0:4.374 0.137 1.171,2.443 0.139 1.788
21.61 23.16 4.0:4.013 1.445 1.987
6.82 21.1 13.0:0.668 1.357 1.433
6.48 2.46 25.0:5.773 0.36 1.073
26.7 3.44 27.0:0.667 1.902 1.056
7.03 28.12 1.0:4.82 1.442 5.607,2.212 0.765 2.666
20.3 3.86 2.0:3.328 0.22 2.02
17.02 12.33 17.0:5.344 0.963 1.101
0.2 24.8 3.0:4.608 0.969 1.86
13.97 18.49 4.0:4.209 1.397 1.475
1.88 3.33 13.0:1.318 0.828 1.394
14.25 23.83 1.0:5.531 1.975 3.792
27.22 11.98 16.0:4.253 0.333 2.566,1.893 0.73 3.382
22.05 7.74 10.0:1.523 0.659 1.092
3.08 21.03 13.0:4.425 0.861 1.871,2.739 0.674 1.619
12.66 26.02 3.0:4.434 0.519 2.019
3.69 14.33 21.0:2.706 0.57 1.277
26.93 13.06 24.0:1.926 0.609 1.179
1.57 19.84 19.0:4.375 0.903 1.809,1.945 0.924 1.094
19.01 14.36 13.0:2.418 0.453 1.299
14.24 18.8 19.0:4.53 0.25 2.68,0.885 0.818 1.002
20.49 13.59 8.0:4.924 1.338 2.093
3.3 17.86 1.0:2.15 0.451 1.149
28.72 20.92 29.0:3.276 1.268 1.067
7.49 6.59 24.0:1.696 1.655 1.163
12.19 16.11 1.0:1.873 0.135 1.168,2.454 0.443 1.053
17.52 0.97 10.0:1.717 1.145 2.142
10.35 6.18 11.0:0.669 0.496 1.62
13.61 21.12 17.0:4.846 1.048 1.885
0.26 14.37 13.0:5.168 0.903 1.411
12.58 26.64 16.0:4.459 1.35 1.126,2.537 0.195 4.246
21.57 24.07 2.0:3.602 0.855 1.48
14.5 0.3 22.0:0.034 0.573 3.139
25.6 22.91 2.0:4.989 1.156 1.919,1.908 0.151 1.505
10.92 4.13 8.0:4.569 1.93 2.015
26.65 20.04 28.0:5.002 0.606 2.752,2.232 1.613 1.902
18.63 4.3 24.0:4.883 0.47 1.67
7.29 16.28 12.0:0.912 0.839 2.247,2.588 0.2 1.259
4.34 9.51 5.0:4.476 1.665 1.788