100 1
18.190 6.320 0
2.380 18.260 0
15.52 28.03 7.0:2.497 1.932 2.518
9.0 28.01 5.0:4.689 0.662 1.534,1.578 1.299 1.512
16.93 2.09 24.0:1.838 1.83 2.447
8.64 19.85 3.0:3.563 0.228 2.342
18.43 29.93 23.0:1.018 1.347 1.378
3.94 10.77 3.0:4.163 0.143 2.301,1.798 1.15 4.192
14.78 7.61 26.0:5.101 1.296 1.071
2.41 25.06 24.0:2.694 1.939 1.301
18.41 11.88 16.0:4.757 0.174 3.675
14.91 17.24 21.0:3.16 1.13 1.946
7.14 0.48 6.0:5.059 1.227 1.072
13.44 24.76 17.0:1.499 0.227 1.196,0.759 0.158 1.622
17.54 29.43 27.0:3.27 1.156 1.691
16.71 9.5 27.0:5.585 0.66 1.6,3.466 0.391 2.068
12.38 26.66 1.0:5.049 1.325 1.078
25.69 6.34 6.0:5.364 0.174 1.801,2.597 0.157 2.597
11.62 24.0 27.0:4.456 1.179 2.201
10.24 3.02 23.0:4.593 0.198 1.195,2.036 0.235 1.681
3.54 26.16 18.0:6.204 0.466 3.588
17.86 19.36 13.0:5.313 0.261 2.118,4.368 0.44 1.406
3.77 7.84 1.0:6.136 0.905 1.126
14.2 19.64 13.0:4.526 0.764 3.354
15.88 5.54 21.0:3.936 1.35 1.278
1.32 19.32 23.0:0.653 0.697 1.663
20.5 25.33 16.0:1.686 1.955 1.009
16.76 19.84 8.0:5.611 1.218 2.542
27.5 17.66 24.0:4.181 0.31 1.293,3.154 0.481 1.227
19.41 20.67 15.0:5.752 0.141 1.038,1.896 0.644 1.363
20.49 14.03 24.0:4.456 0.251 1.135
20.9 7.67 8.0:4.547 0.6 2.11
2.75 25.4 5.0:5.489 0.686 4.021,0.383 0.342 1.174
16.1 19.74 3.0:1.075 1.067 2.186
0.43 1.12 9.0:0.176 0.757 3.207
13.57 9.41 11.0:2.438 0.733 1.132,3.781 0.192 1.969
0.3 9.16 7.0:5.672 0.232 2.434,3.996 0.662 2.799
0.45 23.35 10.0:0.809 0.513 4.298
22.69 23.13 13.0:1.468 1.134 2.796
19.12 20.2 13.0:5.699 0.461 1.242,4.722 0.205 2.061
7.0 21.44 8.0:5.905 0.139 1.124
28.88 0.86 24.0:1.089 0.306 1.647,3.872 0.634 1.803
19.6 2.11 14.0:2.956 0.866 1.738
22.78 15.42 27.0:5.557 1.175 1.093
13.51 8.05 1.0:0.371 0.48 1.851
0.51 11.06 5.0:2.698 0.216 2.298
4.31 23.12 20.0:0.053 0.883 1.788
19.68 25.62 5.0:4.98 0.19 3.329,2.297 0.937 3.291
16.32 3.73 3.0:2.635 0.149 1.217
7.14 25.9 13.0:2.693 1.804 3.059
1.04 13.47 6.0:5.316 0.309 1.688,4.13 0.143 1.501
17.46 2.56 28.0:1.055 1.12 4.93
23.49 17.75 5.0:0.121 0.698 2.097
11.96 15.15 17.0:2.229 1.595 2.001
22.85 14.85 2.0:0.784 1.557 1.43
28.47 6.08 23.0:2.134 1.509 2.073
6.52 19.42 17.0:0.924 0.312 1.297,3.611 0.853 1.055
26.85 25.82 6.0:2.737 0.655 1.289
21.48 10.3 21.0:2.704 0.648 1.336
29.08 2.62 18.0:2.278 1.192 1.216
22.54 18.26 14.0:3.692 0.277 1.046
4.46 7.85 7.0:3.891 0.763 1.82,1.651 0.235 2.181
21.61 23.16 4.0:0.128 0.328 1.019
6.82 21.1 13.0:3.707 0.305 3.247
6.48 2.46 25.0:0.954 1.421 2.793
26.7 3.44 27.0:2.529 0.155 1.39,4.806 0.685 1.61
7.03 28.12 1.0:2.782 1.706 2.896
20.3 3.86 2.0:4.292 0.138 2.096,2.178 1.379 3.673
17.02 12.33 17.0:6.125 1.214 1.003
0.2 24.8 3.0:4.502 1.186 1.125
13.97 18.49 4.0:0.564 1.79 2.362
1.88 3.33 13.0:4.757 0.34 1.267
14.25 23.83 1.0:3.279 1.149 1.194
27.22 11.98 16.0:5.122 0.619 2.659
22.05 7.74 10.0:4.679 0.659 1.929
3.08 21.03 13.0:5.475 1.704 1.533
12.66 26.02 3.0:3.802 0.695 1.82
3.69 14.33 21.0:1.39 1.305 2.454
26.93 13.06 24.0:0.607 0.656 2.132
1.57 19.84 19.0:1.82 0.719 2.478
19.01 14.36 13.0:0.185 1.761 2.211
14.24 18.8 19.0:3.775 1.64 3.75
20.49 13.59 8.0:0.116 1.024 1.63
3.3 17.86 1.0:2.487 1.329 2.006,4.967 0.277 1.016
28.72 20.92 29.0:5.402 0.436 2.16,2.96 1.113 1.319
7.49 6.59 24.0:6.089 1.765 1.18
12.19 16.11 1.0:4.062 0.83 1.801,1.537 1.023 1.443
17.52 0.97 10.0:3.233 1.687 1.087
10.35 6.18 11.0:4.765 1.688 1.411
13.61 21.12 17.0:6.125 0.457 1.881
0.26 14.37 13.0:5.703 1.536 1.875
12.58 26.64 16.0:3.75 0.33 1.144
21.57 24.07 2.0:2.127 1.717 1.04
14.5 0.3 22.0:3.109 0.938 3.411
25.6 22.91 2.0:2.622 0.147 4.07
10.92 4.13 8.0:3.061 1.639 1.645
26.65 20.04 28.0:3.188 1.298 1.812,0.664 0.446 1.471
18.63 4.3 24.0:2.077 0.854 3.424
7.29 16.28 12.0:1.873 0.761 1.012,4.015 0.256 5.026
4.34 9.51 5.0:4.271 1.816 1.495,0.437 0.313 2.328