100 1
18.190 6.320 0
2.380 18.260 0
15.52 28.03 7.0:0.706 0.528 2.815,4.352 0.497 2.638
9.0 28.01 5.0:0.151 0.733 2.678
16.93 2.09 24.0:4.724 1.504 7.291,1.424 0.461 1.079
8.64 19.85 3.0:1.384 1.303 2.358
18.43 29.93 23.0:2.617 1.433 1.849
3.94 10.77 3.0:1.658 0.154 1.536,5.277 0.346 1.148,2.735 0.844 1.168
14.78 7.61 26.0:0.628 0.158 4.242,3.648 1.317 3.483
2.41 25.06 24.0:4.967 1.587 1.768
18.41 11.88 16.0:3.115 1.979 1.552
14.91 17.24 21.0:3.844 0.281 1.619
7.14 0.48 6.0:3.982 0.381 1.96
13.44 24.76 17.0:0.972 0.933 6.08,3.612 0.834 2.758
17.54 29.43 27.0:3.966 1.925 1.335,0.813 0.396 3.721
16.71 9.5 27.0:1.577 0.576 1.219
12.38 26.66 1.0:4.42 0.795 3.6
25.69 6.34 6.0:5.764 0.517 1.837,1.062 0.163 1.191
11.62 24.0 27.0:3.184 0.444 1.163,3.851 0.159 1.134
10.24 3.02 23.0:4.213 1.131 1.403
3.54 26.16 18.0:2.266 0.41 2.298
17.86 19.36 13.0:2.925 0.371 1.236
3.77 7.84 1.0:5.489 0.764 1.432
14.2 19.64 13.0:0.025 1.912 1.259
15.88 5.54 21.0:4.014 0.383 2.62,2.743 0.753 1.555
1.32 19.32 23.0:5.916 1.808 1.321
20.5 25.33 16.0:1.216 1.984 1.948
16.76 19.84 8.0:2.191 1.017 1.17,4.529 0.137 1.687
27.5 17.66 24.0:1.673 0.882 1.899
19.41 20.67 15.0:2.907 0.374 1.364
20.49 14.03 24.0:0.035 1.6 1.576
20.9 7.67 8.0:3.291 1.521 2.451
2.75 25.4 5.0:2.6 0.677 1.166
16.1 19.74 3.0:4.172 1.388 1.006
0.43 1.12 9.0:4.304 0.34 1.08,0.932 0.415 1.815
13.57 9.41 11.0:3.37 0.158 4.607
0.3 9.16 7.0:3.309 0.961 4.728,0.544 0.325 1.13
0.45 23.35 10.0:2.037 0.481 1.954
22.69 23.13 13.0:0.775 1.499 1.735
19.12 20.2 13.0:0.844 0.311 1.883,1.578 0.264 1.372
7.0 21.44 8.0:1.809 0.744 1.365,4.443 0.567 2.278
28.88 0.86 24.0:4.82 1.48 2.133
19.6 2.11 14.0:0.078 0.321 1.28
22.78 15.42 27.0:5.51 1.696 2.243
13.51 8.05 1.0:5.529 1.761 1.299
0.51 11.06 5.0:3.42 1.477 1.546
4.31 23.12 20.0:6.183 0.421 1.013
19.68 25.62 5.0:3.654 1.006 1.504
16.32 3.73 3.0:5.413 0.391 1.173,1.879 1.126 1.68
7.14 25.9 13.0:2.988 1.248 4.802,0.693 0.319 3.583
1.04 13.47 6.0:0.104 1.222 2.047
17.46 2.56 28.0:4.397 0.388 1.587
23.49 17.75 5.0:1.249 0.25 1.363,3.655 1.887 2.178
11.96 15.15 17.0:3.425 0.25 2.194
22.85 14.85 2.0:3.729 0.553 2.337
28.47 6.08 23.0:3.608 0.259 2.207
6.52 19.42 17.0:3.033 0.748 1.41
26.85 25.82 6.0:3.326 1.988 3.402,0.682 0.63 1.976
21.48 10.3 21.0:5.48 0.445 1.165,2.043 0.298 1.063
29.08 2.62 18.0:2.487 0.238 3.534,5.028 0.167 1.574
22.54 18.26 14.0:3.891 1.895 2.486
4.46 7.85 7.0:3.586 1.654 3.182
21.61 23.16 4.0:2.777 0.885 1.798
6.82 21.1 13.0:2.802 0.664 1.605
6.48 2.46 25.0:0.8 1.858 1.084
26.7 3.44 27.0:0.277 1.08 1.422
7.03 28.12 1.0:4.05 1.531 1.012
20.3 3.86 2.0:4.832 0.567 1.2
17.02 12.33 17.0:5.554 0.753 2.359
0.2 24.8 3.0:3.32 1.155 1.165
13.97 18.49 4.0:3.431 0.403 2.127
1.88 3.33 13.0:0.774 0.152 2.768
14.25 23.83 1.0:2.399 0.853 1.495
27.22 11.98 16.0:5.413 0.568 1.556
22.05 7.74 10.0:5.869 0.504 1.198
3.08 21.03 13.0:1.582 0.224 1.521,4.726 0.258 1.678
12.66 26.02 3.0:4.554 0.221 2.08
3.69 14.33 21.0:4.328 0.169 1.107,4.887 0.214 1.327,0.44 0.294 1.337
26.93 13.06 24.0:1.207 0.675 1.307,5.5 0.627 1.671
1.57 19.84 19.0:0.998 0.448 1.344
19.01 14.36 13.0:3.335 0.325 1.681,0.525 0.143 1.595
14.24 18.8 19.0:3.9 0.443 1.741
20.49 13.59 8.0:5.475 0.36 1.259,0.724 0.309 1.377
3.3 17.86 1.0:3.801 0.644 1.225
28.72 20.92 29.0:0.92 0.691 1.473
7.49 6.59 24.0:0.701 0.801 2.066
12.19 16.11 1.0:4.125 0.324 1.081,1.531 0.604 1.161
17.52 0.97 10.0:0.47 0.229 1.48,2.609 1.85 2.423
10.35 6.18 11.0:3.978 1.962 1.966
13.61 21.12 17.0:3.774 1.112 3.59
0.26 14.37 13.0:1.701 1.988 2.358
12.58 26.64 16.0:1.994 1.891 1.302
21.57 24.07 2.0:0.523 1.579 1.026
14.5 0.3 22.0:0.407 0.303 1.672,3.39 0.392 1.465
25.6 22.91 2.0:4.278 0.535 1.413
10.92 4.13 8.0:1.914 1.919 1.287
26.65 20.04 28.0:0.153 0.17 1.795
18.63 4.3 24.0:1.666 1.155 1.971,4.724 0.851 3.396
7.29 16.28 12.0:3.452 1.275 3.545
4.34 9.51 5.0:0.368 0.243 1.148,2.939 0.897 1.711