100 1
18.190 6.320 0
2.380 18.260 0
15.52 28.03 7.0:3.285 0.29 2.183,0.892 0.675 3.372
9.0 28.01 5.0:0.563 1.616 1.119
16.93 2.09 24.0:2.919 1.239 1.543,0.324 0.231 1.08
8.64 19.85 3.0:5.334 1.147 2.125
18.43 29.93 23.0:2.429 1.439 1.176,5.909 0.214 1.122,4.999 0.566 3.041
3.94 10.77 3.0:5.181 0.236 1.154,3.834 1.088 3.741
14.78 7.61 26.0:1.344 0.328 2.15,4.441 0.262 1.075
2.41 25.06 24.0:3.605 0.53 1.435
18.41 11.88 16.0:0.137 1.079 1.291
14.91 17.24 21.0:4.053 0.528 3.65,1.17 0.745 1.078
7.14 0.48 6.0:2.974 1.94 4.062
13.44 24.76 17.0:6.013 0.696 1.058
17.54 29.43 27.0:3.321 0.59 1.568
16.71 9.5 27.0:5.5 0.398 3.173
12.38 26.66 1.0:5.748 1.477 1.399
25.69 6.34 6.0:4.776 0.487 1.435
11.62 24.0 27.0:3.318 1.899 2.602
10.24 3.02 23.0:4.121 0.494 1.798
3.54 26.16 18.0:1.551 0.711 1.786,0.684 0.143 1.729
17.86 19.36 13.0:2.874 0.366 3.361
3.77 7.84 1.0:2.452 0.167 1.352,0.338 0.222 2.259
14.2 19.64 13.0:6.099 0.319 1.303
15.88 5.54 21.0:3.177 0.771 1.439,1.95 0.168 1.068,4.786 0.138 1.913
1.32 19.32 23.0:0.06 0.382 1.23
20.5 25.33 16.0:2.494 1.171 3.147
16.76 19.84 8.0:2.604 1.494 1.613
27.5 17.66 24.0:0.575 0.239 1.423,4.895 0.44 1.246
19.41 20.67 15.0:0.352 0.166 1.739,3.172 0.225 3.047
20.49 14.03 24.0:3.318 0.398 2.863
20.9 7.67 8.0:4.392 0.137 1.83
2.75 25.4 5.0:3.214 0.637 2.982
16.1 19.74 3.0:0.26 0.168 1.722
0.43 1.12 9.0:2.202 1.593 1.203
13.57 9.41 11.0:3.795 0.823 2.626
0.3 9.16 7.0:3.957 1.959 1.184
0.45 23.35 10.0:1.027 0.185 1.235
22.69 23.13 13.0:1.781 0.329 2.074
19.12 20.2 13.0:4.687 1.052 1.227
7.0 21.44 8.0:0.57 0.7 1.095
28.88 0.86 24.0:3.478 1.095 1.807
19.6 2.11 14.0:2.589 1.711 1.024
22.78 15.42 27.0:4.827 0.371 1.035
13.51 8.05 1.0:3.082 0.816 3.506
0.51 11.06 5.0:5.745 0.143 1.565
4.31 23.12 20.0:6.199 0.946 1.236
19.68 25.62 5.0:0.753 0.135 1.347,5.393 0.736 2.356,2.606 0.369 1.511
16.32 3.73 3.0:5.406 0.825 1.66,0.604 0.567 2.189
7.14 25.9 13.0:2.05 0.783 1.044,4.321 0.383 1.562
1.04 13.47 6.0:5.592 0.662 1.374
17.46 2.56 28.0:6.269 0.216 1.775
23.49 17.75 5.0:3.509 0.465 2.242
11.96 15.15 17.0:0.293 0.968 1.839
22.85 14.85 2.0:3.514 0.855 2.403
28.47 6.08 23.0:3.037 0.244 2.74
6.52 19.42 17.0:1.064 0.741 2.391,3.121 1.116 2.207
26.85 25.82 6.0:6.149 1.945 1.049
21.48 10.3 21.0:3.501 1.193 1.899
29.08 2.62 18.0:5.134 0.166 1.51,3.846 0.961 2.024
22.54 18.26 14.0:4.884 1.852 1.426
4.46 7.85 7.0:0.277 0.361 2.112
21.61 23.16 4.0:0.156 0.363 1.875
6.82 21.1 13.0:0.879 0.293 3.966
6.48 2.46 25.0:6.255 0.701 1.992
26.7 3.44 27.0:4.068 1.296 1.046
7.03 28.12 1.0:4.44 1.895 2.208
20.3 3.86 2.0:0.369 0.319 1.492,2.637 0.246 3.086
17.02 12.33 17.0:1.33 1.196 2.418
0.2 24.8 3.0:5.233 1.864 1.232
13.97 18.49 4.0:3.847 1.178 2.966
1.88 3.33 13.0:5.403 0.752 1.482
14.25 23.83 1.0:0.422 0.507 1.856
27.22 11.98 16.0:3.922 1.189 1.092,2.149 0.418 2.398
22.05 7.74 10.0:1.101 0.272 4.337
3.08 21.03 13.0:3.276 0.623 1.701,5.072 0.296 2.046
12.66 26.02 3.0:1.266 1.008 1.114
3.69 14.33 21.0:2.394 0.242 1.228
26.93 13.06 24.0:4.88 1.97 2.564
1.57 19.84 19.0:3.464 0.364 1.142
19.01 14.36 13.0:0.244 1.095 2.632
14.24 18.8 19.0:4.389 1.023 2.888
20.49 13.59 8.0:3.452 0.686 1.033
3.3 17.86 1.0:6.069 0.515 1.976
28.72 20.92 29.0:2.809 0.477 2.309
7.49 6.59 24.0:3.403 1.574 1.921
12.19 16.11 1.0:2.719 0.749 2.502
17.52 0.97 10.0:1.999 1.257 4.11
10.35 6.18 11.0:0.177 0.169 2.048
13.61 21.12 17.0:1.724 1.535 1.331,4.759 0.26 2.813
0.26 14.37 13.0:2.796 1.485 1.331
12.58 26.64 16.0:1.329 0.906 1.238,4.394 0.47 1.833
21.57 24.07 2.0:3.64 1.399 1.233,5.953 0.281 1.305
14.5 0.3 22.0:2.338 1.019 2.422,0.906 0.202 1.857
25.6 22.91 2.0:1.41 1.004 1.904
10.92 4.13 8.0:1.69 0.692 2.779
26.65 20.04 28.0:5.584 1.066 1.078
18.63 4.3 24.0:1.52 1.068 2.868
7.29 16.28 12.0:4.846 1.881 1.122
4.34 9.51 5.0:3.378 0.248 1.238