100, 1
18.190 6.320 0
2.380 18.260 0
15.52 28.03 7.0:0.025 1.859 2.305
9.0 28.01 5.0:1.104 0.565 1.326
16.93 2.09 24.0:5.162 0.384 1.281
8.64 19.85 3.0:6.124 0.171 1.215
18.43 29.93 23.0:3.039 1.795 2.393
3.94 10.77 3.0:2.072 0.924 3.297,5.405 0.598 1.173
14.78 7.61 26.0:3.209 1.873 1.678,0.966 0.196 1.694
2.41 25.06 24.0:5.86 1.011 2.266
18.41 11.88 16.0:2.035 1.191 1.625,4.212 0.501 2.324
14.91 17.24 21.0:6.158 0.315 1.01
7.14 0.48 6.0:3.238 1.144 1.132
13.44 24.76 17.0:1.881 1.143 2.071
17.54 29.43 27.0:0.527 1.482 1.133
16.71 9.5 27.0:3.008 1.496 2.003
12.38 26.66 1.0:6.255 0.919 2.47
25.69 6.34 6.0:4.504 0.605 1.878
11.62 24.0 27.0:4.549 0.774 2.67,1.231 0.154 1.417
10.24 3.02 23.0:4.682 0.143 1.288
3.54 26.16 18.0:2.631 0.58 1.838,0.327 0.2 1.028
17.86 19.36 13.0:0.209 1.898 1.867
3.77 7.84 1.0:1.224 0.165 1.95
14.2 19.64 13.0:4.456 0.704 1.428
15.88 5.54 21.0:5.883 0.71 1.341
1.32 19.32 23.0:3.935 1.066 3.343,1.966 0.204 2.715
20.5 25.33 16.0:0.204 1.225 1.116
16.76 19.84 8.0:5.012 0.162 2.544,1.248 0.237 1.53
27.5 17.66 24.0:5.217 0.203 1.052
19.41 20.67 15.0:4.492 0.319 1.167,1.358 0.402 2.685
20.49 14.03 24.0:2.453 0.55 1.475
20.9 7.67 8.0:0.508 1.103 1.419
2.75 25.4 5.0:2.51 1.128 1.096
16.1 19.74 3.0:4.015 1.649 1.88
0.43 1.12 9.0:0.837 0.445 1.623,2.925 1.354 1.116
13.57 9.41 11.0:0.658 0.597 1.129,4.728 0.183 1.811
0.3 9.16 7.0:5.709 0.695 1.379
0.45 23.35 10.0:0.266 0.508 4.125
22.69 23.13 13.0:1.83 1.167 1.027,4.102 1.086 1.666
19.12 20.2 13.0:5.086 0.319 3.368
7.0 21.44 8.0:2.106 0.411 3.069,0.902 0.37 2.063
28.88 0.86 24.0:3.587 1.713 1.393
19.6 2.11 14.0:3.72 0.182 1.009
22.78 15.42 27.0:2.249 0.996 1.243
13.51 8.05 1.0:0.609 0.793 1.082
0.51 11.06 5.0:4.013 0.859 1.413
4.31 23.12 20.0:6.158 0.581 1.075
19.68 25.62 5.0:1.263 1.811 2.156
16.32 3.73 3.0:2.581 1.824 1.073
7.14 25.9 13.0:6.047 1.186 1.564
1.04 13.47 6.0:0.584 0.503 1.219
17.46 2.56 28.0:3.131 0.172 1.664
23.49 17.75 5.0:1.456 1.947 1.877
11.96 15.15 17.0:5.092 1.256 2.103
22.85 14.85 2.0:1.832 0.671 1.452
28.47 6.08 23.0:6.065 0.713 1.84
6.52 19.42 17.0:6.095 1.647 1.207
26.85 25.82 6.0:3.546 1.055 1.953
21.48 10.3 21.0:5.366 1.354 2.385
29.08 2.62 18.0:3.041 0.301 1.596
22.54 18.26 14.0:0.762 0.783 1.385
4.46 7.85 7.0:3.746 0.257 1.087,1.811 0.764 1.531,4.507 0.152 1.785
21.61 23.16 4.0:4.202 0.267 1.612
6.82 21.1 13.0:3.022 0.223 2.247
6.48 2.46 25.0:0.71 0.289 5.449
26.7 3.44 27.0:4.984 0.227 4.288,3.651 0.384 1.003
7.03 28.12 1.0:4.372 1.909 5.869
20.3 3.86 2.0:0.676 0.54 2.005,3.7 0.972 1.507
17.02 12.33 17.0:3.513 0.744 1.554
0.2 24.8 3.0:2.278 1.723 5.479,5.902 0.246 2.29
13.97 18.49 4.0:3.68 1.132 1.644,1.481 0.95 1.233
1.88 3.33 13.0:5.89 0.405 2.503
14.25 23.83 1.0:1.267 0.815 1.71,4.584 0.995 2.008
27.22 11.98 16.0:0.25 0.807 1.263
22.05 7.74 10.0:0.454 1.456 1.838
3.08 21.03 13.0:0.618 0.848 1.679
12.66 26.02 3.0:4.647 0.766 1.423
3.69 14.33 21.0:4.35 1.075 1.448
26.93 13.06 24.0:4.7 0.5 1.242
1.57 19.84 19.0:3.836 0.357 1.416,2.141 0.514 2.723
19.01 14.36 13.0:2.794 0.734 1.031
14.24 18.8 19.0:2.796 0.859 1.493
20.49 13.59 8.0:4.508 0.351 1.226
3.3 17.86 1.0:3.701 0.639 1.946
28.72 20.92 29.0:2.161 1.312 1.02
7.49 6.59 24.0:1.6 0.192 2.601
12.19 16.11 1.0:3.016 0.314 1.317
17.52 0.97 10.0:2.145 0.815 1.126,3.684 0.306 1.543,4.549 0.143 1.346
10.35 6.18 11.0:5.453 1.876 2.713
13.61 21.12 17.0:0.357 1.51 2.707
0.26 14.37 13.0:4.184 1.78 1.152
12.58 26.64 16.0:3.376 0.237 1.485
21.57 24.07 2.0:2.375 1.516 1.005,4.993 0.301 1.18
14.5 0.3 22.0:0.447 0.29 2.57
25.6 22.91 2.0:1.323 1.646 1.237
10.92 4.13 8.0:0.698 0.678 1.897,3.052 0.173 1.321
26.65 20.04 28.0:2.746 1.097 2.785
18.63 4.3 24.0:5.827 1.783 1.646
7.29 16.28 12.0:4.19 1.679 1.207
4.34 9.51 5.0:4.279 0.33 3.072