100 1
18.190 6.320 0
2.380 18.260 0
15.52 28.03 7.0:3.27 0.82 2.488,5.203 0.181 1.032
9.0 28.01 5.0:2.209 0.587 4.131,0.962 0.144 1.397
16.93 2.09 24.0:0.975 1.63 1.055
8.64 19.85 3.0:1.884 1.438 1.662
18.43 29.93 23.0:3.153 0.188 1.458
3.94 10.77 3.0:1.653 0.282 1.866
14.78 7.61 26.0:4.986 1.26 1.388
2.41 25.06 24.0:3.87 1.874 1.283,0.915 0.205 3.344
18.41 11.88 16.0:1.873 0.877 1.829,3.817 0.409 3.061
14.91 17.24 21.0:4.219 1.907 2.034
7.14 0.48 6.0:1.08 1.083 4.178
13.44 24.76 17.0:3.429 0.905 2.633
17.54 29.43 27.0:1.049 1.334 1.808
16.71 9.5 27.0:1.151 1.319 2.087
12.38 26.66 1.0:5.138 1.642 1.698
25.69 6.34 6.0:2.348 0.788 2.137,0.903 0.519 4.503
11.62 24.0 27.0:4.051 0.517 1.712
10.24 3.02 23.0:2.551 0.42 1.091
3.54 26.16 18.0:3.948 0.311 1.198
17.86 19.36 13.0:2.462 0.693 1.948
3.77 7.84 1.0:5.689 1.225 1.947
14.2 19.64 13.0:3.962 1.069 3.713
15.88 5.54 21.0:2.337 0.339 2.33
1.32 19.32 23.0:4.985 0.646 2.253
20.5 25.33 16.0:5.382 0.436 1.899
16.76 19.84 8.0:1.363 0.849 2.039
27.5 17.66 24.0:3.41 1.438 5.384
19.41 20.67 15.0:0.94 1.015 3.732
20.49 14.03 24.0:5.009 1.131 2.81,1.234 0.19 1.323
20.9 7.67 8.0:3.28 0.581 2.152
2.75 25.4 5.0:3.645 0.991 1.381
16.1 19.74 3.0:5.638 0.434 1.278,2.806 1.764 1.274
0.43 1.12 9.0:6.13 0.853 3.211
13.57 9.41 11.0:3.473 0.713 2.166,0.989 0.444 1.397
0.3 9.16 7.0:4.586 1.023 1.415,1.943 0.988 1.869
0.45 23.35 10.0:6.073 0.369 1.251
22.69 23.13 13.0:3.506 0.246 1.687
19.12 20.2 13.0:2.854 0.271 1.936
7.0 21.44 8.0:4.115 0.304 2.91
28.88 0.86 24.0:1.909 0.68 2.201
19.6 2.11 14.0:0.301 0.711 2.047
22.78 15.42 27.0:0.004 1.803 5.28
13.51 8.05 1.0:5.346 0.201 2.889,1.874 1.352 1.193
0.51 11.06 5.0:2.247 1.061 1.078
4.31 23.12 20.0:5.481 0.201 1.409
19.68 25.62 5.0:1.097 1.935 2.361
16.32 3.73 3.0:2.948 1.328 2.128
7.14 25.9 13.0:4.989 0.284 1.114,3.773 0.148 3.148
1.04 13.47 6.0:5.93 0.848 1.258
17.46 2.56 28.0:4.091 0.337 1.039
23.49 17.75 5.0:1.253 0.264 8.985
11.96 15.15 17.0:0.784 1.364 1.933
22.85 14.85 2.0:4.426 0.407 2.688,1.78 1.417 4.074
28.47 6.08 23.0:0.266 0.304 1.587
6.52 19.42 17.0:5.623 1.627 1.255
26.85 25.82 6.0:2.315 0.252 1.141,1.059 0.172 1.376
21.48 10.3 21.0:1.154 1.472 1.691
29.08 2.62 18.0:1.424 0.237 1.117,0.251 0.179 1.692
22.54 18.26 14.0:0.429 0.403 4.521,5.929 0.331 2.325
4.46 7.85 7.0:4.021 1.651 3.094
21.61 23.16 4.0:4.062 0.788 1.124,1.103 0.632 1.504
6.82 21.1 13.0:5.001 1.035 1.198
6.48 2.46 25.0:2.887 0.771 1.229
26.7 3.44 27.0:0.879 0.609 4.172
7.03 28.12 1.0:3.785 0.672 2.188
20.3 3.86 2.0:1.608 0.488 1.01
17.02 12.33 17.0:6.029 1.919 2.853
0.2 24.8 3.0:1.891 0.763 1.514
13.97 18.49 4.0:5.982 1.614 1.635
1.88 3.33 13.0:6.116 1.838 1.471
14.25 23.83 1.0:1.753 0.667 2.453
27.22 11.98 16.0:0.317 0.146 3.742,4.365 1.523 1.221
22.05 7.74 10.0:2.866 1.225 1.164
3.08 21.03 13.0:2.484 1.813 2.259,4.673 0.166 1.595
12.66 26.02 3.0:6.221 1.129 1.033
3.69 14.33 21.0:1.823 1.631 1.663
26.93 13.06 24.0:3.232 0.24 3.375,1.164 0.445 1.311
1.57 19.84 19.0:1.628 1.183 1.326,3.773 0.312 3.908
19.01 14.36 13.0:6.272 0.851 1.014
14.24 18.8 19.0:5.791 1.816 1.122
20.49 13.59 8.0:2.179 0.402 1.007
3.3 17.86 1.0:3.006 1.951 1.023
28.72 20.92 29.0:5.663 1.89 1.965
7.49 6.59 24.0:6.219 0.532 2.153
12.19 16.11 1.0:2.353 0.342 1.053,3.96 0.522 2.221
17.52 0.97 10.0:2.467 0.902 2.116
10.35 6.18 11.0:1.21 0.187 1.691
13.61 21.12 17.0:2.775 1.367 2.424
0.26 14.37 13.0:4.074 1.036 2.55,1.541 0.13 1.483
12.58 26.64 16.0:1.982 0.37 1.297
21.57 24.07 2.0:3.042 1.229 1.587
14.5 0.3 22.0:4.886 1.806 1.94
25.6 22.91 2.0:2.84 0.398 1.539
10.92 4.13 8.0:5.789 1.3 1.473
26.65 20.04 28.0:3.077 0.486 1.119,4.559 0.405 2.765,5.975 0.234 3.289
18.63 4.3 24.0:0.346 0.393 1.737
7.29 16.28 12.0:2.61 1.65 1.181
4.34 9.51 5.0:5.662 1.43 1.12