100 1
18.190 6.320 0
2.380 18.260 0
15.52 28.03 7.0:4.457 1.801 1.221
9.0 28.01 5.0:0.883 1.683 1.005
16.93 2.09 24.0:3.569 1.169 2.998
8.64 19.85 3.0:5.822 0.525 2.673
18.43 29.93 23.0:3.223 0.134 2.505,4.895 0.793 1.328
3.94 10.77 3.0:0.333 1.991 1.378
14.78 7.61 26.0:1.078 0.761 3.016,2.695 0.595 2.084
2.41 25.06 24.0:3.882 0.31 2.883,5.177 0.787 1.657
18.41 11.88 16.0:1.598 0.328 3.705
14.91 17.24 21.0:1.759 0.848 5.979
7.14 0.48 6.0:5.345 1.353 2.606
13.44 24.76 17.0:4.089 0.261 3.421,2.5 0.683 1.359
17.54 29.43 27.0:0.518 0.84 2.315
16.71 9.5 27.0:0.924 0.962 2.064
12.38 26.66 1.0:3.934 0.438 1.313,1.865 1.345 1.882
25.69 6.34 6.0:0.067 0.556 1.954
11.62 24.0 27.0:1.196 0.798 1.019,5.028 0.439 2.515
10.24 3.02 23.0:3.013 0.357 1.701
3.54 26.16 18.0:3.08 1.702 1.557
17.86 19.36 13.0:3.826 0.958 4.655
3.77 7.84 1.0:3.176 1.036 1.187
14.2 19.64 13.0:4.024 0.532 1.657
15.88 5.54 21.0:1.881 0.135 7.087,3.316 0.807 1.6
1.32 19.32 23.0:1.7 0.771 2.388
20.5 25.33 16.0:1.913 1.532 1.045
16.76 19.84 8.0:2.388 1.304 1.484
27.5 17.66 24.0:6.001 0.41 1.624
19.41 20.67 15.0:5.896 0.998 2.376
20.49 14.03 24.0:5.425 1.429 1.497
20.9 7.67 8.0:1.214 1.134 1.076,3.009 0.29 2.874
2.75 25.4 5.0:0.712 1.139 1.143
16.1 19.74 3.0:0.835 1.99 1.043
0.43 1.12 9.0:2.206 0.534 1.16
13.57 9.41 11.0:6.047 0.355 1.833
0.3 9.16 7.0:4.35 0.384 2.236
0.45 23.35 10.0:0.569 1.485 3.21
22.69 23.13 13.0:2.409 0.182 1.252,4.475 1.412 1.4
19.12 20.2 13.0:1.031 1.914 1.88
7.0 21.44 8.0:2.095 0.214 4.061
28.88 0.86 24.0:3.409 0.624 1.767
19.6 2.11 14.0:4.04 1.028 1.217
22.78 15.42 27.0:5.249 0.593 1.395,2.113 1.784 1.263
13.51 8.05 1.0:1.262 1.123 1.955
0.51 11.06 5.0:4.321 1.817 1.188
4.31 23.12 20.0:3.691 1.94 1.525
19.68 25.62 5.0:5.722 0.917 1.236
16.32 3.73 3.0:3.954 0.841 1.366
7.14 25.9 13.0:3.415 1.51 1.391
1.04 13.47 6.0:5.15 1.499 2.141
17.46 2.56 28.0:5.23 1.428 1.699
23.49 17.75 5.0:0.454 0.297 1.089
11.96 15.15 17.0:2.856 1.761 4.1
22.85 14.85 2.0:4.447 0.285 1.205,0.482 0.273 3.115
28.47 6.08 23.0:4.582 0.49 1.537
6.52 19.42 17.0:6.195 0.366 2.564
26.85 25.82 6.0:1.917 1.346 1.188
21.48 10.3 21.0:0.986 1.592 1.163
29.08 2.62 18.0:0.64 1.293 1.826
22.54 18.26 14.0:2.41 0.367 1.328
4.46 7.85 7.0:1.348 1.531 3.649
21.61 23.16 4.0:5.435 0.474 1.384,3.335 0.555 2.29
6.82 21.1 13.0:1.546 0.728 2.745
6.48 2.46 25.0:5.711 0.866 1.366
26.7 3.44 27.0:1.319 1.926 1.113
7.03 28.12 1.0:4.91 0.651 2.545,1.264 0.744 1.467,2.655 0.41 1.941
20.3 3.86 2.0:3.43 1.934 1.146
17.02 12.33 17.0:0.29 1.777 1.873
0.2 24.8 3.0:5.302 0.253 1.821,1.569 0.524 2.531
13.97 18.49 4.0:5.023 0.89 1.13
1.88 3.33 13.0:3.523 1.056 1.365
14.25 23.83 1.0:5.567 0.869 1.847
27.22 11.98 16.0:5.437 0.145 1.227,3.766 0.513 2.774,1.363 0.473 1.43
22.05 7.74 10.0:0.232 0.527 3.739
3.08 21.03 13.0:1.839 1.572 1.154,4.982 0.5 1.527
12.66 26.02 3.0:3.754 1.614 2.087
3.69 14.33 21.0:5.599 0.225 1.866
26.93 13.06 24.0:0.561 0.593 2.205
1.57 19.84 19.0:2.292 0.558 1.269
19.01 14.36 13.0:0.584 0.964 1.525
14.24 18.8 19.0:1.869 0.274 1.145
20.49 13.59 8.0:4.66 1.356 2.951
3.3 17.86 1.0:1.19 0.217 6.057
28.72 20.92 29.0:3.88 0.763 1.458
7.49 6.59 24.0:4.17 0.534 1.648
12.19 16.11 1.0:2.348 1.475 2.243
17.52 0.97 10.0:2.683 0.196 1.975
10.35 6.18 11.0:5.226 1.531 1.815
13.61 21.12 17.0:0.183 1.665 1.053
0.26 14.37 13.0:4.347 0.18 1.422,2.085 1.148 2.246
12.58 26.64 16.0:0.846 1.579 1.98
21.57 24.07 2.0:2.388 0.546 2.033
14.5 0.3 22.0:4.211 0.345 1.555,2.524 1.16 1.002
25.6 22.91 2.0:3.168 0.395 1.161
10.92 4.13 8.0:3.89 0.609 2.132,2.277 0.3 1.208
26.65 20.04 28.0:4.11 0.399 1.988,1.774 1.098 1.424
18.63 4.3 24.0:4.161 0.376 1.085
7.29 16.28 12.0:5.905 0.867 1.278
4.34 9.51 5.0:5.093 1.773 2.82