100 1
18.190 6.320 0
2.380 18.260 0
15.52 28.03 7.0:2.116 0.74 2.588
9.0 28.01 5.0:1.83 0.297 2.058
16.93 2.09 24.0:4.287 0.147 2.658
8.64 19.85 3.0:4.96 1.738 1.804
18.43 29.93 23.0:2.106 0.257 1.153
3.94 10.77 3.0:5.489 1.922 2.063
14.78 7.61 26.0:3.587 0.355 1.897
2.41 25.06 24.0:4.199 0.773 1.93
18.41 11.88 16.0:0.609 0.239 1.358
14.91 17.24 21.0:3.166 0.318 4.964,1.925 0.192 1.358
7.14 0.48 6.0:4.013 0.859 1.413
13.44 24.76 17.0:6.158 0.628 1.285
17.54 29.43 27.0:0.457 1.457 3.953
16.71 9.5 27.0:1.263 0.265 1.162
12.38 26.66 1.0:4.305 1.271 1.913
25.69 6.34 6.0:2.581 1.899 1.24
11.62 24.0 27.0:0.584 0.503 1.219
10.24 3.02 23.0:3.131 0.172 1.664
3.54 26.16 18.0:1.456 1.947 1.877
17.86 19.36 13.0:5.092 1.256 2.103
3.77 7.84 1.0:1.832 1.942 1.255
14.2 19.64 13.0:2.746 0.395 1.227,0.567 0.55 1.534
15.88 5.54 21.0:6.065 0.919 1.186
1.32 19.32 23.0:5.488 1.351 1.188
20.5 25.33 16.0:1.173 0.911 2.924,5.126 1.055 1.552
16.76 19.84 8.0:2.97 1.875 1.201
27.5 17.66 24.0:0.762 0.482 1.34,3.135 0.977 2.263
19.41 20.67 15.0:0.899 0.152 1.531,3.071 0.196 1.785
20.49 14.03 24.0:4.202 1.097 1.466,5.953 0.267 2.398
20.9 7.67 8.0:2.876 0.75 1.12
2.75 25.4 5.0:1.084 0.845 2.066
16.1 19.74 3.0:4.984 0.946 1.595
0.43 1.12 9.0:0.722 1.355 1.003
13.57 9.41 11.0:4.372 1.035 1.114
0.3 9.16 7.0:3.731 1.059 1.507
0.45 23.35 10.0:3.513 0.651 3.802
22.69 23.13 13.0:0.837 1.977 2.29
19.12 20.2 13.0:3.68 1.132 1.644,1.481 0.95 1.233
7.0 21.44 8.0:5.89 0.457 1.18
28.88 0.86 24.0:4.885 1.351 2.308,1.723 0.324 1.724
19.6 2.11 14.0:3.798 0.158 1.716
22.78 15.42 27.0:1.452 1.133 1.586
13.51 8.05 1.0:0.454 1.456 1.838
0.51 11.06 5.0:0.618 0.848 1.679
4.31 23.12 20.0:4.647 0.376 1.673
19.68 25.62 5.0:6.137 0.52 1.086
16.32 3.73 3.0:4.35 1.322 1.375,2.27 0.5 3.501
7.14 25.9 13.0:3.836 0.712 1.417,2.141 0.357 1.897
1.04 13.47 6.0:2.138 1.047 1.316,5.162 0.685 1.535
17.46 2.56 28.0:2.966 1.407 1.521
23.49 17.75 5.0:2.796 0.957 2.264
11.96 15.15 17.0:1.404 0.324 1.889,2.575 0.744 3.938
22.85 14.85 2.0:2.124 1.396 3.686
28.47 6.08 23.0:3.678 0.391 1.458,5.822 0.192 1.08
6.52 19.42 17.0:3.016 1.999 1.215
26.85 25.82 6.0:2.717 0.699 1.883
21.48 10.3 21.0:3.24 0.23 3.024,1.174 0.64 2.253
29.08 2.62 18.0:2.496 0.627 1.056,5.151 0.172 1.038
22.54 18.26 14.0:5.166 0.155 1.648
4.46 7.85 7.0:4.184 0.254 1.678
21.61 23.16 4.0:0.784 1.173 1.093
6.82 21.1 13.0:2.375 1.516 1.005,4.993 0.301 1.18
6.48 2.46 25.0:0.447 1.432 1.791
26.7 3.44 27.0:5.486 0.335 1.118,2.768 0.896 1.665,4.745 0.402 1.581
7.03 28.12 1.0:0.366 0.418 1.355
20.3 3.86 2.0:2.253 1.798 1.428,5.229 0.846 1.646
17.02 12.33 17.0:4.19 1.679 1.207
0.2 24.8 3.0:4.279 0.782 3.196,1.3 0.217 1.118
13.97 18.49 4.0:4.535 1.351 1.489
1.88 3.33 13.0:2.483 0.369 1.902
14.25 23.83 1.0:1.652 0.361 1.601,5.039 0.367 2.352
27.22 11.98 16.0:3.65 1.993 3.741
22.05 7.74 10.0:0.739 0.39 3.255
3.08 21.03 13.0:4.262 0.377 1.734
12.66 26.02 3.0:4.341 1.33 1.61
3.69 14.33 21.0:3.151 0.441 1.051,5.644 0.137 1.872,0.717 0.521 1.067
26.93 13.06 24.0:5.711 0.761 1.746
1.57 19.84 19.0:1.907 0.923 1.557
19.01 14.36 13.0:2.798 1.022 1.124
14.24 18.8 19.0:2.952 0.584 1.6,6.009 0.266 5.081
20.49 13.59 8.0:2.334 0.735 2.012,4.573 0.561 2.311
3.3 17.86 1.0:1.991 0.357 1.486
28.72 20.92 29.0:0.853 0.335 1.77,3.565 1.101 1.122
7.49 6.59 24.0:1.746 0.17 1.763
12.19 16.11 1.0:1.434 0.347 1.522
17.52 0.97 10.0:5.231 1.288 2.554
10.35 6.18 11.0:4.465 0.533 1.042
13.61 21.12 17.0:1.204 0.302 3.719,5.012 1.213 2.389
0.26 14.37 13.0:0.235 1.309 1.77
12.58 26.64 16.0:1.722 0.186 3.413,0.783 0.577 2.793
21.57 24.07 2.0:2.895 0.888 1.875
14.5 0.3 22.0:1.286 0.905 4.219
25.6 22.91 2.0:4.491 1.67 2.108
10.92 4.13 8.0:4.106 1.087 1.235,0.481 0.476 6.065
26.65 20.04 28.0:3.089 1.482 1.102
18.63 4.3 24.0:1.368 0.16 4.22
7.29 16.28 12.0:2.259 0.539 1.438,3.784 0.163 1.339
4.34 9.51 5.0:0.103 0.249 2.494