100 1
18.190 6.320 0
2.380 18.260 0
15.52 28.03 7.0:0.621 1.43 1.041
9.0 28.01 5.0:4.113 1.072 1.985
16.93 2.09 24.0:4.088 0.443 4.638,2.869 0.455 3.433
8.64 19.85 3.0:0.193 1.481 1.758
18.43 29.93 23.0:2.106 1.801 2.702
3.94 10.77 3.0:2.667 1.256 2.632
14.78 7.61 26.0:4.927 0.83 3.264
2.41 25.06 24.0:0.95 0.897 1.749
18.41 11.88 16.0:2.502 1.053 2.449
14.91 17.24 21.0:0.316 1.45 1.175
7.14 0.48 6.0:1.375 0.552 2.366
13.44 24.76 17.0:3.161 1.437 1.146
17.54 29.43 27.0:4.365 0.518 2.997
16.71 9.5 27.0:0.948 0.738 3.378
12.38 26.66 1.0:4.437 0.411 2.547
25.69 6.34 6.0:2.085 1.04 1.757
11.62 24.0 27.0:2.398 0.981 1.209
10.24 3.02 23.0:4.596 0.452 1.334,1.441 1.22 1.612
3.54 26.16 18.0:4.77 1.845 1.127
17.86 19.36 13.0:4.062 0.186 2.249
3.77 7.84 1.0:2.672 1.83 3.06
14.2 19.64 13.0:4.852 0.853 1.332,1.996 1.582 1.238
15.88 5.54 21.0:5.621 1.402 1.575
1.32 19.32 23.0:2.985 1.263 1.765
20.5 25.33 16.0:2.554 1.145 1.79
16.76 19.84 8.0:1.564 0.989 1.372,4.189 1.121 2.216
27.5 17.66 24.0:5.428 0.491 5.418,3.164 1.079 1.558,1.76 0.158 3.057
19.41 20.67 15.0:5.866 0.156 1.443,4.965 0.407 1.621,3.833 0.222 1.614
20.49 14.03 24.0:1.063 0.218 1.63
20.9 7.67 8.0:2.607 1.639 1.504
2.75 25.4 5.0:3.817 0.269 3.29
16.1 19.74 3.0:5.308 0.321 1.004,3.085 0.293 1.997
0.43 1.12 9.0:5.78 1.861 1.894
13.57 9.41 11.0:4.25 0.146 1.899,5.17 0.237 2.335
0.3 9.16 7.0:6.058 1.369 1.623
0.45 23.35 10.0:0.054 1.302 1.655
22.69 23.13 13.0:0.369 1.522 2.763
19.12 20.2 13.0:5.03 0.133 2.35,1.941 0.302 1.14
7.0 21.44 8.0:0.763 1.929 1.006
28.88 0.86 24.0:0.554 0.681 1.059
19.6 2.11 14.0:1.334 0.56 1.924
22.78 15.42 27.0:5.374 0.151 2.069,3.824 0.138 2.382
13.51 8.05 1.0:0.929 0.473 1.529
0.51 11.06 5.0:5.076 1.409 2.331
4.31 23.12 20.0:3.913 1.713 1.578
19.68 25.62 5.0:2.808 0.708 1.022
16.32 3.73 3.0:3.496 0.322 2.509,5.274 0.405 1.811
7.14 25.9 13.0:1.39 0.559 1.861,4.782 1.496 1.112
1.04 13.47 6.0:4.846 1.77 2.126
17.46 2.56 28.0:1.52 1.036 1.829,3.954 1.077 3.519
23.49 17.75 5.0:1.959 0.205 5.942
11.96 15.15 17.0:1.113 0.892 3.29
22.85 14.85 2.0:1.233 1.104 1.262,4.297 0.867 1.392
28.47 6.08 23.0:5.266 1.979 1.736
6.52 19.42 17.0:3.27 1.763 2.284
26.85 25.82 6.0:0.172 1.011 1.958
21.48 10.3 21.0:3.684 0.598 1.395,0.519 0.498 1.644
29.08 2.62 18.0:1.138 0.453 4.925
22.54 18.26 14.0:1.889 1.613 1.022,5.977 0.161 1.072
4.46 7.85 7.0:2.052 0.845 1.097
21.61 23.16 4.0:4.819 1.236 1.168
6.82 21.1 13.0:4.59 0.939 1.02,1.729 0.987 1.421
6.48 2.46 25.0:5.132 0.985 1.912
26.7 3.44 27.0:1.263 0.277 3.67
7.03 28.12 1.0:0.237 0.64 1.623
20.3 3.86 2.0:1.857 1.081 1.506
17.02 12.33 17.0:0.541 0.454 1.224,1.555 0.246 1.68
0.2 24.8 3.0:5.278 1.892 2.955
13.97 18.49 4.0:1.481 1.278 2.571,3.632 0.619 1.014
1.88 3.33 13.0:1.759 0.236 4.48,5.565 0.55 1.801
14.25 23.83 1.0:4.533 0.984 1.995,5.907 0.216 1.15
27.22 11.98 16.0:3.955 0.486 1.158,1.446 0.149 1.484
22.05 7.74 10.0:6.116 0.687 1.399
3.08 21.03 13.0:3.127 0.344 1.17,1.053 0.22 1.004
12.66 26.02 3.0:3.16 1.936 1.695
3.69 14.33 21.0:5.103 0.302 2.988,3.185 0.195 2.448
26.93 13.06 24.0:0.961 0.582 1.246,2.818 0.768 4.394
1.57 19.84 19.0:5.797 0.733 1.666
19.01 14.36 13.0:1.113 1.209 2.355
14.24 18.8 19.0:5.353 1.885 1.562
20.49 13.59 8.0:3.469 0.271 2.068,5.613 0.394 1.238,0.867 0.267 1.004
3.3 17.86 1.0:4.688 1.51 1.237,0.489 0.318 1.352
28.72 20.92 29.0:3.468 1.559 1.401
7.49 6.59 24.0:3.49 0.282 1.987,6.018 0.164 1.601
12.19 16.11 1.0:1.445 0.378 1.696
17.52 0.97 10.0:4.877 0.955 1.99
10.35 6.18 11.0:5.133 0.194 1.078
13.61 21.12 17.0:4.088 1.206 2.815
0.26 14.37 13.0:2.057 0.316 2.39
12.58 26.64 16.0:2.229 1.215 1.667
21.57 24.07 2.0:3.515 0.979 1.092
14.5 0.3 22.0:4.458 0.684 2.468
25.6 22.91 2.0:4.603 1.915 1.309
10.92 4.13 8.0:5.759 1.773 2.393
26.65 20.04 28.0:5.123 0.15 1.382
18.63 4.3 24.0:0.884 1.731 3.786
7.29 16.28 12.0:1.436 0.969 2.581,3.89 0.944 2.941,5.984 0.172 3.102
4.34 9.51 5.0:5.628 1.155 1.05