100 1
18.190 6.320 0
2.380 18.260 0
15.52 28.03 7.0:3.668 0.721 1.63,4.775 0.351 1.259
9.0 28.01 5.0:5.846 1.521 1.288
16.93 2.09 24.0:0.305 0.508 3.047
8.64 19.85 3.0:5.99 1.409 1.051
18.43 29.93 23.0:4.562 0.481 1.734
3.94 10.77 3.0:1.634 1.606 2.018
14.78 7.61 26.0:4.089 0.716 4.749,1.209 0.596 1.398
2.41 25.06 24.0:0.33 1.698 1.482
18.41 11.88 16.0:0.849 1.312 1.18
14.91 17.24 21.0:4.011 0.332 1.092,5.459 0.271 1.417
7.14 0.48 6.0:4.956 0.994 3.185,2.553 1.17 1.784
13.44 24.76 17.0:5.638 0.334 1.561,2.337 0.55 2.089
17.54 29.43 27.0:0.554 0.137 2.28,2.204 0.693 2.324,5.536 0.239 1.452
16.71 9.5 27.0:3.099 0.271 1.004
12.38 26.66 1.0:5.283 1.061 1.902
25.69 6.34 6.0:4.628 0.641 1.175,3.699 0.194 1.372
11.62 24.0 27.0:3.005 0.131 2.705,4.068 0.729 1.947
10.24 3.02 23.0:3.028 2.009 2.045
3.54 26.16 18.0:1.328 1.49 1.294
17.86 19.36 13.0:0.018 0.313 4.255
3.77 7.84 1.0:5.274 0.51 1.72
14.2 19.64 13.0:0.856 0.945 2.357
15.88 5.54 21.0:4.459 0.454 5.117
1.32 19.32 23.0:1.279 0.26 3.315,4.951 0.888 1.251
20.5 25.33 16.0:6.13 0.87 1.372
16.76 19.84 8.0:0.185 0.373 7.261
27.5 17.66 24.0:4.118 0.978 1.403
19.41 20.67 15.0:5.309 1.846 1.665
20.49 14.03 24.0:4.436 0.679 2.02
20.9 7.67 8.0:4.48 0.14 2.003,0.862 0.176 3.04
2.75 25.4 5.0:1.57 0.405 1.554,4.799 0.577 1.607
16.1 19.74 3.0:6.231 1.438 1.334
0.43 1.12 9.0:0.295 1.433 1.042
13.57 9.41 11.0:5.244 1.53 4.943
0.3 9.16 7.0:4.673 1.023 1.298
0.45 23.35 10.0:4.486 1.753 1.108
22.69 23.13 13.0:1.522 1.45 2.231
19.12 20.2 13.0:2.399 0.879 2.135
7.0 21.44 8.0:6.044 0.941 1.074
28.88 0.86 24.0:2.729 0.676 3.599
19.6 2.11 14.0:1.759 0.668 1.273
22.78 15.42 27.0:2.765 0.628 1.429
13.51 8.05 1.0:1.458 0.386 4.172,3.478 1.499 2.61
0.51 11.06 5.0:1.774 1.769 2.019
4.31 23.12 20.0:2.643 1.875 1.331
19.68 25.62 5.0:4.473 1.479 1.298
16.32 3.73 3.0:5.07 0.68 2.456
7.14 25.9 13.0:5.137 1.233 5.585
1.04 13.47 6.0:5.893 0.921 1.432
17.46 2.56 28.0:2.447 0.895 1.179,4.963 0.67 2.429
23.49 17.75 5.0:2.375 1.765 1.46
11.96 15.15 17.0:0.429 1.126 2.436
22.85 14.85 2.0:2.707 0.67 1.122
28.47 6.08 23.0:2.709 0.279 1.258,4.96 0.303 1.575
6.52 19.42 17.0:4.386 0.276 1.34,2.191 0.664 3.175
26.85 25.82 6.0:6.001 0.615 4.141
21.48 10.3 21.0:0.498 0.638 1.021
29.08 2.62 18.0:1.674 0.598 1.228,4.514 1.232 2.352
22.54 18.26 14.0:4.71 1.356 1.869
4.46 7.85 7.0:4.05 0.263 1.598
21.61 23.16 4.0:1.882 1.261 2.558,5.953 0.15 2.107
6.82 21.1 13.0:1.047 0.564 2.384,2.683 0.316 2.853
6.48 2.46 25.0:6.143 0.922 2.13
26.7 3.44 27.0:1.083 1.57 3.746
7.03 28.12 1.0:5.352 0.216 1.033,2.932 1.258 2.517
20.3 3.86 2.0:5.737 0.451 1.493
17.02 12.33 17.0:1.444 0.336 1.573
0.2 24.8 3.0:4.402 0.869 1.61
13.97 18.49 4.0:3.635 0.217 1.031,0.813 0.152 1.24
1.88 3.33 13.0:1.328 1.214 3.236,3.79 0.575 2.064
14.25 23.83 1.0:0.859 0.618 2.202,3.593 0.767 1.259
27.22 11.98 16.0:4.781 1.899 1.553
22.05 7.74 10.0:4.963 0.57 1.27
3.08 21.03 13.0:5.604 0.602 2.744
12.66 26.02 3.0:3.008 0.606 1.237
3.69 14.33 21.0:4.569 1.161 1.815
26.93 13.06 24.0:4.459 0.761 1.265,1.682 1.229 1.555
1.57 19.84 19.0:0.723 0.392 1.754
19.01 14.36 13.0:0.891 0.183 2.033
14.24 18.8 19.0:6.116 0.61 3.331
20.49 13.59 8.0:0.976 1.327 1.499
3.3 17.86 1.0:1.936 1.46 1.683
28.72 20.92 29.0:5.897 1.002 2.429
7.49 6.59 24.0:1.979 1.697 2.52
12.19 16.11 1.0:5.93 0.589 2.532
17.52 0.97 10.0:3.336 0.129 1.713
10.35 6.18 11.0:1.251 1.289 1.877
13.61 21.12 17.0:0.001 1.386 1.42
0.26 14.37 13.0:1.972 0.635 1.402
12.58 26.64 16.0:0.952 0.368 2.419
21.57 24.07 2.0:0.78 0.248 3.004,4.82 1.092 1.033
14.5 0.3 22.0:1.615 1.147 2.816
25.6 22.91 2.0:4.791 0.75 2.551,2.814 0.416 1.693
10.92 4.13 8.0:5.376 1.684 3.783
26.65 20.04 28.0:0.746 0.562 1.169
18.63 4.3 24.0:1.477 0.629 1.119
7.29 16.28 12.0:2.871 1.36 3.054
4.34 9.51 5.0:1.087 0.219 2.013