100, 1
18.190 6.320 0
2.380 18.260 0
15.52 28.03 7.0:2.319 0.841 1.424
9.0 28.01 5.0:1.33 0.155 2.603,2.261 0.271 1.881
16.93 2.09 24.0:3.113 0.247 1.1
8.64 19.85 3.0:6.21 0.378 1.036
18.43 29.93 23.0:0.575 0.95 1.383
3.94 10.77 3.0:3.331 0.304 1.083
14.78 7.61 26.0:1.573 1.191 2.717
2.41 25.06 24.0:0.952 1.199 1.29
18.41 11.88 16.0:5.598 0.179 2.31,1.735 1.719 1.702
14.91 17.24 21.0:2.286 1.208 4.813
7.14 0.48 6.0:4.015 0.492 1.034
13.44 24.76 17.0:4.952 0.192 2.159,4.462 0.263 1.766
17.54 29.43 27.0:1.201 0.171 1.945
16.71 9.5 27.0:0.337 0.207 1.127,1.342 0.623 3.814,3.158 0.141 1.818
12.38 26.66 1.0:4.313 1.36 3.41
25.69 6.34 6.0:4.792 0.374 3.566,5.977 0.161 1.695
11.62 24.0 27.0:3.683 0.574 3.975,4.85 0.437 1.487,1.567 0.86 1.046
10.24 3.02 23.0:4.288 0.635 1.187,1.863 1.507 7.059
3.54 26.16 18.0:4.928 0.275 1.494,1.948 1.007 2.268
17.86 19.36 13.0:4.067 0.331 3.167
3.77 7.84 1.0:4.518 1.756 1.534
14.2 19.64 13.0:0.245 0.456 1.283
15.88 5.54 21.0:6.109 1.371 1.517
1.32 19.32 23.0:4.628 0.838 1.293,1.902 0.33 1.569
20.5 25.33 16.0:0.518 1.592 3.481
16.76 19.84 8.0:1.339 1.561 1.943
27.5 17.66 24.0:2.498 1.426 1.625
19.41 20.67 15.0:2.92 0.365 1.531
20.49 14.03 24.0:4.922 0.403 7.412
20.9 7.67 8.0:3.102 0.224 1.714
2.75 25.4 5.0:5.66 0.912 1.724
16.1 19.74 3.0:1.577 1.039 3.309,3.754 0.629 2.662
0.43 1.12 9.0:3.398 0.604 3.769,2.545 0.226 1.267
13.57 9.41 11.0:0.96 0.804 1.607
0.3 9.16 7.0:0.465 0.768 1.123
0.45 23.35 10.0:2.413 1.039 1.54
22.69 23.13 13.0:0.733 1.068 1.782
19.12 20.2 13.0:2.125 0.615 3.728,4.087 1.072 1.562
7.0 21.44 8.0:3.18 0.941 1.334
28.88 0.86 24.0:3.264 0.641 3.435,1.42 0.283 1.06
19.6 2.11 14.0:3.795 0.473 1.692,0.653 0.257 2.011
22.78 15.42 27.0:5.21 0.975 2.695
13.51 8.05 1.0:2.858 1.967 2.44
0.51 11.06 5.0:3.394 0.421 1.241,5.055 0.394 1.801
4.31 23.12 20.0:5.978 1.457 1.706
19.68 25.62 5.0:1.776 1.384 1.502
16.32 3.73 3.0:0.533 1.305 3.207
7.14 25.9 13.0:3.498 0.413 1.724,1.901 0.138 1.019
1.04 13.47 6.0:5.644 1.064 1.628
17.46 2.56 28.0:2.606 1.796 1.91
23.49 17.75 5.0:0.012 0.337 2.331
11.96 15.15 17.0:4.924 0.537 1.842,0.554 0.453 1.714
22.85 14.85 2.0:4.914 1.081 4.662,1.175 0.712 2.393
28.47 6.08 23.0:2.727 0.206 1.121,4.479 1.067 1.107
6.52 19.42 17.0:4.189 0.283 2.447
26.85 25.82 6.0:4.716 1.083 2.128,1.96 1.482 2.731
21.48 10.3 21.0:3.102 0.168 1.421
29.08 2.62 18.0:3.393 0.142 2.535,1.477 0.726 1.649
22.54 18.26 14.0:4.385 1.196 1.821
4.46 7.85 7.0:1.144 0.385 1.865
21.61 23.16 4.0:1.65 0.371 1.445
6.82 21.1 13.0:5.683 0.812 2.611
6.48 2.46 25.0:4.202 0.24 1.771
26.7 3.44 27.0:5.256 1.714 3.894
7.03 28.12 1.0:5.482 1.487 4.46
20.3 3.86 2.0:4.214 0.277 1.496
17.02 12.33 17.0:0.65 0.714 2.086
0.2 24.8 3.0:4.583 0.779 1.257,2.784 0.334 1.568
13.97 18.49 4.0:4.896 1.146 2.738,2.644 0.282 2.156
1.88 3.33 13.0:4.958 1.122 1.25,2.259 0.343 1.278
14.25 23.83 1.0:1.662 1.527 2.001
27.22 11.98 16.0:2.639 0.484 3.735
22.05 7.74 10.0:3.144 1.733 1.889
3.08 21.03 13.0:2.005 0.473 3.017
12.66 26.02 3.0:4.805 0.211 6.122
3.69 14.33 21.0:4.349 1.745 1.089
26.93 13.06 24.0:0.199 0.342 1.053
1.57 19.84 19.0:3.206 0.682 1.82,0.521 0.367 1.578
19.01 14.36 13.0:5.262 0.508 1.262
14.24 18.8 19.0:5.907 0.723 1.029
20.49 13.59 8.0:0.499 0.335 1.218,3.491 0.262 2.366
3.3 17.86 1.0:5.963 1.236 2.55
28.72 20.92 29.0:3.459 0.671 1.233
7.49 6.59 24.0:5.873 0.851 1.046
12.19 16.11 1.0:2.403 1.835 2.129
17.52 0.97 10.0:1.732 1.148 2.936,3.803 0.128 1.157
10.35 6.18 11.0:3.219 0.657 3.335
13.61 21.12 17.0:3.317 0.642 1.059
0.26 14.37 13.0:4.197 0.72 1.345
12.58 26.64 16.0:3.894 1.141 1.864
21.57 24.07 2.0:0.172 1.058 1.129
14.5 0.3 22.0:2.475 1.416 2.087,4.582 0.338 1.741
25.6 22.91 2.0:1.12 0.864 1.541,4.514 0.339 2.142
10.92 4.13 8.0:6.244 0.499 4.522
26.65 20.04 28.0:6.21 0.695 1.368
18.63 4.3 24.0:5.733 0.346 5.445
7.29 16.28 12.0:2.523 0.25 1.063
4.34 9.51 5.0:4.995 1.481 2.454