100 1
18.190 6.320 0
2.380 18.260 0
15.52 28.03 7.0:1.656 0.899 1.943
9.0 28.01 5.0:5.334 0.418 1.507
16.93 2.09 24.0:5.778 0.916 1.189
8.64 19.85 3.0:0.087 0.413 2.403
18.43 29.93 23.0:5.66 1.954 1.734
3.94 10.77 3.0:0.68 1.205 1.467
14.78 7.61 26.0:1.738 0.663 1.998,3.297 0.25 1.852
2.41 25.06 24.0:2.438 0.267 3.879
18.41 11.88 16.0:0.814 0.422 1.721,2.658 0.267 1.195
14.91 17.24 21.0:1.901 0.619 1.428
7.14 0.48 6.0:3.786 0.373 1.083,1.819 0.45 1.452
13.44 24.76 17.0:2.215 0.47 3.835
17.54 29.43 27.0:3.867 1.069 1.414
16.71 9.5 27.0:1.962 1.957 1.685
12.38 26.66 1.0:3.075 0.146 2.587
25.69 6.34 6.0:3.474 1.075 1.322
11.62 24.0 27.0:5.02 0.158 1.189,2.306 0.306 1.961
10.24 3.02 23.0:1.865 1.506 1.249
3.54 26.16 18.0:4.671 1.4 2.554
17.86 19.36 13.0:6.005 0.508 1.514
3.77 7.84 1.0:1.138 0.257 1.192,2.376 0.888 1.504
14.2 19.64 13.0:0.003 1.157 1.452
15.88 5.54 21.0:1.619 1.115 1.035
1.32 19.32 23.0:1.589 0.377 1.071
20.5 25.33 16.0:0.771 1.17 1.76
16.76 19.84 8.0:1.726 0.976 1.538,5.112 1.153 1.85
27.5 17.66 24.0:4.811 1.898 1.186
19.41 20.67 15.0:5.135 1.006 1.427,2.884 0.943 1.16
20.49 14.03 24.0:6.073 1.667 2.372
20.9 7.67 8.0:3.454 1.456 2.764
2.75 25.4 5.0:5.294 1.803 3.559
16.1 19.74 3.0:3.597 1.101 1.265
0.43 1.12 9.0:3.604 0.473 1.125
13.57 9.41 11.0:2.316 0.747 1.812
0.3 9.16 7.0:0.929 0.377 1.58,4.575 0.921 2.393
0.45 23.35 10.0:4.936 2.001 2.727
22.69 23.13 13.0:2.297 0.93 1.55
19.12 20.2 13.0:4.289 0.784 1.198
7.0 21.44 8.0:3.428 1.028 2.087
28.88 0.86 24.0:2.611 0.616 2.071
19.6 2.11 14.0:0.446 0.493 1.613
22.78 15.42 27.0:3.37 0.92 2.897
13.51 8.05 1.0:1.402 0.577 1.418,4.635 1.003 1.49
0.51 11.06 5.0:0.268 0.81 2.806
4.31 23.12 20.0:2.941 1.516 3.689
19.68 25.62 5.0:3.62 0.379 1.957
16.32 3.73 3.0:6.156 1.154 2.597
7.14 25.9 13.0:4.769 1.616 2.532
1.04 13.47 6.0:1.124 0.447 2.061
17.46 2.56 28.0:4.018 1.491 1.033
23.49 17.75 5.0:1.177 0.615 2.052,3.023 0.408 4.026
11.96 15.15 17.0:3.049 0.689 1.001
22.85 14.85 2.0:0.479 0.346 5.164,4.788 0.91 2.519
28.47 6.08 23.0:2.221 0.429 2.579
6.52 19.42 17.0:2.148 0.92 1.941
26.85 25.82 6.0:5.926 1.885 1.124
21.48 10.3 21.0:2.289 0.338 1.624
29.08 2.62 18.0:2.277 1.197 2.351,4.834 1.065 1.889
22.54 18.26 14.0:2.283 0.959 1.869
4.46 7.85 7.0:4.502 0.642 4.036
21.61 23.16 4.0:4.153 0.459 1.051
6.82 21.1 13.0:3.213 0.345 1.547,1.118 0.593 1.62
6.48 2.46 25.0:1.584 1.217 3.688
26.7 3.44 27.0:2.629 1.061 2.222
7.03 28.12 1.0:0.783 1.351 1.173
20.3 3.86 2.0:3.195 1.491 1.467
17.02 12.33 17.0:0.965 0.585 2.103,3.55 1.546 1.854
0.2 24.8 3.0:3.345 0.633 2.455
13.97 18.49 4.0:4.352 0.138 1.198,2.153 1.775 1.474
1.88 3.33 13.0:4.911 0.293 2.351,3.855 0.157 1.498
14.25 23.83 1.0:1.575 1.851 5.594
27.22 11.98 16.0:3.273 0.347 5.633
22.05 7.74 10.0:5.541 1.828 2.003
3.08 21.03 13.0:1.547 1.648 1.042
12.66 26.02 3.0:4.45 0.175 2.206,5.486 0.659 1.188
3.69 14.33 21.0:1.404 0.664 2.411,5.792 0.346 2.102
26.93 13.06 24.0:2.787 0.327 1.315
1.57 19.84 19.0:0.288 0.157 1.914,5.759 0.237 1.251
19.01 14.36 13.0:1.929 0.173 1.618
14.24 18.8 19.0:4.15 0.532 1.689,2.408 0.998 1.678
20.49 13.59 8.0:2.881 0.714 1.866
3.3 17.86 1.0:6.039 1.773 1.656
28.72 20.92 29.0:1.497 0.249 4.728,2.045 0.187 4.784,4.91 1.236 1.573
7.49 6.59 24.0:0.266 0.711 2.254
12.19 16.11 1.0:0.601 0.258 1.522
17.52 0.97 10.0:0.222 0.853 3.086
10.35 6.18 11.0:3.541 1.17 1.086
13.61 21.12 17.0:1.14 1.279 1.007
0.26 14.37 13.0:5.004 0.782 1.587,3.015 0.826 5.401
12.58 26.64 16.0:3.638 0.706 2.722,5.159 0.807 2.478
21.57 24.07 2.0:3.736 1.345 1.382
14.5 0.3 22.0:2.979 0.25 1.469
25.6 22.91 2.0:3.542 0.322 2.876,5.311 0.618 1.951
10.92 4.13 8.0:1.66 1.928 2.007
26.65 20.04 28.0:5.986 1.579 1.385
18.63 4.3 24.0:3.392 0.481 1.058
7.29 16.28 12.0:6.185 0.284 2.115
4.34 9.51 5.0:4.565 1.161 1.3