100, 1
18.190 6.320 0
2.380 18.260 0
15.52 28.03 7.0:3.393 1.964 3.643
9.0 28.01 5.0:4.26 0.255 1.151
16.93 2.09 24.0:0.247 0.446 1.186
8.64 19.85 3.0:0.056 0.782 1.01
18.43 29.93 23.0:3.005 0.249 1.862
3.94 10.77 3.0:0.001 1.772 1.001
14.78 7.61 26.0:1.213 0.516 1.65,0.49 0.134 4.558
2.41 25.06 24.0:2.625 1.989 1.782
18.41 11.88 16.0:0.309 0.394 1.057
14.91 17.24 21.0:4.061 0.926 3.436,1.343 0.901 1.683
7.14 0.48 6.0:0.981 0.637 1.542
13.44 24.76 17.0:1.362 1.421 1.093
17.54 29.43 27.0:0.904 0.283 1.518
16.71 9.5 27.0:3.451 1.72 1.354
12.38 26.66 1.0:4.973 1.382 1.245
25.69 6.34 6.0:0.744 0.183 1.094
11.62 24.0 27.0:4.633 0.21 1.07
10.24 3.02 23.0:3.66 0.144 1.141
3.54 26.16 18.0:3.423 1.837 1.428
17.86 19.36 13.0:2.485 1.154 1.177
3.77 7.84 1.0:1.719 0.553 1.446
14.2 19.64 13.0:1.77 0.511 3.815,4.711 0.274 1.873
15.88 5.54 21.0:0.69 1.444 5.093
1.32 19.32 23.0:5.176 0.129 2.509,1.711 0.269 2.638
20.5 25.33 16.0:6.14 1.227 1.256
16.76 19.84 8.0:4.454 1.498 2.731
27.5 17.66 24.0:4.901 1.614 1.724
19.41 20.67 15.0:5.808 1.265 1.546
20.49 14.03 24.0:5.361 1.464 2.084
20.9 7.67 8.0:4.343 0.607 4.191
2.75 25.4 5.0:2.215 0.977 1.754
16.1 19.74 3.0:5.489 0.925 3.05
0.43 1.12 9.0:2.283 0.99 1.432,0.358 0.233 1.409
13.57 9.41 11.0:1.181 0.819 2.722
0.3 9.16 7.0:4.763 0.689 1.946
0.45 23.35 10.0:5.077 0.525 1.12,1.088 0.263 2.076,3.303 0.218 1.823
22.69 23.13 13.0:0.131 1.124 1.051
19.12 20.2 13.0:4.334 0.184 3.96
7.0 21.44 8.0:3.042 0.631 1.186
28.88 0.86 24.0:5.715 1.223 1.02
19.6 2.11 14.0:1.965 1.01 1.678
22.78 15.42 27.0:0.589 1.218 3.263
13.51 8.05 1.0:3.549 1.798 1.112
0.51 11.06 5.0:4.018 1.672 1.622
4.31 23.12 20.0:3.581 1.456 1.01
19.68 25.62 5.0:1.745 1.017 2.16,3.951 0.375 4.6
16.32 3.73 3.0:0.549 1.078 1.172
7.14 25.9 13.0:5.458 1.144 1.885
1.04 13.47 6.0:3.913 0.169 4.996,4.715 0.16 4.995
17.46 2.56 28.0:0.751 0.405 3.077
23.49 17.75 5.0:2.1 0.388 1.053
11.96 15.15 17.0:2.497 1.073 1.531
22.85 14.85 2.0:3.939 0.318 1.898
28.47 6.08 23.0:4.091 0.134 1.425
6.52 19.42 17.0:3.125 0.745 3.532,4.61 0.156 1.695
26.85 25.82 6.0:1.474 0.472 2.645
21.48 10.3 21.0:3.69 1.461 1.048
29.08 2.62 18.0:4.254 1.428 2.775,1.545 0.501 2.538
22.54 18.26 14.0:4.692 0.351 1.011
4.46 7.85 7.0:2.908 0.698 1.41,5.604 0.17 1.509
21.61 23.16 4.0:3.879 1.504 2.674
6.82 21.1 13.0:4.971 0.69 1.408
6.48 2.46 25.0:3.751 1.075 1.781,1.879 0.272 1.174
26.7 3.44 27.0:0.903 1.13 3.057
7.03 28.12 1.0:1.193 1.618 1.962
20.3 3.86 2.0:1.168 0.83 1.693
17.02 12.33 17.0:4.464 1.915 1.752
0.2 24.8 3.0:5.635 1.099 1.006
13.97 18.49 4.0:3.607 1.697 1.389
1.88 3.33 13.0:2.887 0.491 1.589
14.25 23.83 1.0:3.254 0.553 1.303,1.583 0.493 1.192
27.22 11.98 16.0:5.168 1.804 1.635
22.05 7.74 10.0:1.035 0.324 1.94,4.031 1.068 1.172
3.08 21.03 13.0:3.601 0.162 1.127
12.66 26.02 3.0:4.109 0.796 1.954,1.156 0.513 1.297
3.69 14.33 21.0:3.925 0.335 1.036,1.661 0.483 3.574
26.93 13.06 24.0:5.258 0.71 1.866,0.709 0.612 2.566
1.57 19.84 19.0:5.853 0.731 4.632
19.01 14.36 13.0:4.585 0.91 1.213
14.24 18.8 19.0:2.86 0.15 1.835,1.281 0.156 5.795
20.49 13.59 8.0:1.861 1.093 1.461,4.771 0.154 3.704
3.3 17.86 1.0:2.304 0.351 1.224,1.323 0.581 4.662
28.72 20.92 29.0:6.272 1.236 1.771
7.49 6.59 24.0:3.212 0.541 3.711
12.19 16.11 1.0:6.208 1.11 1.931
17.52 0.97 10.0:5.116 0.153 2.001
10.35 6.18 11.0:6.237 1.257 2.516
13.61 21.12 17.0:2.627 1.958 1.877
0.26 14.37 13.0:3.761 1.002 1.248
12.58 26.64 16.0:4.176 0.806 1.334
21.57 24.07 2.0:4.687 0.258 1.319,1.897 1.207 2.083
14.5 0.3 22.0:3.698 1.16 1.15,1.589 0.582 2.252
25.6 22.91 2.0:0.151 0.666 2.523
10.92 4.13 8.0:3.213 1.172 1.033
26.65 20.04 28.0:1.252 1.087 1.242,2.651 0.223 5.91
18.63 4.3 24.0:4.043 1.602 1.326
7.29 16.28 12.0:5.771 1.807 2.374
4.34 9.51 5.0:4.546 0.251 1.872,5.491 0.479 1.055