100, 1
18.190 6.320 0
2.380 18.260 0
15.52 28.03 7.0:2.426 0.448 3.306
9.0 28.01 5.0:1.873 0.152 1.701,3.132 0.818 2.108
16.93 2.09 24.0:5.46 0.943 1.052
8.64 19.85 3.0:5.777 0.466 1.069,3.982 0.203 1.166
18.43 29.93 23.0:4.603 1.529 2.803,0.504 0.311 1.418
3.94 10.77 3.0:1.982 1.29 1.707
14.78 7.61 26.0:2.999 0.138 1.714
2.41 25.06 24.0:1.696 0.446 1.599
18.41 11.88 16.0:0.68 0.517 1.528,5.137 1.01 1.606
14.91 17.24 21.0:0.646 0.344 2.075
7.14 0.48 6.0:0.718 1.05 1.207
13.44 24.76 17.0:5.697 1.882 1.273
17.54 29.43 27.0:5.143 1.534 1.346
16.71 9.5 27.0:2.202 0.512 1.223
12.38 26.66 1.0:2.019 1.045 5.799
25.69 6.34 6.0:1.188 0.624 3.9,4.56 1.168 1.976
11.62 24.0 27.0:1.083 2.008 2.052
10.24 3.02 23.0:3.528 1.38 2.746
3.54 26.16 18.0:0.951 1.574 1.256
17.86 19.36 13.0:3.075 0.144 2.176
3.77 7.84 1.0:1.009 1.272 1.43
14.2 19.64 13.0:3.188 1.729 4.84
15.88 5.54 21.0:1.01 0.861 2.196,3.851 0.273 2.385
1.32 19.32 23.0:5.118 1.159 1.233
20.5 25.33 16.0:4.813 0.561 3.077
16.76 19.84 8.0:2.018 0.258 2.863,4.287 0.518 1.386
27.5 17.66 24.0:0.56 0.913 2.352
19.41 20.67 15.0:3.655 0.186 3.083
20.49 14.03 24.0:4.993 0.565 1.499
20.9 7.67 8.0:0.09 1.837 4.58
2.75 25.4 5.0:4.465 1.518 1.013,2.337 0.23 2.65
16.1 19.74 3.0:4.102 0.845 1.443
0.43 1.12 9.0:6.075 0.254 2.226
13.57 9.41 11.0:5.16 1.109 1.372,2.12 1.095 3.696
0.3 9.16 7.0:3.385 0.618 2.129
0.45 23.35 10.0:5.983 1.378 1.114
22.69 23.13 13.0:2.151 0.15 1.201
19.12 20.2 13.0:5.251 1.174 2.07
7.0 21.44 8.0:4.43 1.087 2.236
28.88 0.86 24.0:1.611 0.207 2.299
19.6 2.11 14.0:5.57 0.253 3.479
22.78 15.42 27.0:0.034 0.187 2.401
13.51 8.05 1.0:4.293 1.836 1.051
0.51 11.06 5.0:5.431 1.412 2.034
4.31 23.12 20.0:5.822 1.459 1.72
19.68 25.62 5.0:0.068 1.645 1.328
16.32 3.73 3.0:0.333 1.735 1.789
7.14 25.9 13.0:6.242 0.475 1.188
1.04 13.47 6.0:3.06 0.6 2.084
17.46 2.56 28.0:3.882 0.31 2.883,5.177 0.787 1.657
23.49 17.75 5.0:1.598 0.328 3.705
11.96 15.15 17.0:1.759 0.598 1.761
22.85 14.85 2.0:1.374 1.99 3.559
28.47 6.08 23.0:5.345 1.126 1.449
6.52 19.42 17.0:5.023 0.15 1.241
26.85 25.82 6.0:4.089 0.683 1.086,0.922 0.456 2.315
21.48 10.3 21.0:0.924 1.105 1.352
29.08 2.62 18.0:4.758 0.956 1.459,1.687 0.134 1.954
22.54 18.26 14.0:1.196 0.23 1.342,5.028 0.798 2.862
4.46 7.85 7.0:0.118 1.402 1.038
21.61 23.16 4.0:3.013 0.767 1.177,1.437 0.52 1.557
6.82 21.1 13.0:3.826 0.809 1.884
6.48 2.46 25.0:3.388 0.796 1.17,6.121 0.154 1.187
26.7 3.44 27.0:4.024 0.636 1.427
7.03 28.12 1.0:3.027 0.499 1.75
20.3 3.86 2.0:3.214 0.696 4.409
17.02 12.33 17.0:3.604 1.499 1.298
0.2 24.8 3.0:6.138 0.43 2.168
13.97 18.49 4.0:4.652 0.582 4.105
1.88 3.33 13.0:1.691 0.316 2.103,4.505 0.72 1.142
14.25 23.83 1.0:5.896 0.998 2.376
27.22 11.98 16.0:5.425 1.429 1.497
22.05 7.74 10.0:1.214 1.134 1.076,3.009 0.29 2.874
3.08 21.03 13.0:0.712 1.998 1.143
12.66 26.02 3.0:2.048 0.53 4.281
3.69 14.33 21.0:4.626 1.19 1.095
26.93 13.06 24.0:5.104 0.133 2.59
1.57 19.84 19.0:2.409 1.412 1.179,4.475 0.349 3.534
19.01 14.36 13.0:6.079 1.254 2.593
14.24 18.8 19.0:3.676 0.503 1.782,1.27 0.214 1.025
20.49 13.59 8.0:2.582 0.337 1.968
3.3 17.86 1.0:5.249 0.507 1.332
28.72 20.92 29.0:2.455 1.784 2.929
7.49 6.59 24.0:2.052 0.323 1.613
12.19 16.11 1.0:4.321 1.817 1.188
17.52 0.97 10.0:3.691 0.622 1.838
10.35 6.18 11.0:3.954 1.853 1.784
13.61 21.12 17.0:5.165 1.453 1.453
0.26 14.37 13.0:5.15 1.631 2.709
12.58 26.64 16.0:5.14 0.333 3.174
21.57 24.07 2.0:4.277 1.537 1.075
14.5 0.3 22.0:4.786 0.198 1.759
25.6 22.91 2.0:2.856 1.761 4.1
10.92 4.13 8.0:4.447 0.273 2.307,0.482 0.304 1.036
26.65 20.04 28.0:4.491 0.634 2.211
18.63 4.3 24.0:6.195 0.366 2.564
7.29 16.28 12.0:1.917 1.033 1.49
4.34 9.51 5.0:4.76 0.832 1.121,3.463 0.288 1.263