100, 1
18.190 6.320 0
2.380 18.260 0
15.52 28.03 7.0:5.666 0.371 2.467
9.0 28.01 5.0:1.477 1.05 2.561
16.93 2.09 24.0:4.901 0.39 1.779
8.64 19.85 3.0:4.897 1.04 3.893
18.43 29.93 23.0:6.212 1.832 1.079
3.94 10.77 3.0:5.394 0.253 1.874,4.311 0.406 2.974
14.78 7.61 26.0:3.277 1.791 1.493
2.41 25.06 24.0:3.591 1.407 2.618,5.982 0.15 1.756
18.41 11.88 16.0:2.705 0.927 2.181
14.91 17.24 21.0:2.275 0.399 2.171,5.406 0.754 2.021
7.14 0.48 6.0:5.215 1.929 2.342
13.44 24.76 17.0:0.098 1.044 1.554
17.54 29.43 27.0:5.958 0.539 3.156
16.71 9.5 27.0:4.122 0.157 1.42
12.38 26.66 1.0:0.782 0.151 2.114,5.375 0.298 1.166
25.69 6.34 6.0:5.043 0.498 1.057,3.154 0.825 1.851
11.62 24.0 27.0:0.164 1.282 1.883
10.24 3.02 23.0:1.75 1.098 1.519
3.54 26.16 18.0:0.664 0.386 1.113,4.227 1.548 1.908
17.86 19.36 13.0:5.001 1.381 1.03
3.77 7.84 1.0:3.858 0.583 1.456
14.2 19.64 13.0:6.156 1.612 1.936
15.88 5.54 21.0:0.574 0.73 6.042
1.32 19.32 23.0:4.725 1.488 3.263
20.5 25.33 16.0:1.745 0.774 2.585
16.76 19.84 8.0:3.222 1.222 1.303
27.5 17.66 24.0:5.361 1.298 1.535
19.41 20.67 15.0:5.534 0.599 1.773
20.49 14.03 24.0:5.538 0.317 2.074
20.9 7.67 8.0:2.828 1.434 1.594
2.75 25.4 5.0:0.279 0.522 2.113
16.1 19.74 3.0:5.145 0.243 1.327,2.451 1.199 2.373
0.43 1.12 9.0:4.815 0.989 1.978
13.57 9.41 11.0:4.017 0.617 1.23
0.3 9.16 7.0:1.066 1.499 1.053
0.45 23.35 10.0:2.5 0.947 1.116
22.69 23.13 13.0:2.495 0.724 2.096,4.369 0.977 1.829
19.12 20.2 13.0:3.58 0.501 2.21
7.0 21.44 8.0:1.046 0.434 1.129,4.254 1.298 2.753
28.88 0.86 24.0:1.933 1.691 1.49
19.6 2.11 14.0:3.694 1.338 2.271
22.78 15.42 27.0:1.357 0.912 1.644
13.51 8.05 1.0:3.505 0.148 2.351
0.51 11.06 5.0:3.847 0.349 1.598
4.31 23.12 20.0:5.31 0.28 1.874
19.68 25.62 5.0:1.147 1.146 5.199
16.32 3.73 3.0:6.074 1.875 1.801
7.14 25.9 13.0:4.305 0.894 3.047,2.734 0.558 1.573
1.04 13.47 6.0:1.333 1.455 1.393
17.46 2.56 28.0:0.493 1.129 1.571
23.49 17.75 5.0:5.153 1.585 1.005
11.96 15.15 17.0:4.078 0.15 1.951
22.85 14.85 2.0:0.965 0.287 1.127
28.47 6.08 23.0:3.645 0.806 1.053,5.725 0.29 2.153
6.52 19.42 17.0:1.376 0.414 1.518
26.85 25.82 6.0:4.324 0.855 1.599,2.054 0.355 4.263
21.48 10.3 21.0:1.544 0.9 4.501
29.08 2.62 18.0:1.314 0.15 2.751,4.272 1.707 2.204
22.54 18.26 14.0:3.539 1.775 1.095
4.46 7.85 7.0:0.149 0.734 2.396
21.61 23.16 4.0:0.169 0.377 2.388
6.82 21.1 13.0:1.627 0.834 1.004
6.48 2.46 25.0:0.826 0.197 1.059
26.7 3.44 27.0:4.916 1.023 1.03
7.03 28.12 1.0:5.387 1.374 1.276
20.3 3.86 2.0:3.846 1.5 2.64,1.584 0.195 3.212
17.02 12.33 17.0:0.726 0.52 3.209
0.2 24.8 3.0:1.431 1.116 4.178
13.97 18.49 4.0:1.135 0.169 4.003
1.88 3.33 13.0:5.152 0.471 1.308
14.25 23.83 1.0:4.108 0.239 3.068
27.22 11.98 16.0:1.969 0.911 4.943
22.05 7.74 10.0:2.909 0.393 1.268
3.08 21.03 13.0:3.105 1.681 2.124,1.149 0.224 1.006
12.66 26.02 3.0:4.139 0.577 1.191
3.69 14.33 21.0:3.014 0.147 1.794
26.93 13.06 24.0:3.647 0.73 3.737,1.16 0.284 3.551
1.57 19.84 19.0:1.175 0.189 1.029,5.297 0.346 4.087
19.01 14.36 13.0:0.093 0.163 1.547
14.24 18.8 19.0:5.96 1.181 1.429
20.49 13.59 8.0:5.936 0.181 1.621,2.07 0.672 1.219
3.3 17.86 1.0:2.478 1.808 1.388,4.998 0.265 1.034
28.72 20.92 29.0:1.299 0.975 1.019,3.918 0.17 1.034
7.49 6.59 24.0:4.032 0.803 1.765
12.19 16.11 1.0:6.189 0.825 1.832
17.52 0.97 10.0:3.878 1.128 2.401
10.35 6.18 11.0:3.347 1.3 1.682
13.61 21.12 17.0:4.525 0.217 2.733
0.26 14.37 13.0:1.043 0.354 1.258,3.436 1.102 1.833
12.58 26.64 16.0:3.883 1.016 3.494
21.57 24.07 2.0:1.389 1.535 2.106
14.5 0.3 22.0:1.058 0.814 1.274,4.582 0.135 3.248
25.6 22.91 2.0:3.222 0.214 1.851
10.92 4.13 8.0:1.762 1.011 1.7,4.909 0.508 1.515
26.65 20.04 28.0:0.125 0.794 1.014
18.63 4.3 24.0:2.205 0.467 1.32
7.29 16.28 12.0:5.426 0.417 1.238,3.482 1.202 2.861
4.34 9.51 5.0:0.891 1.833 1.098