100 1
18.190 6.320 0
2.380 18.260 0
15.52 28.03 7.0:1.61 0.341 1.063,3.798 1.637 1.837
9.0 28.01 5.0:3.76 0.298 1.466
16.93 2.09 24.0:1.492 1.823 1.421
8.64 19.85 3.0:1.826 1.104 2.459
18.43 29.93 23.0:2.564 0.811 1.522
3.94 10.77 3.0:4.25 1.543 2.068
14.78 7.61 26.0:3.399 1.705 1.226
2.41 25.06 24.0:3.601 1.05 1.885
18.41 11.88 16.0:0.015 1.916 1.254
14.91 17.24 21.0:1.221 1.891 1.264
7.14 0.48 6.0:4.012 0.342 1.194
13.44 24.76 17.0:3.889 1.223 1.518
17.54 29.43 27.0:1.906 0.219 2.122,3.108 0.359 1.046
16.71 9.5 27.0:2.091 0.936 1.235
12.38 26.66 1.0:4.115 0.827 1.117,2.837 0.289 1.053
25.69 6.34 6.0:0.724 0.753 4.001
11.62 24.0 27.0:2.528 1.063 2.039
10.24 3.02 23.0:0.465 0.296 1.955,4.608 1.621 1.601
3.54 26.16 18.0:1.322 0.593 1.63,4.48 0.483 4.236,3.0 0.292 1.01
17.86 19.36 13.0:3.192 1.143 1.328
3.77 7.84 1.0:4.055 0.369 1.468,1.919 0.757 1.495
14.2 19.64 13.0:3.777 0.706 2.198
15.88 5.54 21.0:4.697 0.461 2.135
1.32 19.32 23.0:5.026 0.318 4.093,3.005 1.223 1.108
20.5 25.33 16.0:4.754 0.389 1.113,2.647 0.242 1.986
16.76 19.84 8.0:2.089 0.78 2.175
27.5 17.66 24.0:3.909 1.762 1.468
19.41 20.67 15.0:5.339 1.29 1.174
20.49 14.03 24.0:4.757 0.153 5.287,3.036 0.703 2.23
20.9 7.67 8.0:0.001 1.884 1.994
2.75 25.4 5.0:1.719 1.932 1.502
16.1 19.74 3.0:5.023 0.378 2.199,0.684 0.529 1.494
0.43 1.12 9.0:3.384 0.856 2.067
13.57 9.41 11.0:4.421 0.128 1.366
0.3 9.16 7.0:0.344 0.866 1.74
0.45 23.35 10.0:2.605 0.663 1.197
22.69 23.13 13.0:4.773 1.16 1.139
19.12 20.2 13.0:2.649 0.907 1.091
7.0 21.44 8.0:0.171 0.173 1.541
28.88 0.86 24.0:3.341 1.431 1.325
19.6 2.11 14.0:0.673 0.552 1.687,3.366 0.13 1.732
22.78 15.42 27.0:1.027 0.357 1.827,4.019 0.625 1.367
13.51 8.05 1.0:4.103 0.749 1.381
0.51 11.06 5.0:2.696 0.567 1.376
4.31 23.12 20.0:6.261 0.437 1.541
19.68 25.62 5.0:2.071 0.213 1.994,4.881 0.893 2.399
16.32 3.73 3.0:4.619 0.35 1.431
7.14 25.9 13.0:3.261 1.461 1.123
1.04 13.47 6.0:4.26 0.389 1.904,2.527 0.675 1.056
17.46 2.56 28.0:3.51 1.474 1.564
23.49 17.75 5.0:3.52 0.344 1.038
11.96 15.15 17.0:2.139 1.88 1.563
22.85 14.85 2.0:3.907 1.869 1.752
28.47 6.08 23.0:3.119 0.905 1.652
6.52 19.42 17.0:0.866 1.068 1.76
26.85 25.82 6.0:1.099 0.437 2.461,2.687 0.263 1.164
21.48 10.3 21.0:1.687 1.437 1.412,4.266 0.303 1.672
29.08 2.62 18.0:0.142 0.813 1.092
22.54 18.26 14.0:4.347 1.538 3.023
4.46 7.85 7.0:0.474 0.162 1.675,3.727 1.844 1.943
21.61 23.16 4.0:4.306 0.429 1.168
6.82 21.1 13.0:1.859 1.011 1.661
6.48 2.46 25.0:5.843 1.116 2.398
26.7 3.44 27.0:2.133 1.771 2.496
7.03 28.12 1.0:5.64 0.267 2.463,1.413 0.811 1.106,3.677 0.973 2.974
20.3 3.86 2.0:3.163 0.304 1.18,5.284 0.49 1.107
17.02 12.33 17.0:2.542 1.601 1.413
0.2 24.8 3.0:1.039 1.093 1.05
13.97 18.49 4.0:1.308 1.998 1.924
1.88 3.33 13.0:5.286 0.265 1.424
14.25 23.83 1.0:0.047 0.619 1.166
27.22 11.98 16.0:0.227 1.398 2.927
22.05 7.74 10.0:4.119 1.563 1.346
3.08 21.03 13.0:2.3 0.874 1.267
12.66 26.02 3.0:3.709 0.66 2.427
3.69 14.33 21.0:5.588 0.429 2.535,3.622 0.67 1.86,1.177 0.799 3.795
26.93 13.06 24.0:5.131 1.842 1.593
1.57 19.84 19.0:5.823 0.203 3.149,0.761 0.14 1.403
19.01 14.36 13.0:5.737 1.001 1.251
14.24 18.8 19.0:1.541 1.12 1.969,4.74 0.153 1.475
20.49 13.59 8.0:3.918 0.407 1.393
3.3 17.86 1.0:1.435 1.218 1.247,5.287 0.247 5.894
28.72 20.92 29.0:3.373 1.239 4.463
7.49 6.59 24.0:5.034 0.365 1.582,4.043 0.356 1.114
12.19 16.11 1.0:4.288 1.169 1.42,1.845 0.706 1.955
17.52 0.97 10.0:0.489 0.429 1.388,3.361 1.725 2.124
10.35 6.18 11.0:0.228 1.12 1.577
13.61 21.12 17.0:4.28 0.612 1.014,5.155 0.145 2.469
0.26 14.37 13.0:2.165 1.08 3.026
12.58 26.64 16.0:4.761 1.367 3.237
21.57 24.07 2.0:2.058 0.768 1.172
14.5 0.3 22.0:2.227 1.124 3.195,3.869 0.463 3.428
25.6 22.91 2.0:5.19 1.864 1.296
10.92 4.13 8.0:1.26 0.774 1.379
26.65 20.04 28.0:5.874 1.708 2.111
18.63 4.3 24.0:5.48 0.703 1.379
7.29 16.28 12.0:0.344 0.857 1.01
4.34 9.51 5.0:5.24 0.406 1.299,2.048 1.208 3.784