100 1
18.190 6.320 0
2.380 18.260 0
15.52 28.03 7.0:5.638 0.964 1.32
9.0 28.01 5.0:5.161 1.057 1.736
16.93 2.09 24.0:1.467 1.227 1.313
8.64 19.85 3.0:5.857 0.312 1.395
18.43 29.93 23.0:3.374 0.799 2.395,5.022 0.311 2.663
3.94 10.77 3.0:5.19 0.333 2.954
14.78 7.61 26.0:3.354 0.928 2.266,4.761 0.398 4.161
2.41 25.06 24.0:5.875 0.24 1.221,1.913 1.095 1.045
18.41 11.88 16.0:1.39 0.346 1.524
14.91 17.24 21.0:0.565 1.714 1.084
7.14 0.48 6.0:3.595 0.3 2.48,5.272 0.589 2.162
13.44 24.76 17.0:5.081 0.63 3.042,1.017 0.779 1.653
17.54 29.43 27.0:2.326 0.428 4.744,5.167 0.159 3.048
16.71 9.5 27.0:0.733 0.509 8.097,3.762 0.966 1.313
12.38 26.66 1.0:2.708 0.831 1.28
25.69 6.34 6.0:2.744 1.278 2.312
11.62 24.0 27.0:1.493 1.114 2.601
10.24 3.02 23.0:3.352 0.247 1.654,4.879 1.044 1.242
3.54 26.16 18.0:4.208 0.22 1.792
17.86 19.36 13.0:1.177 1.456 1.055
3.77 7.84 1.0:1.84 0.268 1.115,4.081 0.9 1.095
14.2 19.64 13.0:2.476 0.883 3.57
15.88 5.54 21.0:4.198 1.388 2.362
1.32 19.32 23.0:1.56 0.576 1.181,2.638 0.304 2.137
20.5 25.33 16.0:4.037 1.839 1.437
16.76 19.84 8.0:0.982 0.283 2.17
27.5 17.66 24.0:3.482 1.132 1.532
19.41 20.67 15.0:1.318 0.588 1.368,5.169 0.767 2.62
20.49 14.03 24.0:2.157 0.803 2.403
20.9 7.67 8.0:1.739 1.067 1.395,4.912 0.457 1.224
2.75 25.4 5.0:1.756 1.623 1.023
16.1 19.74 3.0:0.572 0.657 1.729
0.43 1.12 9.0:5.803 0.158 1.476,2.851 1.027 1.259
13.57 9.41 11.0:0.607 0.312 1.554
0.3 9.16 7.0:4.406 0.341 1.42
0.45 23.35 10.0:2.345 1.138 2.86
22.69 23.13 13.0:4.516 0.158 1.013
19.12 20.2 13.0:1.982 0.155 1.261
7.0 21.44 8.0:3.164 1.489 1.209
28.88 0.86 24.0:5.637 0.358 1.143
19.6 2.11 14.0:0.977 0.338 1.424,3.153 0.365 1.231
22.78 15.42 27.0:5.81 0.72 1.68
13.51 8.05 1.0:2.392 1.708 3.235
0.51 11.06 5.0:5.121 0.246 1.378,2.012 0.375 2.142
4.31 23.12 20.0:0.529 0.746 2.508
19.68 25.62 5.0:4.27 1.885 1.839
16.32 3.73 3.0:5.498 1.065 1.436
7.14 25.9 13.0:6.096 0.42 1.041
1.04 13.47 6.0:0.462 1.78 1.967
17.46 2.56 28.0:0.845 1.341 2.929
23.49 17.75 5.0:0.607 1.85 1.859
11.96 15.15 17.0:3.49 0.873 1.247
22.85 14.85 2.0:5.098 0.294 1.315
28.47 6.08 23.0:0.852 0.414 3.876
6.52 19.42 17.0:3.338 0.304 1.659
26.85 25.82 6.0:2.254 1.578 1.408
21.48 10.3 21.0:1.353 1.054 1.337
29.08 2.62 18.0:2.457 0.9 1.187
22.54 18.26 14.0:2.335 0.776 1.087
4.46 7.85 7.0:5.731 0.229 3.998
21.61 23.16 4.0:4.542 1.77 2.453
6.82 21.1 13.0:5.291 0.157 3.348
6.48 2.46 25.0:3.368 0.378 1.547,4.783 0.314 1.378
26.7 3.44 27.0:4.166 1.056 1.476
7.03 28.12 1.0:1.913 1.17 1.84,3.963 0.727 1.726
20.3 3.86 2.0:0.913 0.358 1.153,2.794 1.034 1.183
17.02 12.33 17.0:1.222 1.008 1.613,5.185 1.026 1.245
0.2 24.8 3.0:0.902 1.238 3.235
13.97 18.49 4.0:2.584 0.19 2.525
1.88 3.33 13.0:5.95 0.303 3.031,2.5 0.75 1.042
14.25 23.83 1.0:4.747 0.453 4.488,3.203 0.233 4.431
27.22 11.98 16.0:5.902 1.251 2.035
22.05 7.74 10.0:3.296 0.45 7.456
3.08 21.03 13.0:0.281 1.211 4.572
12.66 26.02 3.0:2.617 1.947 1.609
3.69 14.33 21.0:6.141 0.467 1.641
26.93 13.06 24.0:1.246 1.152 3.099,4.915 0.893 1.228
1.57 19.84 19.0:5.245 1.887 1.355
19.01 14.36 13.0:5.492 0.443 1.096
14.24 18.8 19.0:1.821 0.609 2.31,4.115 0.705 1.022
20.49 13.59 8.0:4.852 1.139 1.87,3.103 0.359 1.181
3.3 17.86 1.0:0.568 0.254 1.014,5.059 1.162 3.371
28.72 20.92 29.0:5.647 1.437 2.717
7.49 6.59 24.0:4.806 0.56 1.513
12.19 16.11 1.0:2.766 0.999 1.475
17.52 0.97 10.0:0.411 0.758 3.749
10.35 6.18 11.0:4.816 0.289 2.62
13.61 21.12 17.0:1.712 1.022 1.203
0.26 14.37 13.0:0.956 2.0 2.717
12.58 26.64 16.0:1.278 0.516 2.647,4.397 1.085 4.326
21.57 24.07 2.0:2.434 0.155 2.744,4.526 0.402 2.562
14.5 0.3 22.0:3.312 0.522 1.321
25.6 22.91 2.0:4.851 1.932 1.254
10.92 4.13 8.0:0.202 0.194 1.269
26.65 20.04 28.0:1.355 0.457 1.258
18.63 4.3 24.0:3.33 1.034 2.48
7.29 16.28 12.0:0.619 1.231 4.104
4.34 9.51 5.0:6.119 0.362 1.903