100, 1
18.190 6.320 0
2.380 18.260 0
15.52 28.03 7.0:0.101 1.626 3.521
9.0 28.01 5.0:1.947 1.126 1.468
16.93 2.09 24.0:1.462 0.277 1.272
8.64 19.85 3.0:5.535 1.435 1.23
18.43 29.93 23.0:1.468 0.53 2.082,4.183 1.504 1.979
3.94 10.77 3.0:2.641 1.083 3.078
14.78 7.61 26.0:1.956 0.517 2.888
2.41 25.06 24.0:3.329 0.307 2.984,5.804 0.34 1.105
18.41 11.88 16.0:2.964 1.193 1.181,5.274 0.716 1.8
14.91 17.24 21.0:6.208 1.466 1.056
7.14 0.48 6.0:4.467 0.314 1.266
13.44 24.76 17.0:0.939 1.14 1.002
17.54 29.43 27.0:5.264 1.039 1.809
16.71 9.5 27.0:4.213 1.858 3.015,1.571 0.699 2.059
12.38 26.66 1.0:3.874 1.088 2.5
25.69 6.34 6.0:0.2 0.15 1.655,2.253 0.128 4.157
11.62 24.0 27.0:0.351 1.582 3.746
10.24 3.02 23.0:3.896 1.008 2.078,2.021 0.177 1.52
3.54 26.16 18.0:5.339 0.615 1.524
17.86 19.36 13.0:1.368 1.341 1.087
3.77 7.84 1.0:6.181 0.89 2.217
14.2 19.64 13.0:2.95 0.145 1.143
15.88 5.54 21.0:0.517 0.66 1.856
1.32 19.32 23.0:4.294 1.044 1.145
20.5 25.33 16.0:4.827 0.289 1.31
16.76 19.84 8.0:5.887 0.667 1.564
27.5 17.66 24.0:4.69 0.754 1.828,1.628 1.165 1.323
19.41 20.67 15.0:6.263 1.309 1.264
20.49 14.03 24.0:5.013 1.987 1.499
20.9 7.67 8.0:6.118 0.345 2.651
2.75 25.4 5.0:3.566 1.665 3.428
16.1 19.74 3.0:2.984 1.052 1.601,0.376 0.232 2.165
0.43 1.12 9.0:0.122 1.471 1.798
13.57 9.41 11.0:5.53 0.957 2.301
0.3 9.16 7.0:5.068 1.673 1.995
0.45 23.35 10.0:3.014 0.697 1.274
22.69 23.13 13.0:5.023 0.504 1.185
19.12 20.2 13.0:0.733 1.441 2.211
7.0 21.44 8.0:0.473 1.637 2.655
28.88 0.86 24.0:1.006 0.284 1.13,4.346 0.527 1.338
19.6 2.11 14.0:0.811 0.599 1.786,4.08 1.339 1.387
22.78 15.42 27.0:3.22 0.127 3.345,4.761 0.749 2.894
13.51 8.05 1.0:1.389 0.954 2.083,4.626 0.834 2.0
0.51 11.06 5.0:0.449 1.209 2.724
4.31 23.12 20.0:3.01 0.151 1.429
19.68 25.62 5.0:5.958 1.203 4.634
16.32 3.73 3.0:0.654 0.145 3.131
7.14 25.9 13.0:0.165 0.923 3.399
1.04 13.47 6.0:2.456 0.827 1.058
17.46 2.56 28.0:2.7 1.179 1.144,5.409 0.4 1.779
23.49 17.75 5.0:6.169 0.82 1.361
11.96 15.15 17.0:4.408 0.538 2.025
22.85 14.85 2.0:4.049 0.172 1.964,5.248 0.537 2.018
28.47 6.08 23.0:1.244 1.681 1.255
6.52 19.42 17.0:0.476 0.356 2.874,5.169 0.575 1.109
26.85 25.82 6.0:6.091 0.829 2.119
21.48 10.3 21.0:4.596 1.954 1.805
29.08 2.62 18.0:4.396 1.167 1.995
22.54 18.26 14.0:5.022 0.191 1.744,2.172 1.749 1.311
4.46 7.85 7.0:0.087 0.373 1.315
21.61 23.16 4.0:2.298 1.126 1.421
6.82 21.1 13.0:3.453 0.28 5.588
6.48 2.46 25.0:0.239 0.897 1.158
26.7 3.44 27.0:6.017 0.585 2.819
7.03 28.12 1.0:0.161 0.205 2.904
20.3 3.86 2.0:3.841 1.82 1.969
17.02 12.33 17.0:2.411 1.303 1.734
0.2 24.8 3.0:0.62 1.321 1.581
13.97 18.49 4.0:4.982 0.743 1.257,2.127 0.165 2.192
1.88 3.33 13.0:0.887 1.195 2.307
14.25 23.83 1.0:4.097 0.192 1.716,2.02 0.432 2.056,3.383 0.325 1.955
27.22 11.98 16.0:0.84 0.141 1.173,3.124 0.969 1.785
22.05 7.74 10.0:6.269 0.191 2.098
3.08 21.03 13.0:4.36 1.446 1.008
12.66 26.02 3.0:5.49 1.283 2.108
3.69 14.33 21.0:6.212 0.434 1.115
26.93 13.06 24.0:3.436 0.248 2.364
1.57 19.84 19.0:4.937 0.871 1.011
19.01 14.36 13.0:3.701 1.465 5.704
14.24 18.8 19.0:6.229 0.632 1.038
20.49 13.59 8.0:6.097 1.908 1.999
3.3 17.86 1.0:1.293 1.275 3.834
28.72 20.92 29.0:3.88 0.234 3.83,1.448 0.141 2.136
7.49 6.59 24.0:0.18 0.249 1.072
12.19 16.11 1.0:3.483 0.256 2.192,0.65 0.647 1.428
17.52 0.97 10.0:0.478 0.188 1.417
10.35 6.18 11.0:3.677 0.247 1.966
13.61 21.12 17.0:3.282 0.746 2.24
0.26 14.37 13.0:1.568 0.329 1.462
12.58 26.64 16.0:3.197 0.467 2.431,4.278 0.579 1.401
21.57 24.07 2.0:0.401 0.163 1.145
14.5 0.3 22.0:2.95 0.208 1.552,2.413 0.277 3.478
25.6 22.91 2.0:6.174 0.239 2.514
10.92 4.13 8.0:6.161 0.761 1.673
26.65 20.04 28.0:1.1 1.247 1.617
18.63 4.3 24.0:0.637 1.245 1.013
7.29 16.28 12.0:5.885 0.612 1.438
4.34 9.51 5.0:4.044 0.612 4.63