100 1
18.190 6.320 0
2.380 18.260 0
15.52 28.03 7.0:5.821 1.952 1.418
9.0 28.01 5.0:2.796 0.992 1.726
16.93 2.09 24.0:0.574 1.6 2.079
8.64 19.85 3.0:3.068 1.669 1.144
18.43 29.93 23.0:2.313 0.581 2.126,0.273 0.15 1.46
3.94 10.77 3.0:1.191 1.999 2.384
14.78 7.61 26.0:5.693 1.524 1.35
2.41 25.06 24.0:3.453 0.897 1.306,2.297 0.173 1.502
18.41 11.88 16.0:4.373 1.126 1.434
14.91 17.24 21.0:5.9 0.217 1.476
7.14 0.48 6.0:5.521 0.701 2.821
13.44 24.76 17.0:5.348 0.405 3.488,3.384 1.034 1.879
17.54 29.43 27.0:2.792 0.415 2.702
16.71 9.5 27.0:6.058 1.981 2.337
12.38 26.66 1.0:5.523 2.005 2.164
25.69 6.34 6.0:4.325 1.076 1.544
11.62 24.0 27.0:2.318 1.739 2.314
10.24 3.02 23.0:3.59 1.644 1.383
3.54 26.16 18.0:2.095 0.726 1.773
17.86 19.36 13.0:4.605 0.215 3.809
3.77 7.84 1.0:3.589 0.493 1.113
14.2 19.64 13.0:1.756 1.725 1.686
15.88 5.54 21.0:6.195 0.411 1.093
1.32 19.32 23.0:1.066 0.333 1.651
20.5 25.33 16.0:2.333 0.901 1.676,1.061 0.266 1.988
16.76 19.84 8.0:4.186 0.731 1.637
27.5 17.66 24.0:1.286 0.587 1.041,3.432 0.99 1.092
19.41 20.67 15.0:1.446 0.303 1.243
20.49 14.03 24.0:3.613 0.686 1.24
20.9 7.67 8.0:4.605 1.136 1.398,1.523 0.136 1.083
2.75 25.4 5.0:2.813 1.974 2.101
16.1 19.74 3.0:4.316 1.941 2.422
0.43 1.12 9.0:0.265 0.727 2.434
13.57 9.41 11.0:0.064 0.949 1.137
0.3 9.16 7.0:5.023 0.279 2.053
0.45 23.35 10.0:1.486 0.853 1.814,3.762 0.416 1.719
22.69 23.13 13.0:2.087 0.756 4.094
19.12 20.2 13.0:4.029 0.516 1.289
7.0 21.44 8.0:2.533 0.91 4.001
28.88 0.86 24.0:6.125 0.238 3.139
19.6 2.11 14.0:3.73 0.245 3.003
22.78 15.42 27.0:1.599 1.759 1.015
13.51 8.05 1.0:1.661 0.276 1.745
0.51 11.06 5.0:2.095 0.396 1.837,4.485 0.495 1.488,3.546 0.149 1.079
4.31 23.12 20.0:2.608 0.251 1.252
19.68 25.62 5.0:0.292 0.416 1.465
16.32 3.73 3.0:1.987 1.281 2.782,4.74 0.156 1.236
7.14 25.9 13.0:3.856 0.189 2.431
1.04 13.47 6.0:4.813 0.82 1.017,2.829 0.241 1.161
17.46 2.56 28.0:6.084 0.568 2.334
23.49 17.75 5.0:1.909 1.74 1.31
11.96 15.15 17.0:0.363 0.171 7.163,5.902 0.167 1.223
22.85 14.85 2.0:0.388 0.725 2.405
28.47 6.08 23.0:6.109 0.593 2.018
6.52 19.42 17.0:2.264 1.445 2.312
26.85 25.82 6.0:5.704 0.213 2.391
21.48 10.3 21.0:4.684 0.487 1.34
29.08 2.62 18.0:2.791 0.132 1.99
22.54 18.26 14.0:0.929 0.293 4.526,5.276 0.298 1.461
4.46 7.85 7.0:0.928 1.776 1.531
21.61 23.16 4.0:5.341 0.131 2.41
6.82 21.1 13.0:3.103 1.004 1.057
6.48 2.46 25.0:5.749 1.758 1.364
26.7 3.44 27.0:1.538 1.973 1.619
7.03 28.12 1.0:3.717 0.38 1.4,0.317 0.174 3.219
20.3 3.86 2.0:2.814 1.748 2.294
17.02 12.33 17.0:1.348 0.174 1.545
0.2 24.8 3.0:6.076 0.127 1.884
13.97 18.49 4.0:1.24 0.553 1.661,4.475 1.408 2.581
1.88 3.33 13.0:1.744 0.256 1.303
14.25 23.83 1.0:0.7 0.652 1.61
27.22 11.98 16.0:5.016 0.689 1.193
22.05 7.74 10.0:1.297 0.561 2.651,3.189 1.269 2.812
3.08 21.03 13.0:2.855 0.644 2.674
12.66 26.02 3.0:3.821 1.887 1.214,1.526 0.159 1.105
3.69 14.33 21.0:0.832 0.856 2.029
26.93 13.06 24.0:5.224 0.978 2.176
1.57 19.84 19.0:2.159 0.733 1.018
19.01 14.36 13.0:0.967 0.658 1.329
14.24 18.8 19.0:5.417 1.227 2.888
20.49 13.59 8.0:0.898 0.718 1.276,6.028 0.202 2.239,3.901 0.133 2.632
3.3 17.86 1.0:1.112 0.356 1.191
28.72 20.92 29.0:2.519 1.11 1.172
7.49 6.59 24.0:4.145 1.323 1.003
12.19 16.11 1.0:5.355 1.454 5.983
17.52 0.97 10.0:5.926 1.844 1.158
10.35 6.18 11.0:1.193 1.119 1.851,3.353 0.7 1.35
13.61 21.12 17.0:4.866 1.463 1.617
0.26 14.37 13.0:1.221 0.133 2.811,0.372 0.186 1.197
12.58 26.64 16.0:2.145 1.557 1.77
21.57 24.07 2.0:1.889 1.196 2.435
14.5 0.3 22.0:5.49 1.284 1.158
25.6 22.91 2.0:3.57 0.349 1.459,2.671 0.345 1.744
10.92 4.13 8.0:4.608 1.034 1.302
26.65 20.04 28.0:3.908 0.426 1.326
18.63 4.3 24.0:2.272 0.143 3.749,4.217 1.649 1.113
7.29 16.28 12.0:2.968 1.29 1.604
4.34 9.51 5.0:1.412 0.229 1.061,2.695 0.423 2.106