100 1
18.190 6.320 0
2.380 18.260 0
15.52 28.03 7.0:1.573 1.065 1.321,5.971 0.151 1.698
9.0 28.01 5.0:3.399 0.455 1.25
16.93 2.09 24.0:2.078 0.354 1.814,4.305 0.336 3.791
8.64 19.85 3.0:2.289 0.179 1.12,1.549 0.284 1.012
18.43 29.93 23.0:1.821 1.234 1.43
3.94 10.77 3.0:4.689 1.109 1.382
14.78 7.61 26.0:4.15 0.687 1.259
2.41 25.06 24.0:5.993 0.82 3.241
18.41 11.88 16.0:3.051 0.49 1.365
14.91 17.24 21.0:1.534 1.799 1.696
7.14 0.48 6.0:2.519 0.53 1.333,5.472 0.34 1.818
13.44 24.76 17.0:5.822 0.18 1.712
17.54 29.43 27.0:4.104 0.509 3.188,0.824 0.327 1.003
16.71 9.5 27.0:1.526 0.343 1.884
12.38 26.66 1.0:2.628 0.243 1.451
25.69 6.34 6.0:5.849 1.374 1.485
11.62 24.0 27.0:3.315 1.62 1.673
10.24 3.02 23.0:3.415 0.325 2.911
3.54 26.16 18.0:4.773 0.205 1.53
17.86 19.36 13.0:5.38 0.716 1.271
3.77 7.84 1.0:3.633 0.578 2.241,1.916 0.365 1.262,1.367 0.139 1.203
14.2 19.64 13.0:4.486 1.181 1.265,1.407 0.191 1.046
15.88 5.54 21.0:3.312 1.629 1.102
1.32 19.32 23.0:4.863 1.479 1.901
20.5 25.33 16.0:2.757 0.842 1.797
16.76 19.84 8.0:2.267 1.351 1.204
27.5 17.66 24.0:5.614 0.381 3.283
19.41 20.67 15.0:1.379 1.038 4.037,5.552 0.569 2.486
20.49 14.03 24.0:5.801 1.093 1.746
20.9 7.67 8.0:3.009 0.278 2.111
2.75 25.4 5.0:0.209 1.04 1.948
16.1 19.74 3.0:0.499 0.847 1.841
0.43 1.12 9.0:4.058 0.526 2.413
13.57 9.41 11.0:2.187 1.965 1.256
0.3 9.16 7.0:1.666 1.141 4.929
0.45 23.35 10.0:0.844 1.555 1.528
22.69 23.13 13.0:1.5 1.506 2.35
19.12 20.2 13.0:4.017 0.514 1.508
7.0 21.44 8.0:0.283 1.44 3.296
28.88 0.86 24.0:3.442 1.025 1.731
19.6 2.11 14.0:5.755 1.708 1.372
22.78 15.42 27.0:4.367 1.424 1.406
13.51 8.05 1.0:2.274 0.475 1.107
0.51 11.06 5.0:5.508 1.159 1.26
4.31 23.12 20.0:4.447 0.309 1.069
19.68 25.62 5.0:4.188 1.402 1.02
16.32 3.73 3.0:2.68 1.932 1.461
7.14 25.9 13.0:4.792 0.423 1.073,1.199 0.346 2.673
1.04 13.47 6.0:4.839 0.747 1.284,3.185 0.134 1.133
17.46 2.56 28.0:2.947 0.94 1.403,5.804 0.277 2.637
23.49 17.75 5.0:4.14 0.654 1.903
11.96 15.15 17.0:3.73 1.622 1.686
22.85 14.85 2.0:5.36 0.737 1.806,1.935 0.201 3.802
28.47 6.08 23.0:5.295 0.178 1.166,3.933 0.41 1.121
6.52 19.42 17.0:5.19 0.514 1.578,2.791 1.252 1.459
26.85 25.82 6.0:4.339 0.695 1.586
21.48 10.3 21.0:0.31 1.141 2.268
29.08 2.62 18.0:0.319 1.416 1.355
22.54 18.26 14.0:4.62 0.791 1.556,5.755 0.183 2.087
4.46 7.85 7.0:6.036 1.963 1.145
21.61 23.16 4.0:5.545 0.325 2.255
6.82 21.1 13.0:5.703 0.747 1.378
6.48 2.46 25.0:1.342 1.499 1.153
26.7 3.44 27.0:0.598 0.847 1.72
7.03 28.12 1.0:3.552 0.743 2.486
20.3 3.86 2.0:5.453 1.429 1.035
17.02 12.33 17.0:1.93 0.245 1.19
0.2 24.8 3.0:5.072 0.178 2.883,3.472 0.849 2.546
13.97 18.49 4.0:4.368 1.138 1.131
1.88 3.33 13.0:0.438 1.129 1.116
14.25 23.83 1.0:5.684 0.384 1.836
27.22 11.98 16.0:3.382 0.45 1.867
22.05 7.74 10.0:4.469 0.278 1.96,2.782 0.318 1.026
3.08 21.03 13.0:1.667 1.062 1.484,5.195 0.688 2.766
12.66 26.02 3.0:2.61 1.046 1.362
3.69 14.33 21.0:3.637 1.729 2.083
26.93 13.06 24.0:0.352 0.608 2.494
1.57 19.84 19.0:4.334 0.541 1.929,2.02 0.723 1.228
19.01 14.36 13.0:3.495 0.636 1.551,5.464 0.705 2.708
14.24 18.8 19.0:3.42 0.168 1.908
20.49 13.59 8.0:5.769 1.898 2.098
3.3 17.86 1.0:0.265 0.258 3.265,2.553 1.252 1.427
28.72 20.92 29.0:5.431 1.127 10.164
7.49 6.59 24.0:3.769 1.152 1.5
12.19 16.11 1.0:1.75 0.574 1.723,4.392 0.222 1.093
17.52 0.97 10.0:3.23 1.594 3.423,0.831 0.263 4.083
10.35 6.18 11.0:3.494 1.545 1.226
13.61 21.12 17.0:3.948 1.762 2.323,1.041 0.614 5.284
0.26 14.37 13.0:4.241 1.594 1.52
12.58 26.64 16.0:3.325 0.846 1.257
21.57 24.07 2.0:1.858 0.73 1.173,3.412 0.297 2.004
14.5 0.3 22.0:1.652 0.644 1.398
25.6 22.91 2.0:6.029 1.486 2.02
10.92 4.13 8.0:2.393 0.627 2.189
26.65 20.04 28.0:3.425 1.559 1.062
18.63 4.3 24.0:3.283 0.271 1.812
7.29 16.28 12.0:3.182 0.547 3.05,4.143 0.16 1.22
4.34 9.51 5.0:3.945 1.505 1.213