100 1
18.190 6.320 0
2.380 18.260 0
15.52 28.03 7.0:5.365 1.954 1.166
9.0 28.01 5.0:6.155 1.219 2.321
16.93 2.09 24.0:0.097 0.241 2.306
8.64 19.85 3.0:2.697 1.655 2.613
18.43 29.93 23.0:4.392 1.713 1.803
3.94 10.77 3.0:5.329 0.482 4.528
14.78 7.61 26.0:5.269 1.059 2.281
2.41 25.06 24.0:2.613 0.196 1.287
18.41 11.88 16.0:3.172 0.543 5.265,5.56 0.588 1.192,1.294 0.329 1.272
14.91 17.24 21.0:5.201 0.194 1.156,1.42 0.251 1.755
7.14 0.48 6.0:3.7 1.211 1.686
13.44 24.76 17.0:0.271 0.676 3.081
17.54 29.43 27.0:0.663 1.365 2.486
16.71 9.5 27.0:4.9 0.615 3.873
12.38 26.66 1.0:1.001 0.287 1.301,4.48 1.756 2.505
25.69 6.34 6.0:0.693 1.351 1.318
11.62 24.0 27.0:3.675 0.352 1.105
10.24 3.02 23.0:0.181 0.166 1.352,2.0 1.624 1.509
3.54 26.16 18.0:2.089 1.471 1.14
17.86 19.36 13.0:2.071 0.259 1.233,4.771 0.675 3.525,3.569 0.216 1.936
3.77 7.84 1.0:3.886 1.988 2.486
14.2 19.64 13.0:5.889 1.263 2.896
15.88 5.54 21.0:0.659 0.285 1.108,4.948 0.968 1.322
1.32 19.32 23.0:2.423 1.689 2.133
20.5 25.33 16.0:2.253 1.52 4.379
16.76 19.84 8.0:0.042 0.456 1.065
27.5 17.66 24.0:4.432 0.44 1.654
19.41 20.67 15.0:3.37 0.695 1.088
20.49 14.03 24.0:1.25 1.408 1.454
20.9 7.67 8.0:2.063 1.416 1.391
2.75 25.4 5.0:3.776 0.497 1.502,1.836 0.949 1.817
16.1 19.74 3.0:1.193 0.585 1.08
0.43 1.12 9.0:3.34 0.494 1.459
13.57 9.41 11.0:5.185 0.528 1.06
0.3 9.16 7.0:3.347 1.739 2.153
0.45 23.35 10.0:1.193 0.771 1.243
22.69 23.13 13.0:5.305 1.243 2.985
19.12 20.2 13.0:4.582 1.654 1.472
7.0 21.44 8.0:6.127 0.497 3.661
28.88 0.86 24.0:5.227 1.734 3.929
19.6 2.11 14.0:4.172 0.747 2.652
22.78 15.42 27.0:3.914 1.238 1.227
13.51 8.05 1.0:0.352 1.983 1.127
0.51 11.06 5.0:2.472 0.999 2.753
4.31 23.12 20.0:0.482 1.191 4.479
19.68 25.62 5.0:0.153 0.161 3.757
16.32 3.73 3.0:0.284 0.282 2.219,3.942 1.79 1.917
7.14 25.9 13.0:1.703 1.035 1.123
1.04 13.47 6.0:6.21 1.982 1.265
17.46 2.56 28.0:5.087 0.499 4.434,1.555 1.471 2.629
23.49 17.75 5.0:4.082 1.656 2.044
11.96 15.15 17.0:0.891 0.868 1.106,4.259 0.563 1.52
22.85 14.85 2.0:3.712 1.665 1.151
28.47 6.08 23.0:0.885 1.251 2.363
6.52 19.42 17.0:0.915 0.959 1.553
26.85 25.82 6.0:0.696 1.524 1.662
21.48 10.3 21.0:5.378 0.136 2.04
29.08 2.62 18.0:4.883 1.148 2.71
22.54 18.26 14.0:6.17 1.615 2.135
4.46 7.85 7.0:0.68 1.137 1.777
21.61 23.16 4.0:4.097 1.21 4.515
6.82 21.1 13.0:0.908 0.795 1.725
6.48 2.46 25.0:0.372 1.605 1.458
26.7 3.44 27.0:2.911 0.531 1.018
7.03 28.12 1.0:3.453 1.14 1.294
20.3 3.86 2.0:4.257 0.309 1.555,2.866 0.588 1.756
17.02 12.33 17.0:1.845 0.158 1.401,0.978 0.512 2.55
0.2 24.8 3.0:2.166 1.023 1.514
13.97 18.49 4.0:1.497 1.585 2.782
1.88 3.33 13.0:3.275 0.719 1.313
14.25 23.83 1.0:4.123 0.131 3.947
27.22 11.98 16.0:4.362 0.835 2.721,0.659 0.274 2.08
22.05 7.74 10.0:2.449 0.164 1.021
3.08 21.03 13.0:5.654 0.748 1.149
12.66 26.02 3.0:1.543 0.295 2.767
3.69 14.33 21.0:4.824 0.908 4.028,0.449 0.429 1.995
26.93 13.06 24.0:0.914 1.345 3.307
1.57 19.84 19.0:2.299 1.72 3.221
19.01 14.36 13.0:3.884 1.865 3.787
14.24 18.8 19.0:0.655 1.324 3.386
20.49 13.59 8.0:5.706 0.15 1.336,2.872 0.458 1.421
3.3 17.86 1.0:0.426 0.27 1.173
28.72 20.92 29.0:4.754 0.393 1.656
7.49 6.59 24.0:2.665 0.313 1.671,1.07 0.264 3.348
12.19 16.11 1.0:1.74 1.277 2.593
17.52 0.97 10.0:5.729 1.726 1.479
10.35 6.18 11.0:4.143 1.952 1.346
13.61 21.12 17.0:4.976 0.864 4.593
0.26 14.37 13.0:2.539 0.792 1.955,5.495 0.576 1.504
12.58 26.64 16.0:1.539 0.301 2.166
21.57 24.07 2.0:0.652 1.54 4.464
14.5 0.3 22.0:5.237 1.955 1.24
25.6 22.91 2.0:1.502 0.373 1.035,0.922 0.191 1.188
10.92 4.13 8.0:5.184 1.976 1.055
26.65 20.04 28.0:2.41 0.335 1.826,3.819 0.459 1.264
18.63 4.3 24.0:0.882 1.093 1.071
7.29 16.28 12.0:0.749 1.166 1.092
4.34 9.51 5.0:3.107 1.912 1.873