100, 1
18.190 6.320 0
2.380 18.260 0
15.52 28.03 7.0:0.873 1.962 1.794
9.0 28.01 5.0:3.531 0.128 2.116,2.591 0.413 1.024
16.93 2.09 24.0:5.615 0.599 1.299
8.64 19.85 3.0:2.815 0.966 1.435
18.43 29.93 23.0:2.596 0.293 2.625,1.481 0.146 1.598
3.94 10.77 3.0:3.289 1.076 2.934
14.78 7.61 26.0:2.866 0.884 2.519
2.41 25.06 24.0:5.216 0.368 1.603,1.531 0.489 3.048
18.41 11.88 16.0:3.985 0.518 1.053
14.91 17.24 21.0:5.44 0.546 3.619
7.14 0.48 6.0:4.939 1.694 1.427
13.44 24.76 17.0:2.215 1.047 4.255,4.409 0.765 1.155
17.54 29.43 27.0:5.066 1.09 1.613
16.71 9.5 27.0:4.211 0.556 1.591
12.38 26.66 1.0:2.801 1.765 3.512
25.69 6.34 6.0:2.079 1.335 2.143,3.894 0.345 1.053
11.62 24.0 27.0:5.821 1.952 1.418
10.24 3.02 23.0:2.796 0.992 1.726
3.54 26.16 18.0:0.574 1.6 2.079
17.86 19.36 13.0:3.068 1.669 1.144
3.77 7.84 1.0:2.313 0.581 2.126,0.273 0.15 1.46
14.2 19.64 13.0:1.191 0.293 3.365
15.88 5.54 21.0:5.199 0.447 1.798,4.036 0.592 1.815
1.32 19.32 23.0:0.366 0.403 1.502
20.5 25.33 16.0:4.373 1.126 1.434
16.76 19.84 8.0:5.9 1.661 1.605
27.5 17.66 24.0:5.266 1.587 1.308
19.41 20.67 15.0:5.761 0.684 6.085
20.49 14.03 24.0:6.058 1.602 5.623
20.9 7.67 8.0:3.483 1.296 1.169
2.75 25.4 5.0:5.523 2.005 2.164
16.1 19.74 3.0:4.325 1.076 1.544
0.43 1.12 9.0:2.318 0.133 1.871
13.57 9.41 11.0:5.696 1.282 1.847
0.3 9.16 7.0:5.481 0.735 1.036,4.125 0.48 1.725
0.45 23.35 10.0:2.095 0.524 1.631
22.69 23.13 13.0:3.887 0.987 1.059
19.12 20.2 13.0:6.204 0.925 1.396
7.0 21.44 8.0:0.67 0.694 1.606
28.88 0.86 24.0:5.666 0.779 5.267
19.6 2.11 14.0:5.346 0.286 3.654,1.593 0.333 3.096
22.78 15.42 27.0:2.333 0.298 1.165,1.061 0.901 1.423
13.51 8.05 1.0:3.088 1.13 1.636
0.51 11.06 5.0:2.962 0.327 1.49,1.962 0.438 1.755
4.31 23.12 20.0:0.25 0.359 1.203
19.68 25.62 5.0:1.356 1.315 1.56
16.32 3.73 3.0:2.799 0.579 2.031
7.14 25.9 13.0:1.341 1.286 1.014
1.04 13.47 6.0:2.813 1.974 2.101
17.46 2.56 28.0:4.316 1.36 1.327
23.49 17.75 5.0:4.767 0.159 1.131,1.856 0.727 1.746
11.96 15.15 17.0:0.064 0.241 2.776
22.85 14.85 2.0:5.273 0.285 1.913,4.092 0.367 1.766
28.47 6.08 23.0:1.715 0.809 4.135,3.499 0.501 1.662
6.52 19.42 17.0:1.383 0.838 1.763
26.85 25.82 6.0:1.382 0.613 1.829
21.48 10.3 21.0:5.971 1.935 1.544
29.08 2.62 18.0:3.73 0.692 1.483
22.54 18.26 14.0:5.435 0.18 1.301,4.471 0.391 3.45
4.46 7.85 7.0:2.01 1.018 2.646
21.61 23.16 4.0:1.008 0.833 1.406,5.356 0.372 2.251,4.481 0.134 1.831
6.82 21.1 13.0:1.622 0.149 1.488
6.48 2.46 25.0:2.608 0.859 1.148
26.7 3.44 27.0:5.874 0.323 1.406,1.397 0.163 1.319
7.03 28.12 1.0:2.818 0.477 1.039
20.3 3.86 2.0:3.856 1.367 1.138
17.02 12.33 17.0:6.084 0.147 1.362,2.36 0.738 3.374
0.2 24.8 3.0:0.469 0.173 1.052,0.898 0.171 1.223
13.97 18.49 4.0:0.388 1.339 4.08
1.88 3.33 13.0:2.454 1.126 1.308
14.25 23.83 1.0:2.264 1.445 2.312
27.22 11.98 16.0:5.704 0.618 2.368
22.05 7.74 10.0:2.791 0.262 1.198,3.949 0.293 1.461
3.08 21.03 13.0:0.928 1.776 1.531
12.66 26.02 3.0:5.341 0.774 2.364
3.69 14.33 21.0:5.749 0.378 1.337
26.93 13.06 24.0:3.717 1.905 1.052
1.57 19.84 19.0:1.549 0.174 2.903,5.063 0.497 3.219
19.01 14.36 13.0:2.814 1.905 3.405
14.24 18.8 19.0:5.908 0.288 1.061,4.56 0.34 1.545
20.49 13.59 8.0:6.076 0.319 2.525
3.3 17.86 1.0:1.744 0.269 2.384
28.72 20.92 29.0:1.643 0.619 2.014
7.49 6.59 24.0:0.7 0.652 1.61
12.19 16.11 1.0:5.016 0.689 1.193
17.52 0.97 10.0:1.297 0.8 1.703
10.35 6.18 11.0:5.078 1.548 1.596
13.61 21.12 17.0:2.53 1.544 2.539,5.105 1.002 1.278
0.26 14.37 13.0:6.021 1.283 1.043
12.58 26.64 16.0:1.208 0.245 3.077,2.668 0.555 2.029
21.57 24.07 2.0:5.224 1.764 2.07
14.5 0.3 22.0:4.345 0.153 1.638,3.139 0.518 1.018
25.6 22.91 2.0:0.967 0.658 1.329
10.92 4.13 8.0:5.417 0.257 1.623
26.65 20.04 28.0:1.513 1.232 2.632
18.63 4.3 24.0:1.112 0.356 1.191
7.29 16.28 12.0:2.519 1.11 1.172
4.34 9.51 5.0:4.145 1.96 2.913