100, 1
18.190 6.320 0
2.380 18.260 0
15.52 28.03 7.0:0.843 0.261 2.325
9.0 28.01 5.0:2.462 1.154 1.422
16.93 2.09 24.0:0.149 0.322 2.545
8.64 19.85 3.0:4.536 1.176 2.349,1.293 0.249 2.149
18.43 29.93 23.0:4.36 0.545 1.193
3.94 10.77 3.0:2.077 0.387 2.374,4.223 0.278 2.12
14.78 7.61 26.0:4.335 0.316 1.499,1.226 0.347 1.026,2.712 0.768 1.002
2.41 25.06 24.0:1.276 0.133 2.23
18.41 11.88 16.0:5.917 0.286 1.059,1.914 1.224 1.757
14.91 17.24 21.0:1.201 0.289 1.585,3.881 0.555 6.231
7.14 0.48 6.0:4.237 1.36 2.073,1.888 0.69 1.049
13.44 24.76 17.0:2.761 0.782 1.683
17.54 29.43 27.0:5.729 0.755 1.479
16.71 9.5 27.0:3.158 1.151 1.078
12.38 26.66 1.0:0.412 0.686 1.268
25.69 6.34 6.0:2.354 1.812 1.952
11.62 24.0 27.0:5.095 0.865 2.942
10.24 3.02 23.0:0.041 1.334 3.905
3.54 26.16 18.0:3.135 0.818 1.554
17.86 19.36 13.0:0.986 0.303 1.277
3.77 7.84 1.0:3.173 0.86 1.159
14.2 19.64 13.0:0.127 1.22 2.322
15.88 5.54 21.0:5.578 0.895 2.217
1.32 19.32 23.0:5.192 0.482 1.433
20.5 25.33 16.0:2.139 1.723 1.379
16.76 19.84 8.0:1.099 0.532 1.471,5.485 0.454 2.296
27.5 17.66 24.0:4.397 0.339 3.127,3.146 0.563 3.917
19.41 20.67 15.0:0.751 0.718 3.53
20.49 14.03 24.0:0.943 1.013 2.213
20.9 7.67 8.0:0.708 0.754 1.943
2.75 25.4 5.0:1.754 1.313 1.397
16.1 19.74 3.0:1.75 0.714 1.081
0.43 1.12 9.0:0.196 0.376 1.213
13.57 9.41 11.0:0.281 0.678 1.801
0.3 9.16 7.0:4.125 0.184 1.14
0.45 23.35 10.0:0.626 0.967 1.212
22.69 23.13 13.0:1.113 0.533 2.769
19.12 20.2 13.0:0.434 0.885 1.447
7.0 21.44 8.0:3.751 1.143 1.866
28.88 0.86 24.0:3.344 0.638 4.871
19.6 2.11 14.0:1.466 1.33 1.276
22.78 15.42 27.0:1.384 0.444 2.444,5.186 0.904 2.772
13.51 8.05 1.0:5.59 0.5 1.79
0.51 11.06 5.0:2.91 0.84 1.206,0.507 0.28 1.106
4.31 23.12 20.0:5.326 0.443 2.027
19.68 25.62 5.0:3.822 1.213 1.495
16.32 3.73 3.0:3.402 0.264 1.586
7.14 25.9 13.0:4.731 0.851 1.448
1.04 13.47 6.0:5.236 0.521 1.485,3.024 0.784 2.567
17.46 2.56 28.0:1.801 0.531 2.116
23.49 17.75 5.0:2.052 1.831 1.921,5.071 0.683 3.38
11.96 15.15 17.0:2.68 1.776 2.123
22.85 14.85 2.0:2.72 0.616 1.144,1.046 0.144 1.394,4.061 0.172 1.034
28.47 6.08 23.0:2.44 0.984 1.075
6.52 19.42 17.0:6.121 1.452 1.014
26.85 25.82 6.0:0.502 1.641 1.531
21.48 10.3 21.0:1.487 0.322 1.994
29.08 2.62 18.0:4.256 0.312 1.21,1.488 0.281 4.254
22.54 18.26 14.0:5.184 0.658 1.333,1.047 0.742 1.553
4.46 7.85 7.0:5.489 0.829 1.807
21.61 23.16 4.0:0.809 1.745 2.707
6.82 21.1 13.0:4.561 1.662 1.494
6.48 2.46 25.0:3.136 0.45 1.062
26.7 3.44 27.0:0.277 0.717 1.082
7.03 28.12 1.0:0.688 0.415 3.151
20.3 3.86 2.0:5.032 0.691 1.996
17.02 12.33 17.0:3.623 1.678 1.304,0.934 0.347 1.156
0.2 24.8 3.0:2.346 1.359 1.392
13.97 18.49 4.0:1.164 0.514 1.647,4.758 1.523 1.992
1.88 3.33 13.0:5.671 0.38 1.063,3.013 0.331 1.251
14.25 23.83 1.0:5.825 1.305 1.507
27.22 11.98 16.0:4.08 1.265 1.164
22.05 7.74 10.0:0.208 0.356 1.453
3.08 21.03 13.0:0.762 0.172 1.124,5.089 0.327 1.39
12.66 26.02 3.0:5.731 0.607 1.26
3.69 14.33 21.0:2.661 1.044 1.09
26.93 13.06 24.0:4.782 0.13 2.961
1.57 19.84 19.0:1.627 1.491 1.834
19.01 14.36 13.0:5.868 0.261 1.266,3.01 0.367 2.404,1.645 0.195 1.736
14.24 18.8 19.0:5.943 2.01 1.238
20.49 13.59 8.0:1.063 0.65 1.961
3.3 17.86 1.0:2.157 0.833 2.048
28.72 20.92 29.0:3.461 0.717 2.37
7.49 6.59 24.0:3.764 0.608 1.089
12.19 16.11 1.0:0.145 1.049 1.173
17.52 0.97 10.0:0.796 1.856 5.482
10.35 6.18 11.0:1.634 0.478 1.399
13.61 21.12 17.0:2.586 1.228 1.027
0.26 14.37 13.0:1.621 0.554 1.98,5.38 0.653 2.832
12.58 26.64 16.0:3.892 0.78 1.867,1.735 0.133 1.675
21.57 24.07 2.0:3.812 1.905 1.302
14.5 0.3 22.0:0.387 1.661 5.01
25.6 22.91 2.0:3.776 1.6 1.427
10.92 4.13 8.0:5.739 1.498 2.277
26.65 20.04 28.0:4.565 0.699 1.606,1.526 0.932 1.132
18.63 4.3 24.0:2.292 0.145 1.006
7.29 16.28 12.0:5.842 1.438 4.628
4.34 9.51 5.0:3.924 0.381 4.74