100, 1
18.190 6.320 0
2.380 18.260 0
15.52 28.03 7.0:2.345 0.131 4.954,1.371 0.473 2.43
9.0 28.01 5.0:1.668 0.577 2.169,2.51 0.197 5.428
16.93 2.09 24.0:4.775 1.25 1.037
8.64 19.85 3.0:4.479 1.804 2.428
18.43 29.93 23.0:4.183 0.394 1.467
3.94 10.77 3.0:2.705 0.172 1.494,1.455 0.57 1.528
14.78 7.61 26.0:3.36 1.286 1.404
2.41 25.06 24.0:2.934 1.369 1.272
18.41 11.88 16.0:0.39 0.149 2.01,1.921 0.782 1.875
14.91 17.24 21.0:3.971 0.259 2.281
7.14 0.48 6.0:5.376 0.351 1.582
13.44 24.76 17.0:6.239 0.329 1.126
17.54 29.43 27.0:0.19 1.077 1.652
16.71 9.5 27.0:4.884 1.592 1.744
12.38 26.66 1.0:4.154 0.712 1.412
25.69 6.34 6.0:6.124 1.277 1.548
11.62 24.0 27.0:5.778 0.163 1.272,2.906 1.551 2.021
10.24 3.02 23.0:0.594 1.799 1.919
3.54 26.16 18.0:4.351 0.292 1.147
17.86 19.36 13.0:4.379 1.849 1.31
3.77 7.84 1.0:5.748 0.59 1.276
14.2 19.64 13.0:6.13 1.789 1.166
15.88 5.54 21.0:0.073 0.914 1.506
1.32 19.32 23.0:1.399 0.653 1.144
20.5 25.33 16.0:3.76 0.251 1.332,5.305 0.376 1.085
16.76 19.84 8.0:1.709 0.19 1.842,5.352 0.258 1.151
27.5 17.66 24.0:4.83 0.778 1.004
19.41 20.67 15.0:5.04 0.264 1.144
20.49 14.03 24.0:2.799 1.682 2.658
20.9 7.67 8.0:5.704 1.579 1.677
2.75 25.4 5.0:5.315 0.138 1.141
16.1 19.74 3.0:1.526 1.698 1.164
0.43 1.12 9.0:2.913 0.536 2.058
13.57 9.41 11.0:5.091 0.663 2.666
0.3 9.16 7.0:6.021 1.526 1.34
0.45 23.35 10.0:5.828 0.33 1.532,2.446 1.678 1.311
22.69 23.13 13.0:1.45 1.028 4.506
19.12 20.2 13.0:1.86 0.443 2.272,0.486 0.399 1.062,3.43 0.197 1.894
7.0 21.44 8.0:1.286 1.778 3.306
28.88 0.86 24.0:3.389 0.854 1.359
19.6 2.11 14.0:3.752 0.4 2.707,5.021 0.148 1.587
22.78 15.42 27.0:0.491 0.401 1.024,2.682 0.608 3.391
13.51 8.05 1.0:6.058 1.125 1.666
0.51 11.06 5.0:6.023 1.849 2.451
4.31 23.12 20.0:4.872 1.711 2.061
19.68 25.62 5.0:3.491 0.156 1.694,4.362 0.41 1.28
16.32 3.73 3.0:5.524 0.706 1.575
7.14 25.9 13.0:5.331 0.978 1.124
1.04 13.47 6.0:1.973 1.316 1.117,4.159 0.33 1.573
17.46 2.56 28.0:4.033 1.844 2.926
23.49 17.75 5.0:1.859 1.337 1.071,5.62 0.173 2.238
11.96 15.15 17.0:5.428 1.346 1.535
22.85 14.85 2.0:0.122 0.173 1.256
28.47 6.08 23.0:2.711 1.194 2.525
6.52 19.42 17.0:2.075 0.75 1.331,3.944 0.919 1.696
26.85 25.82 6.0:5.43 0.144 2.165
21.48 10.3 21.0:4.912 0.168 3.075
29.08 2.62 18.0:0.479 1.766 1.33
22.54 18.26 14.0:1.775 0.518 2.576
4.46 7.85 7.0:4.949 1.485 1.233
21.61 23.16 4.0:2.554 0.538 1.638
6.82 21.1 13.0:4.525 0.233 2.255
6.48 2.46 25.0:5.641 1.31 1.051
26.7 3.44 27.0:3.987 0.831 1.814
7.03 28.12 1.0:3.792 0.218 2.518
20.3 3.86 2.0:2.33 0.975 1.144
17.02 12.33 17.0:3.165 0.839 1.531,4.725 0.718 2.183,1.061 0.579 2.477
0.2 24.8 3.0:4.609 1.19 2.601,1.046 0.185 6.184,3.219 0.175 1.004
13.97 18.49 4.0:0.645 0.293 1.271
1.88 3.33 13.0:2.843 0.383 1.161,0.566 0.403 2.459
14.25 23.83 1.0:3.164 1.197 2.211
27.22 11.98 16.0:1.069 0.613 3.082,2.682 0.769 2.022
22.05 7.74 10.0:6.177 1.844 2.328
3.08 21.03 13.0:5.29 0.978 1.662
12.66 26.02 3.0:1.974 1.251 1.43
3.69 14.33 21.0:4.328 0.924 1.291,0.567 0.246 1.427
26.93 13.06 24.0:1.257 1.87 2.807
1.57 19.84 19.0:2.072 0.683 2.156
19.01 14.36 13.0:5.035 0.141 1.214,2.159 0.16 1.259
14.24 18.8 19.0:0.848 0.635 1.04,3.384 1.687 1.3
20.49 13.59 8.0:4.588 1.478 1.143
3.3 17.86 1.0:1.186 1.065 3.899,3.374 0.514 1.696
28.72 20.92 29.0:0.185 1.953 1.295
7.49 6.59 24.0:0.045 0.704 1.128
12.19 16.11 1.0:0.247 1.997 1.903
17.52 0.97 10.0:2.229 0.345 3.808
10.35 6.18 11.0:1.02 0.4 3.047,1.977 0.49 1.629
13.61 21.12 17.0:1.536 1.862 1.287
0.26 14.37 13.0:3.074 1.083 2.037
12.58 26.64 16.0:6.029 0.998 1.25
21.57 24.07 2.0:2.962 1.506 1.963
14.5 0.3 22.0:0.972 1.432 9.384
25.6 22.91 2.0:4.351 0.132 1.369,1.517 0.295 1.292
10.92 4.13 8.0:1.416 1.876 1.324
26.65 20.04 28.0:6.253 0.7 2.733
18.63 4.3 24.0:2.252 0.231 1.67
7.29 16.28 12.0:3.371 1.501 1.135,1.419 0.355 2.416
4.34 9.51 5.0:1.527 0.325 1.625,5.267 0.208 1.249