100 1
18.190 6.320 0
2.380 18.260 0
15.52 28.03 7.0:4.71 0.557 2.177,1.6 1.347 1.035
9.0 28.01 5.0:2.072 0.161 3.0,5.36 0.245 1.648
16.93 2.09 24.0:5.348 0.536 1.85,0.414 0.349 1.217
8.64 19.85 3.0:2.609 1.185 2.007
18.43 29.93 23.0:4.802 0.868 3.253
3.94 10.77 3.0:1.706 1.03 3.601
14.78 7.61 26.0:3.622 1.221 1.748,1.519 0.674 1.768
2.41 25.06 24.0:5.311 0.235 2.044
18.41 11.88 16.0:3.169 1.098 1.648
14.91 17.24 21.0:3.73 1.176 1.783
7.14 0.48 6.0:3.552 1.421 1.745
13.44 24.76 17.0:5.565 0.208 1.061
17.54 29.43 27.0:6.095 0.2 2.456
16.71 9.5 27.0:3.962 0.851 1.312,2.273 0.674 1.402
12.38 26.66 1.0:2.676 0.744 1.019,1.22 0.246 1.376
25.69 6.34 6.0:4.682 0.764 2.924
11.62 24.0 27.0:1.548 0.42 1.699
10.24 3.02 23.0:2.857 1.243 1.832
3.54 26.16 18.0:1.262 0.184 1.35
17.86 19.36 13.0:4.748 0.705 1.24
3.77 7.84 1.0:4.748 1.76 1.153
14.2 19.64 13.0:1.368 0.909 2.759
15.88 5.54 21.0:0.239 0.635 4.32
1.32 19.32 23.0:2.909 1.148 1.22
20.5 25.33 16.0:6.191 1.406 1.365
16.76 19.84 8.0:0.738 0.444 1.007
27.5 17.66 24.0:1.122 1.632 1.362
19.41 20.67 15.0:4.752 0.756 2.278
20.49 14.03 24.0:0.468 0.484 1.931
20.9 7.67 8.0:4.942 0.182 1.279,2.932 0.567 2.686
2.75 25.4 5.0:4.085 0.237 2.572,1.259 0.191 1.362
16.1 19.74 3.0:5.122 0.178 1.546
0.43 1.12 9.0:5.712 1.314 1.388
13.57 9.41 11.0:5.028 1.392 1.113
0.3 9.16 7.0:5.995 0.867 1.725
0.45 23.35 10.0:6.024 0.951 1.234
22.69 23.13 13.0:6.051 0.987 1.845
19.12 20.2 13.0:3.311 0.507 1.547
7.0 21.44 8.0:4.929 0.7 2.868
28.88 0.86 24.0:3.126 0.194 3.237
19.6 2.11 14.0:1.16 1.018 1.502,3.322 0.503 1.466
22.78 15.42 27.0:4.809 0.531 2.553
13.51 8.05 1.0:0.929 1.082 1.377
0.51 11.06 5.0:2.646 0.294 1.585,5.219 0.889 1.233
4.31 23.12 20.0:2.667 1.889 1.855
19.68 25.62 5.0:5.979 0.342 1.594
16.32 3.73 3.0:4.028 1.388 3.349
7.14 25.9 13.0:4.876 1.467 1.066
1.04 13.47 6.0:5.888 0.518 1.163
17.46 2.56 28.0:3.577 0.481 3.766
23.49 17.75 5.0:0.002 0.95 1.601
11.96 15.15 17.0:0.212 0.139 2.306,4.333 1.635 3.226
22.85 14.85 2.0:5.653 0.416 1.495
28.47 6.08 23.0:5.203 1.436 1.441
6.52 19.42 17.0:3.096 1.227 2.676
26.85 25.82 6.0:1.847 1.883 1.329
21.48 10.3 21.0:4.172 0.534 1.677
29.08 2.62 18.0:2.001 0.303 1.052,3.407 0.842 1.526
22.54 18.26 14.0:0.55 1.261 2.084
4.46 7.85 7.0:5.725 0.167 2.925
21.61 23.16 4.0:5.504 0.16 1.327
6.82 21.1 13.0:0.784 1.019 1.075
6.48 2.46 25.0:0.914 1.912 1.392
26.7 3.44 27.0:2.351 0.206 2.118
7.03 28.12 1.0:4.083 0.275 1.069,4.788 0.359 3.038
20.3 3.86 2.0:2.172 0.189 1.797
17.02 12.33 17.0:1.649 1.187 2.263
0.2 24.8 3.0:2.427 0.346 1.6
13.97 18.49 4.0:2.351 0.351 4.622
1.88 3.33 13.0:0.131 0.762 1.875
14.25 23.83 1.0:4.376 0.543 2.027
27.22 11.98 16.0:0.086 1.442 1.478
22.05 7.74 10.0:3.982 1.559 1.29
3.08 21.03 13.0:5.913 0.597 1.096
12.66 26.02 3.0:2.198 1.212 4.255,5.131 0.266 1.377
3.69 14.33 21.0:2.556 0.721 1.042,4.847 0.475 1.822
26.93 13.06 24.0:0.337 0.869 2.238
1.57 19.84 19.0:1.968 1.235 2.341
19.01 14.36 13.0:1.395 0.2 1.122
14.24 18.8 19.0:4.788 1.436 1.253,0.573 0.22 1.663
20.49 13.59 8.0:5.781 0.459 2.983,3.292 0.3 1.38,1.647 1.061 2.194
3.3 17.86 1.0:4.643 1.981 1.019
28.72 20.92 29.0:4.775 0.178 1.066,3.596 0.469 1.26
7.49 6.59 24.0:2.548 1.112 1.096
12.19 16.11 1.0:4.018 1.335 1.268,5.98 0.173 4.292
17.52 0.97 10.0:4.383 1.225 1.039
10.35 6.18 11.0:6.239 1.529 1.376
13.61 21.12 17.0:0.231 0.801 1.429
0.26 14.37 13.0:4.96 0.543 1.759
12.58 26.64 16.0:0.638 0.136 2.625,1.47 0.685 2.821
21.57 24.07 2.0:0.637 0.942 1.093
14.5 0.3 22.0:5.658 0.287 1.91,2.99 1.488 1.859
25.6 22.91 2.0:1.295 0.412 1.274
10.92 4.13 8.0:1.569 0.997 1.358,5.147 0.869 2.898
26.65 20.04 28.0:1.836 1.642 3.585,4.768 0.395 2.131
18.63 4.3 24.0:3.756 0.216 1.989,0.787 0.374 1.277
7.29 16.28 12.0:0.18 0.554 2.167
4.34 9.51 5.0:6.24 0.653 1.215