100 1
18.190 6.320 0
2.380 18.260 0
15.52 28.03 7.0:4.731 0.335 3.98
9.0 28.01 5.0:3.135 0.818 1.554
16.93 2.09 24.0:0.986 0.279 1.203
8.64 19.85 3.0:5.508 0.795 4.374
18.43 29.93 23.0:0.127 1.228 1.133
3.94 10.77 3.0:4.432 0.134 1.001
14.78 7.61 26.0:4.608 0.216 1.277
2.41 25.06 24.0:5.066 1.692 1.384
18.41 11.88 16.0:2.139 1.723 1.379
14.91 17.24 21.0:1.099 0.532 1.471,5.485 0.454 2.296
7.14 0.48 6.0:4.397 0.339 3.127,3.146 0.563 3.917
13.44 24.76 17.0:0.751 1.778 2.654
17.54 29.43 27.0:1.649 0.225 1.66,4.415 1.726 1.127
16.71 9.5 27.0:3.836 0.276 2.363,0.836 0.424 1.397
12.38 26.66 1.0:1.75 0.385 1.64
25.69 6.34 6.0:2.897 0.771 1.483,0.387 0.191 2.071
11.62 24.0 27.0:0.196 0.376 1.213
10.24 3.02 23.0:0.281 1.823 1.582
3.54 26.16 18.0:4.706 0.885 2.816
17.86 19.36 13.0:4.125 0.184 1.14
3.77 7.84 1.0:0.626 0.967 1.212
14.2 19.64 13.0:1.113 0.416 1.436
15.88 5.54 21.0:5.191 0.881 1.802
1.32 19.32 23.0:3.751 0.902 2.304
20.5 25.33 16.0:4.223 0.942 1.76,2.331 0.436 4.871
16.76 19.84 8.0:1.466 1.33 1.276
27.5 17.66 24.0:1.384 0.904 3.204
19.41 20.67 15.0:2.91 0.194 1.752
20.49 14.03 24.0:1.034 0.305 1.106
20.9 7.67 8.0:5.326 0.443 2.027
2.75 25.4 5.0:3.822 0.149 2.514
16.1 19.74 3.0:4.412 0.593 1.78
0.43 1.12 9.0:5.869 1.335 1.393
13.57 9.41 11.0:5.236 0.521 1.485,3.024 0.784 2.567
0.3 9.16 7.0:1.801 1.672 1.434
0.45 23.35 10.0:5.116 0.493 1.587
22.69 23.13 13.0:2.68 0.82 1.567
19.12 20.2 13.0:2.543 0.144 1.059
7.0 21.44 8.0:0.844 0.589 1.165,2.047 0.542 1.075
28.88 0.86 24.0:6.121 1.865 1.083
19.6 2.11 14.0:5.474 0.448 9.538
22.78 15.42 27.0:1.487 0.154 1.262
13.51 8.05 1.0:1.256 1.049 2.131
0.51 11.06 5.0:1.203 0.281 4.94
4.31 23.12 20.0:1.188 1.003 1.182
19.68 25.62 5.0:2.995 0.43 1.553
16.32 3.73 3.0:5.489 0.829 1.807
7.14 25.9 13.0:0.809 0.231 2.294,4.74 1.501 2.209
1.04 13.47 6.0:1.865 0.274 1.353
17.46 2.56 28.0:0.277 0.717 1.082
23.49 17.75 5.0:0.688 0.923 2.614
11.96 15.15 17.0:3.623 1.678 1.304,0.934 0.347 1.156
22.85 14.85 2.0:2.346 1.359 1.392
28.47 6.08 23.0:1.164 1.345 1.417
6.52 19.42 17.0:5.197 1.048 1.653
26.85 25.82 6.0:1.548 0.479 1.251
21.48 10.3 21.0:5.825 0.604 2.482
29.08 2.62 18.0:3.316 0.152 1.129,0.951 0.356 2.66
22.54 18.26 14.0:0.358 1.516 1.39
4.46 7.85 7.0:5.731 0.607 1.26
21.61 23.16 4.0:2.661 1.044 1.09
6.82 21.1 13.0:4.782 0.13 2.961
6.48 2.46 25.0:1.627 1.209 3.717
26.7 3.44 27.0:0.922 0.195 2.404,1.485 0.363 1.736
7.03 28.12 1.0:5.943 1.039 9.361
20.3 3.86 2.0:1.368 0.947 1.553
17.02 12.33 17.0:2.157 0.673 2.512,4.324 0.833 1.076
0.2 24.8 3.0:4.079 0.827 2.052
13.97 18.49 4.0:3.461 0.983 2.517
1.88 3.33 13.0:0.145 0.3 1.994
14.25 23.83 1.0:1.098 0.531 1.016
27.22 11.98 16.0:5.955 1.746 2.43
22.05 7.74 10.0:1.634 0.496 1.505
3.08 21.03 13.0:4.452 0.146 1.298
12.66 26.02 3.0:2.678 1.557 2.511
3.69 14.33 21.0:3.124 0.943 1.933,5.766 0.167 4.595
26.93 13.06 24.0:6.06 1.591 1.058
1.57 19.84 19.0:0.387 0.987 2.938
19.01 14.36 13.0:2.182 0.439 1.913
14.24 18.8 19.0:5.136 0.85 2.075
20.49 13.59 8.0:4.531 1.27 1.603,1.797 0.375 1.854
3.3 17.86 1.0:2.857 0.237 1.866,4.387 0.551 1.486
28.72 20.92 29.0:0.158 1.394 2.116
7.49 6.59 24.0:0.041 1.804 1.98
12.19 16.11 1.0:2.629 1.098 2.783
17.52 0.97 10.0:3.655 0.468 1.571
10.35 6.18 11.0:3.504 0.207 1.452
13.61 21.12 17.0:1.042 1.334 1.548
0.26 14.37 13.0:4.805 0.227 1.827
12.58 26.64 16.0:0.46 0.158 1.45
21.57 24.07 2.0:5.961 0.621 3.781
14.5 0.3 22.0:2.538 0.454 2.106,0.871 0.853 1.134,5.169 0.373 3.843
25.6 22.91 2.0:0.516 1.577 2.156
10.92 4.13 8.0:2.423 1.892 1.544
26.65 20.04 28.0:1.432 0.231 1.562,5.59 0.283 1.19
18.63 4.3 24.0:5.826 0.45 1.77,4.401 0.152 1.754
7.29 16.28 12.0:0.123 1.794 2.114
4.34 9.51 5.0:5.146 0.819 1.228