n 66
tmax 100.0
rmin 0.75
r_max 1.00
eta 1.571
rho 0.750
-0.500 0.000 0
-7.000 -7.000 35 3.289 0.151 5.259 1.222
-7.000 -5.000 35 3.082 0.735
-7.000 -3.000 35 2.677 0.210 6.085 0.390
-7.000 -1.000 35 1.574 0.157 2.796 0.016
-7.000 1.000 35 4.703 0.157 5.988 0.229
-7.000 3.000 35 1.379 1.722
-7.000 5.000 35 1.533 0.079 2.275 0.342 4.929 0.427 0.229 0.471
-7.000 7.000 35 1.590 0.160 2.598 0.415
-5.000 -7.000 35 3.054 1.153 4.926 0.123
-5.000 -5.000 25 0.644 0.320 2.287 0.185 3.745 0.776 5.658 0.371
-5.000 -3.000 25 0.877 0.798 3.610 0.672
-5.000 -1.000 25 5.130 0.522 0.559 0.638
-5.000 1.000 25 1.737 0.013
-5.000 3.000 25 1.495 0.091 3.041 0.820 4.904 0.440 5.903 0.025
-5.000 5.000 25 1.316 0.157 2.969 0.408 5.576 0.723
-5.000 7.000 35 5.312 0.484
-3.000 -7.000 35 0.000 1.656
-3.000 -5.000 25 1.985 0.317 3.977 0.129 5.457 0.898
-3.000 -3.000 15 1.398 0.320 2.752 0.449 4.414 0.534 6.101 0.210
-3.000 -1.000 15 1.153 0.113 2.711 0.327 4.961 0.352
-3.000 1.000 15 3.126 0.402 0.204 1.407
-3.000 3.000 15 1.012 0.204 2.755 0.798 5.033 0.361
-3.000 5.000 25 1.565 0.116 3.550 0.437 0.072 0.961
-3.000 7.000 35 1.976 0.038 4.725 0.035
-1.000 -7.000 35 3.255 1.266 6.070 0.154
-1.000 -5.000 25 0.383 0.223 1.718 0.157 3.336 0.330
-1.000 -3.000 15 3.515 0.113 4.533 0.176 6.032 0.091
-1.000 -1.000 5 1.181 0.870 3.987 0.063 4.926 0.003
-1.000 1.000 5 1.687 0.239 3.123 0.745 5.290 1.166
-1.000 3.000 15 4.577 0.157 0.518 1.024
-1.000 5.000 25 3.113 0.842 5.071 0.355
-1.000 7.000 35 2.479 0.547 3.522 0.069 5.158 0.104 6.004 0.302
1.000 -7.000 35 2.944 0.245 4.794 0.305 5.928 0.565
1.000 -5.000 25 2.268 0.782 4.241 0.079 0.167 0.383
1.000 -3.000 15 0.506 0.119 1.546 0.173 4.452 0.352
1.000 -1.000 5 2.849 0.207 4.775 0.141 6.057 0.035
1.000 1.000 5 1.816 0.003 3.647 0.785
1.000 3.000 15 2.099 0.657 5.956 0.022
1.000 5.000 25 1.178 0.295 4.427 0.534 0.041 0.396
1.000 7.000 35 1.131 0.003 3.402 0.226 5.617 0.135
3.000 -7.000 35 3.481 0.531 0.195 0.248
3.000 -5.000 25 0.748 0.298 3.000 0.660
3.000 -3.000 15 0.776 0.232 5.466 0.342
3.000 -1.000 15 1.524 0.704 2.617 0.082 3.245 0.157
3.000 1.000 15 3.226 0.013 5.463 1.401
3.000 3.000 15 1.929 0.361 2.529 0.019 3.544 0.154 5.699 0.116
3.000 5.000 25 0.977 0.798 3.154 0.386 4.445 0.352
3.000 7.000 35 2.058 0.132 5.485 0.964
5.000 -7.000 35 2.900 0.302 6.277 1.228
5.000 -5.000 25 2.491 0.201 4.137 0.201 5.353 0.606
5.000 -3.000 25 0.701 0.251 3.566 0.138 4.577 0.038 6.148 0.289
5.000 -1.000 25 0.691 0.104 2.199 0.311 5.250 0.145
5.000 1.000 25 3.421 0.942 0.920 1.043
5.000 3.000 25 3.173 0.141 6.107 1.674
5.000 5.000 25 2.652 0.613 5.413 0.685
5.000 7.000 35 2.661 1.847
7.000 -7.000 35 3.415 1.068 0.245 0.368
7.000 -5.000 35 2.988 0.038 5.272 0.198 0.446 0.877
7.000 -3.000 35 1.668 0.119 3.600 0.412 5.828 0.126
7.000 -1.000 35 0.647 2.077
7.000 1.000 35 0.811 0.079 2.551 0.713 5.931 0.933
7.000 3.000 35 0.902 0.446
7.000 5.000 35 3.792 0.459 4.983 0.405 0.908 1.131
7.000 7.000 35 3.267 0.022 3.629 0.113 4.700 0.437
0.500 0.000 0