n 64
tmax 65.0
rmin 0.40
rmax 0.65
eta 2.356
rho 0.400
0.000 -7.000 0
-1.000 -6.000 6 2.919 0.327 6.126 0.738
1.000 -6.000 6 2.903 0.946 5.127 0.261 0.522 0.650
-2.000 -5.000 12 2.708 2.322
0.000 -5.000 6 0.650 0.006 2.318 0.801 5.105 0.773
2.000 -5.000 12 1.634 0.481 5.287 1.722
-3.000 -4.000 18 4.957 0.324 1.370 1.863
-1.000 -4.000 12 4.159 1.147 0.044 0.374
1.000 -4.000 12 2.941 0.154
3.000 -4.000 18 1.517 0.779 3.217 0.204 4.213 0.151
-4.000 -3.000 24 1.543 0.145 5.338 1.150
-2.000 -3.000 18 0.638 0.170 1.800 0.490 3.663 0.009 5.799 0.493
0.000 -3.000 12 3.767 0.773
2.000 -3.000 18 0.531 0.207 2.237 0.487 4.587 0.374 5.727 0.207
4.000 -3.000 24 3.327 0.691 5.482 0.484
-5.000 -2.000 30 2.350 0.587
-3.000 -2.000 24 3.148 0.311 5.912 1.549
-1.000 -2.000 18 1.159 0.653 4.452 0.364 5.806 0.405
1.000 -2.000 18 0.437 0.314 3.691 2.105
3.000 -2.000 24 1.879 0.141 4.087 1.546 0.176 0.330
5.000 -2.000 30 4.028 0.148 0.653 1.015
-6.000 -1.000 36 0.770 0.264 3.600 0.795
-4.000 -1.000 30 0.939 0.898
-2.000 -1.000 24 1.436 0.214 2.498 0.302 4.100 0.465
0.000 -1.000 18 1.973 1.002 5.187 0.622
2.000 -1.000 24 0.371 0.060 1.539 0.179 3.804 1.338
4.000 -1.000 30 2.271 0.195 4.760 0.101 6.136 0.308
6.000 -1.000 36 1.841 0.273 5.303 1.555
-7.000 0.000 42 1.323 0.741 3.267 0.814
-5.000 0.000 36 3.082 1.489 0.245 0.870
-3.000 0.000 30 1.012 0.914 3.581 0.581 5.557 0.057
-1.000 0.000 24 4.719 1.486
1.000 0.000 24 0.858 0.201 2.476 0.543 4.621 0.415
3.000 0.000 30 2.422 0.534 5.058 0.500
5.000 0.000 36 0.597 0.267 1.882 0.346 5.702 0.415
7.000 0.000 42 1.744 0.377 3.032 0.013 4.448 0.280 0.298 0.666
-6.000 1.000 36 3.252 0.522
-4.000 1.000 30 2.287 2.881
-2.000 1.000 24 2.815 0.851
0.000 1.000 18 1.313 0.355 3.283 0.471
2.000 1.000 24 3.632 2.787
4.000 1.000 30 0.779 0.097 1.869 0.163 5.196 0.782
6.000 1.000 36 3.066 1.517 6.038 0.192
-5.000 2.000 30 0.600 0.006 2.413 0.851
-3.000 2.000 24 1.112 0.726 4.851 1.561
-1.000 2.000 18 0.738 0.377 2.878 0.462
1.000 2.000 18 5.504 2.887
3.000 2.000 24 3.528 0.434 0.459 2.051
5.000 2.000 30 1.982 1.181 3.839 0.179 5.498 0.393
-4.000 3.000 24 0.955 0.386 2.152 0.057
-2.000 3.000 18 3.566 0.741 5.422 0.129 0.845 0.917
0.000 3.000 12 2.221 0.113 3.968 0.823 0.496 1.147
2.000 3.000 18 2.482 2.139 5.777 0.402
4.000 3.000 24 5.093 3.010
-3.000 4.000 18 2.249 1.926 4.882 0.022
-1.000 4.000 12 3.019 1.037
1.000 4.000 12 0.000 3.142
3.000 4.000 18 0.958 0.584 3.952 1.681
-2.000 5.000 12 1.599 0.188 3.500 0.217 4.932 0.795
0.000 5.000 6 0.927 0.088 2.699 0.151 4.320 1.288 6.242 0.050
2.000 5.000 12 3.223 1.844 6.085 0.094
-1.000 6.000 6 0.195 0.110 2.821 0.437 5.322 0.198
1.000 6.000 6 3.525 0.123 0.013 0.644
0.000 7.000 0