100, 1
35.000 35.000 0
35.000 35.000 0
15.0 30.0 26.0:3.448 0.991 1.551
55.0 5.0 29.0:2.749 0.581 1.839
31.0 52.0 27.0:0.547 1.537 3.04
60.0 12.0 31.0:5.021 0.714 2.517
8.0 56.0 27.0:0.743 1.847 1.307
13.0 52.0 36.0:3.572 0.14 1.961
6.0 68.0 30.0:3.846 1.021 3.878
21.0 24.0 28.0:4.284 0.671 1.062,2.259 1.202 2.099
56.0 39.0 36.0:4.214 0.476 1.577,1.322 0.55 5.454
55.0 54.0 26.0:1.312 0.389 1.173,4.104 0.378 2.068
16.0 22.0 41.0:0.868 1.507 1.101
4.0 18.0 35.0:6.137 0.995 2.344
28.0 18.0 26.0:0.246 0.429 1.128
26.0 27.0 27.0:1.861 0.632 1.836,0.746 0.179 1.308
55.0 45.0 13.0:0.59 0.935 3.649
55.0 20.0 19.0:2.002 1.246 1.883,4.193 0.439 1.02
55.0 60.0 16.0:0.03 1.291 1.858
30.0 60.0 16.0:1.402 1.574 2.681
20.0 65.0 12.0:3.652 1.267 2.033
50.0 35.0 19.0:0.121 1.116 1.962
30.0 25.0 23.0:0.851 0.966 2.056
15.0 10.0 20.0:2.309 1.698 2.217
10.0 20.0 19.0:5.777 2.007 3.026
20.0 40.0 12.0:3.868 0.236 2.884
15.0 60.0 17.0:5.073 0.62 2.195,3.576 0.183 1.604
45.0 20.0 11.0:4.537 1.628 4.71
45.0 10.0 18.0:5.377 1.279 1.056
45.0 30.0 17.0:4.987 0.351 1.424
35.0 40.0 16.0:5.831 1.218 1.032
41.0 37.0 16.0:1.035 1.031 1.861
40.0 60.0 21.0:1.495 1.015 1.891
35.0 69.0 23.0:1.96 0.334 3.889
53.0 52.0 11.0:3.082 0.391 1.57,1.429 0.173 1.374
65.0 55.0 14.0:4.375 0.298 1.07,2.373 0.145 2.138
5.0 5.0 16.0:2.851 1.711 1.244
11.0 14.0 18.0:1.655 1.348 1.484
6.0 38.0 16.0:5.222 1.047 3.061
47.0 47.0 13.0:1.719 0.305 2.163
37.0 31.0 14.0:5.953 0.39 1.73
57.0 29.0 18.0:1.304 0.566 1.325,2.668 0.718 1.884
36.0 26.0 18.0:5.428 0.245 1.833,3.251 0.602 1.156
12.0 24.0 13.0:3.067 1.835 2.381
24.0 58.0 19.0:0.524 0.953 1.346
62.0 77.0 20.0:0.63 0.138 3.653
49.0 73.0 25.0:4.209 0.428 1.066
67.0 5.0 25.0:6.142 1.655 1.413
57.0 68.0 15.0:6.042 0.361 3.982
47.0 16.0 25.0:5.915 1.649 1.962
49.0 11.0 18.0:0.931 0.78 1.147,3.006 0.557 1.211
49.0 42.0 13.0:3.213 0.21 4.609
53.0 43.0 14.0:5.696 0.194 1.142,4.863 0.62 1.055,2.093 0.362 2.293
57.0 48.0 23.0:0.072 1.378 1.159
15.0 47.0 16.0:0.5 0.379 2.97,4.223 0.897 1.315
14.0 37.0 11.0:0.826 0.456 1.609
26.0 35.0 15.0:4.371 0.299 2.194,1.781 1.423 2.508
18.0 24.0 22.0:1.63 0.416 1.616,3.692 0.318 2.608
25.0 24.0 20.0:0.484 0.463 4.205,3.26 0.938 2.037
22.0 27.0 11.0:0.222 0.804 2.144
25.0 21.0 12.0:0.81 0.306 1.61
18.0 18.0 17.0:4.55 0.607 3.344
41.0 49.0 10.0:4.336 0.494 2.011
35.0 17.0 7.0:1.009 0.708 1.611,5.004 0.966 4.034
25.0 30.0 3.0:5.157 0.275 1.065
20.0 50.0 5.0:5.335 0.536 1.205,6.025 0.138 3.649
10.0 43.0 9.0:0.626 1.636 1.396
30.0 5.0 8.0:3.861 0.657 1.25,0.208 0.182 1.292
5.0 30.0 2.0:0.076 0.228 1.964
45.0 65.0 9.0:6.121 0.623 2.018
65.0 35.0 3.0:6.217 1.41 1.276
65.0 20.0 6.0:1.546 1.129 1.728
64.0 42.0 9.0:2.665 0.435 1.536
63.0 65.0 8.0:5.207 0.362 5.233
2.0 60.0 5.0:1.863 0.384 4.015
20.0 20.0 8.0:4.334 1.67 1.469
40.0 25.0 9.0:1.08 0.46 1.271
42.0 7.0 5.0:5.922 1.834 4.441
24.0 12.0 5.0:0.445 0.267 1.141,1.84 0.638 1.927
23.0 3.0 7.0:2.405 1.915 1.321
2.0 48.0 1.0:5.635 0.887 1.608
49.0 58.0 10.0:1.561 0.564 1.406,3.178 0.833 3.579
27.0 43.0 9.0:0.306 0.217 2.141,1.594 0.526 1.974
63.0 23.0 2.0:1.288 0.515 2.128
53.0 12.0 6.0:5.524 0.149 1.466,3.416 1.232 1.756,1.776 0.132 3.552
32.0 12.0 7.0:0.562 0.618 1.025
17.0 34.0 3.0:2.153 0.334 2.188,3.91 0.228 2.115
27.0 69.0 10.0:0.017 0.986 4.291
15.0 77.0 9.0:4.376 0.804 2.565
37.0 47.0 6.0:2.777 1.194 1.258
37.0 56.0 5.0:3.916 0.246 1.699
44.0 17.0 9.0:5.801 1.916 1.037
46.0 13.0 8.0:2.445 0.276 3.385
61.0 52.0 3.0:2.766 1.199 1.04,0.481 0.381 1.062
56.0 37.0 6.0:0.384 1.303 2.117
11.0 31.0 7.0:1.913 0.731 1.192
26.0 52.0 9.0:0.397 0.744 1.272
31.0 67.0 3.0:2.312 0.509 1.143
15.0 19.0 1.0:2.158 0.604 2.278,4.142 0.531 2.677
22.0 22.0 2.0:6.134 1.692 2.446
19.0 21.0 10.0:4.387 0.506 1.16
20.0 26.0 9.0:0.394 0.663 2.483