100, 1
35.000 35.000 0
35.000 35.000 0
15.0 30.0 26.0:6.096 0.379 1.124
55.0 5.0 29.0:2.634 0.86 1.568,4.192 0.441 1.616
31.0 52.0 27.0:0.549 0.773 6.714
60.0 12.0 31.0:3.662 0.166 1.833
8.0 56.0 27.0:4.816 0.342 2.078
13.0 52.0 36.0:2.857 1.839 1.988
6.0 68.0 30.0:3.077 0.214 1.617,4.966 0.3 3.202,1.454 0.516 1.898
21.0 24.0 28.0:4.038 0.615 1.368,2.419 1.002 1.087
56.0 39.0 36.0:3.612 0.187 1.603
55.0 54.0 26.0:5.649 0.436 1.43,3.661 1.093 1.763
16.0 22.0 41.0:2.082 0.618 1.393
4.0 18.0 35.0:4.383 0.595 2.062
28.0 18.0 26.0:0.307 1.869 3.826
26.0 27.0 27.0:5.979 0.241 1.571,1.181 0.548 4.789
55.0 45.0 13.0:3.481 1.374 1.078
55.0 20.0 19.0:6.237 0.522 3.301
55.0 60.0 16.0:5.499 1.436 2.643
30.0 60.0 16.0:4.618 0.882 1.91
20.0 65.0 12.0:0.233 0.441 1.832
50.0 35.0 19.0:2.413 0.646 1.025
30.0 25.0 23.0:3.768 0.944 2.804
15.0 10.0 20.0:5.233 0.646 2.327
10.0 20.0 19.0:0.813 0.675 2.234
20.0 40.0 12.0:4.588 1.041 1.029
15.0 60.0 17.0:2.711 0.259 2.574,4.453 0.748 1.286
45.0 20.0 11.0:5.427 0.228 3.339
45.0 10.0 18.0:0.432 0.46 1.315
45.0 30.0 17.0:1.569 1.076 2.131
35.0 40.0 16.0:5.618 0.938 2.35
41.0 37.0 16.0:5.014 1.832 1.454
40.0 60.0 21.0:3.939 0.496 2.079,1.681 0.243 1.307,5.027 0.175 2.908
35.0 69.0 23.0:4.853 1.913 1.305
53.0 52.0 11.0:5.203 1.173 1.303
65.0 55.0 14.0:5.723 0.303 1.433,3.865 0.463 1.373
5.0 5.0 16.0:4.3 1.863 1.701
11.0 14.0 18.0:4.965 0.163 1.361,2.353 1.291 2.215
6.0 38.0 16.0:0.983 1.612 1.247
47.0 47.0 13.0:1.478 0.467 1.583
37.0 31.0 14.0:3.272 0.126 1.024
57.0 29.0 18.0:5.17 0.298 1.17,5.885 0.17 1.184,1.973 1.179 1.262
36.0 26.0 18.0:1.751 1.001 2.052
12.0 24.0 13.0:5.373 0.585 1.939,3.504 0.357 1.267
24.0 58.0 19.0:2.06 1.318 1.017
62.0 77.0 20.0:3.537 1.174 1.863
49.0 73.0 25.0:1.019 0.407 2.197,3.035 0.821 2.305
67.0 5.0 25.0:0.149 1.872 1.068
57.0 68.0 15.0:0.927 0.299 1.544
47.0 16.0 25.0:0.403 0.237 1.355,3.761 0.4 1.103
49.0 11.0 18.0:5.215 0.223 1.66
49.0 42.0 13.0:1.816 0.367 1.253
53.0 43.0 14.0:4.209 1.437 1.526
57.0 48.0 23.0:2.001 1.639 1.636,4.593 0.445 1.357
15.0 47.0 16.0:1.835 1.023 2.551
14.0 37.0 11.0:4.533 0.334 1.333,1.461 0.324 3.871
26.0 35.0 15.0:5.956 0.767 1.153
18.0 24.0 22.0:5.535 1.184 1.143
25.0 24.0 20.0:2.704 0.491 1.015
22.0 27.0 11.0:4.646 0.301 1.709,2.766 0.763 1.288
25.0 21.0 12.0:2.671 0.424 6.268,3.838 0.494 1.262
18.0 18.0 17.0:5.154 0.496 1.561
41.0 49.0 10.0:4.776 1.143 2.491
35.0 17.0 7.0:0.659 0.989 2.553
25.0 30.0 3.0:1.974 1.79 1.041
20.0 50.0 5.0:1.7 1.375 2.003
10.0 43.0 9.0:4.148 1.328 1.176
30.0 5.0 8.0:3.773 0.513 1.57
5.0 30.0 2.0:1.315 1.3 1.011
45.0 65.0 9.0:3.124 0.408 1.428
65.0 35.0 3.0:4.531 1.874 2.029
65.0 20.0 6.0:1.939 1.338 1.13
64.0 42.0 9.0:3.181 0.832 1.481
63.0 65.0 8.0:3.578 1.226 1.068
2.0 60.0 5.0:0.775 1.983 1.671
20.0 20.0 8.0:0.26 0.147 2.123,2.399 0.676 2.559
40.0 25.0 9.0:6.047 0.96 1.077
42.0 7.0 5.0:1.331 0.558 5.04
24.0 12.0 5.0:1.703 0.163 1.67,3.489 0.564 1.278,0.753 0.297 1.04
23.0 3.0 7.0:4.513 0.289 1.671,2.097 1.857 1.828
2.0 48.0 1.0:6.046 0.301 1.823
49.0 58.0 10.0:0.705 0.952 1.582
27.0 43.0 9.0:4.216 0.465 2.767,1.888 0.323 1.035
63.0 23.0 2.0:4.726 1.058 5.966
53.0 12.0 6.0:0.36 0.13 1.543,2.009 1.073 3.098
32.0 12.0 7.0:3.845 0.403 1.385
17.0 34.0 3.0:1.262 1.139 1.303
27.0 69.0 10.0:5.408 0.42 1.13,0.156 0.142 2.225
15.0 77.0 9.0:6.149 0.708 1.351
37.0 47.0 6.0:4.58 1.533 1.476
37.0 56.0 5.0:1.17 1.501 1.522
44.0 17.0 9.0:2.7 0.344 4.721
46.0 13.0 8.0:4.81 0.838 2.059
61.0 52.0 3.0:5.263 1.088 2.274
56.0 37.0 6.0:4.504 0.593 2.299,6.119 0.161 1.37
11.0 31.0 7.0:5.767 0.57 1.578
26.0 52.0 9.0:3.752 0.247 2.763,4.688 0.232 1.568,1.758 0.391 1.214
31.0 67.0 3.0:1.782 0.528 1.228
15.0 19.0 1.0:3.39 1.197 3.342,4.898 0.272 1.007
22.0 22.0 2.0:0.147 0.764 2.822
19.0 21.0 10.0:5.814 0.635 1.135
20.0 26.0 9.0:0.187 0.212 1.359