100, 1
35.000 35.000 0
35.000 35.000 0
15.0 30.0 26.0:3.018 1.715 1.119
55.0 5.0 29.0:1.329 1.626 1.112
31.0 52.0 27.0:2.393 1.789 1.333
60.0 12.0 31.0:0.603 1.208 1.49
8.0 56.0 27.0:2.536 0.169 3.346
13.0 52.0 36.0:1.8 0.181 1.182,0.652 0.464 2.829
6.0 68.0 30.0:0.142 0.186 1.626
21.0 24.0 28.0:4.0 1.413 4.813
56.0 39.0 36.0:2.803 0.645 1.007,4.198 0.371 1.322
55.0 54.0 26.0:5.43 1.422 1.721
16.0 22.0 41.0:5.562 0.305 1.144,2.361 0.53 2.798
4.0 18.0 35.0:3.573 0.383 2.715
28.0 18.0 26.0:2.896 0.645 1.22
26.0 27.0 27.0:0.91 0.2 1.264
55.0 45.0 13.0:4.313 1.75 1.862
55.0 20.0 19.0:1.136 0.755 1.231,4.908 1.286 3.184
55.0 60.0 16.0:3.389 1.385 2.531
30.0 60.0 16.0:2.314 0.484 1.021,3.924 0.682 1.38
20.0 65.0 12.0:1.48 1.556 1.138
50.0 35.0 19.0:5.374 0.435 1.901,1.014 0.869 1.792
30.0 25.0 23.0:0.016 1.721 1.143
15.0 10.0 20.0:4.587 0.161 1.696
10.0 20.0 19.0:0.065 0.146 1.137
20.0 40.0 12.0:1.671 0.28 1.069,0.636 0.26 2.249,3.359 1.273 1.072
15.0 60.0 17.0:2.478 1.965 1.453
45.0 20.0 11.0:3.417 1.308 1.104
45.0 10.0 18.0:5.489 1.157 1.396
45.0 30.0 17.0:4.815 0.777 2.318
35.0 40.0 16.0:4.133 0.615 2.22,5.341 0.297 1.281
41.0 37.0 16.0:5.566 0.741 2.983
40.0 60.0 21.0:5.992 0.17 5.685
35.0 69.0 23.0:4.197 0.388 1.473
53.0 52.0 11.0:5.584 0.257 1.423,0.766 0.598 1.176
65.0 55.0 14.0:5.008 1.712 1.653
5.0 5.0 16.0:4.774 1.828 1.562
11.0 14.0 18.0:1.672 0.376 1.558,4.808 0.433 1.584
6.0 38.0 16.0:4.403 0.249 2.492,0.658 0.146 1.428,5.288 0.614 2.899
47.0 47.0 13.0:4.168 0.818 1.179
37.0 31.0 14.0:2.675 1.688 1.621
57.0 29.0 18.0:5.904 0.412 1.862
36.0 26.0 18.0:4.368 0.163 1.162
12.0 24.0 13.0:0.739 1.495 1.232
24.0 58.0 19.0:4.388 0.794 2.086
62.0 77.0 20.0:3.378 0.71 2.263
49.0 73.0 25.0:2.106 0.427 2.865,3.494 0.289 1.473
67.0 5.0 25.0:1.082 0.515 1.709,5.373 0.216 1.041
57.0 68.0 15.0:1.01 0.495 1.365,3.135 0.22 2.376
47.0 16.0 25.0:5.528 0.906 3.05
49.0 11.0 18.0:1.627 1.027 1.076
49.0 42.0 13.0:4.105 0.847 3.428,1.545 0.17 3.086
53.0 43.0 14.0:3.589 1.888 1.017
57.0 48.0 23.0:3.412 0.721 1.545
15.0 47.0 16.0:5.053 0.867 1.526
14.0 37.0 11.0:0.89 0.813 1.836
26.0 35.0 15.0:4.104 0.572 1.389
18.0 24.0 22.0:3.228 0.256 2.424
25.0 24.0 20.0:1.866 1.554 1.053,4.273 0.447 1.701,5.916 0.246 1.612
22.0 27.0 11.0:4.72 0.184 1.298
25.0 21.0 12.0:3.621 1.238 3.489
18.0 18.0 17.0:2.597 1.085 1.273
41.0 49.0 10.0:4.417 0.733 1.337
35.0 17.0 7.0:5.481 0.722 2.795,2.635 0.312 1.798
25.0 30.0 3.0:4.127 0.64 1.02
20.0 50.0 5.0:1.888 0.142 1.03
10.0 43.0 9.0:6.19 0.207 1.6
30.0 5.0 8.0:5.27 0.383 2.737,2.649 0.632 1.046
5.0 30.0 2.0:3.071 1.416 1.789,1.216 0.137 1.19
45.0 65.0 9.0:2.568 1.07 2.084,3.84 0.151 1.162
65.0 35.0 3.0:5.158 0.69 1.636
65.0 20.0 6.0:2.552 0.914 3.291
64.0 42.0 9.0:3.444 1.103 1.251
63.0 65.0 8.0:5.775 1.42 1.216
2.0 60.0 5.0:5.083 0.616 3.214
20.0 20.0 8.0:1.878 1.672 2.79
40.0 25.0 9.0:1.641 0.814 2.694,3.671 1.014 1.964
42.0 7.0 5.0:1.853 0.612 2.467
24.0 12.0 5.0:5.681 0.769 1.613
23.0 3.0 7.0:5.853 0.735 1.26
2.0 48.0 1.0:4.216 0.743 2.319,1.682 1.413 1.16,5.75 0.165 1.246
49.0 58.0 10.0:5.412 0.559 1.96,1.852 0.256 1.341
27.0 43.0 9.0:2.796 0.293 1.935
63.0 23.0 2.0:1.261 0.21 1.015
53.0 12.0 6.0:5.808 0.307 1.741
32.0 12.0 7.0:0.938 1.506 2.394
17.0 34.0 3.0:1.393 0.384 4.096
27.0 69.0 10.0:5.677 1.761 3.886
15.0 77.0 9.0:2.272 0.497 2.829
37.0 47.0 6.0:3.431 1.73 1.53
37.0 56.0 5.0:0.656 1.797 1.315
44.0 17.0 9.0:3.059 0.617 1.55
46.0 13.0 8.0:3.869 0.21 3.006
61.0 52.0 3.0:3.577 0.383 1.66,2.118 0.171 3.677
56.0 37.0 6.0:5.788 0.946 1.768
11.0 31.0 7.0:1.724 1.778 2.408
26.0 52.0 9.0:3.049 0.135 3.013,4.681 0.156 1.242
31.0 67.0 3.0:5.863 1.696 1.313
15.0 19.0 1.0:5.28 1.997 3.277
22.0 22.0 2.0:4.229 1.764 1.188
19.0 21.0 10.0:5.985 0.424 2.593
20.0 26.0 9.0:2.01 1.171 1.013