100, 1
35.000 35.000 0
35.000 35.000 0
15.0 30.0 26.0:3.609 1.132 2.183
55.0 5.0 29.0:1.584 0.821 1.412
31.0 52.0 27.0:5.822 0.846 5.375
60.0 12.0 31.0:2.845 1.261 1.748
8.0 56.0 27.0:4.81 0.775 2.133
13.0 52.0 36.0:5.172 1.157 1.453
6.0 68.0 30.0:3.006 0.723 4.201
21.0 24.0 28.0:2.738 1.758 3.404
56.0 39.0 36.0:4.691 0.324 1.554
55.0 54.0 26.0:4.053 0.276 1.916,1.613 0.752 2.042
16.0 22.0 41.0:3.842 0.525 1.229,1.831 0.58 1.232
4.0 18.0 35.0:2.881 0.222 1.049,0.807 0.796 1.515
28.0 18.0 26.0:4.704 0.394 3.666,3.141 0.259 1.163
26.0 27.0 27.0:0.614 1.794 4.125
55.0 45.0 13.0:1.579 1.183 1.298
55.0 20.0 19.0:2.261 0.401 2.782
55.0 60.0 16.0:1.76 0.362 1.093,3.454 0.787 2.24
30.0 60.0 16.0:4.662 1.622 2.416
20.0 65.0 12.0:4.966 0.231 1.495,1.951 0.157 1.007
50.0 35.0 19.0:4.636 1.284 1.015
30.0 25.0 23.0:5.784 0.176 1.387,3.777 1.198 1.355
15.0 10.0 20.0:2.908 0.375 3.947
10.0 20.0 19.0:4.872 1.077 2.478,1.099 0.353 1.782
20.0 40.0 12.0:5.608 0.309 1.409
15.0 60.0 17.0:4.418 0.232 1.531,0.853 0.791 1.191
45.0 20.0 11.0:4.213 0.58 2.67
45.0 10.0 18.0:2.436 0.149 1.993,5.073 0.29 2.36
45.0 30.0 17.0:5.356 1.379 4.989
35.0 40.0 16.0:5.78 1.423 3.641
41.0 37.0 16.0:4.615 0.504 4.297
40.0 60.0 21.0:0.257 0.625 1.713
35.0 69.0 23.0:3.233 0.612 2.503
53.0 52.0 11.0:0.105 1.084 1.255
65.0 55.0 14.0:2.102 1.832 2.782
5.0 5.0 16.0:5.497 0.672 3.137,3.27 0.384 1.061
11.0 14.0 18.0:2.106 0.376 1.14
6.0 38.0 16.0:0.855 0.353 1.204,4.071 1.344 2.42
47.0 47.0 13.0:3.179 0.896 1.857
37.0 31.0 14.0:3.135 0.453 1.572,1.434 0.305 3.863
57.0 29.0 18.0:0.067 1.545 2.873
36.0 26.0 18.0:1.864 0.186 1.544
12.0 24.0 13.0:1.382 0.532 1.095,3.735 0.36 1.27
24.0 58.0 19.0:4.483 1.844 2.258
62.0 77.0 20.0:1.504 0.284 1.493
49.0 73.0 25.0:2.717 1.348 2.025,5.095 0.163 4.468
67.0 5.0 25.0:5.343 0.447 1.944
57.0 68.0 15.0:2.83 1.287 1.865
47.0 16.0 25.0:3.055 0.218 2.157
49.0 11.0 18.0:1.39 0.376 1.889
49.0 42.0 13.0:3.638 0.713 1.792,2.473 0.251 2.118
53.0 43.0 14.0:5.805 0.818 1.013
57.0 48.0 23.0:5.531 1.277 1.132
15.0 47.0 16.0:0.224 0.955 3.8
14.0 37.0 11.0:5.3 1.538 2.831
26.0 35.0 15.0:3.14 0.489 2.92
18.0 24.0 22.0:5.689 1.851 3.16
25.0 24.0 20.0:2.966 0.441 1.092
22.0 27.0 11.0:5.525 1.374 1.413
25.0 21.0 12.0:4.818 0.181 1.09
18.0 18.0 17.0:1.992 0.336 1.218
41.0 49.0 10.0:0.485 1.413 5.834
35.0 17.0 7.0:4.576 0.627 1.129
25.0 30.0 3.0:2.386 0.235 1.126,5.401 0.846 2.454
20.0 50.0 5.0:3.689 0.341 1.11
10.0 43.0 9.0:1.362 0.389 2.317
30.0 5.0 8.0:3.668 0.312 1.22
5.0 30.0 2.0:0.623 1.69 4.423
45.0 65.0 9.0:0.454 0.679 1.314
65.0 35.0 3.0:0.827 0.61 2.058
65.0 20.0 6.0:2.977 0.372 2.023,3.847 0.313 2.956
64.0 42.0 9.0:4.849 0.876 1.812
63.0 65.0 8.0:1.276 0.901 1.504
2.0 60.0 5.0:2.042 1.574 1.301
20.0 20.0 8.0:3.0 0.607 1.47
40.0 25.0 9.0:1.882 0.696 1.172,5.074 0.308 1.908
42.0 7.0 5.0:1.649 1.991 1.178
24.0 12.0 5.0:2.745 0.96 1.132,4.203 0.256 2.408
23.0 3.0 7.0:1.506 0.144 1.694
2.0 48.0 1.0:4.995 1.178 3.497,2.577 0.144 1.794
49.0 58.0 10.0:4.578 0.642 1.034,5.917 0.217 1.641
27.0 43.0 9.0:3.615 0.531 1.669
63.0 23.0 2.0:0.796 1.73 1.771
53.0 12.0 6.0:5.964 0.359 1.448
32.0 12.0 7.0:0.972 1.626 1.655
17.0 34.0 3.0:1.005 1.769 2.286
27.0 69.0 10.0:1.596 1.655 2.339
15.0 77.0 9.0:6.25 1.027 1.166
37.0 47.0 6.0:4.567 0.474 1.132
37.0 56.0 5.0:2.985 0.209 1.307
44.0 17.0 9.0:4.361 0.637 3.52
46.0 13.0 8.0:3.513 1.843 1.042
61.0 52.0 3.0:4.563 1.766 1.005
56.0 37.0 6.0:4.549 0.954 1.264,1.63 0.676 2.361
11.0 31.0 7.0:0.191 1.325 1.328
26.0 52.0 9.0:2.912 1.386 1.109
31.0 67.0 3.0:1.297 1.846 2.038
15.0 19.0 1.0:2.606 0.592 1.654
22.0 22.0 2.0:5.842 1.15 1.138
19.0 21.0 10.0:2.874 0.487 2.002,1.023 0.17 3.74
20.0 26.0 9.0:1.821 1.591 3.274