100 1
35.000 35.000 0
35.000 35.000 0
15.0 30.0 26.0:2.496 0.531 2.015
55.0 5.0 29.0:6.134 1.204 1.065
31.0 52.0 27.0:3.28 0.23 2.368,4.857 0.219 2.885
60.0 12.0 31.0:6.179 0.576 2.155
8.0 56.0 27.0:5.416 0.21 1.689
13.0 52.0 36.0:3.651 0.285 1.06
6.0 68.0 30.0:0.728 0.648 1.316
21.0 24.0 28.0:4.218 1.07 1.953,2.166 0.607 1.073
56.0 39.0 36.0:4.106 0.857 1.519
55.0 54.0 26.0:2.017 0.222 2.007,4.632 1.215 1.109
16.0 22.0 41.0:5.449 0.615 1.211,3.361 0.552 1.73
4.0 18.0 35.0:5.295 0.194 1.105,2.345 0.198 1.308,1.4 0.348 1.068
28.0 18.0 26.0:0.412 0.278 2.485,5.38 0.902 1.61
26.0 27.0 27.0:0.964 0.321 1.567
55.0 45.0 13.0:3.319 1.33 3.26,4.91 0.148 3.107
55.0 20.0 19.0:4.34 0.551 1.454
55.0 60.0 16.0:4.283 0.832 1.174,1.743 0.23 1.048
30.0 60.0 16.0:6.099 0.296 1.085
20.0 65.0 12.0:4.522 0.454 1.736
50.0 35.0 19.0:2.337 0.127 1.285
30.0 25.0 23.0:2.0 0.709 1.41,5.396 0.684 3.126
15.0 10.0 20.0:5.938 0.57 2.57
10.0 20.0 19.0:1.539 0.282 1.348
20.0 40.0 12.0:3.104 0.252 2.704,4.889 0.654 1.108
15.0 60.0 17.0:1.911 0.189 1.553
45.0 20.0 11.0:0.676 0.38 1.125,3.57 0.978 4.725
45.0 10.0 18.0:5.859 0.595 1.277
45.0 30.0 17.0:1.573 0.158 1.525,3.037 1.071 1.474
35.0 40.0 16.0:5.085 1.875 3.278
41.0 37.0 16.0:2.246 0.437 1.119
40.0 60.0 21.0:1.15 1.316 1.669
35.0 69.0 23.0:2.673 0.332 1.243
53.0 52.0 11.0:5.045 0.997 2.302,1.0 0.228 2.015
65.0 55.0 14.0:5.102 1.762 1.347
5.0 5.0 16.0:2.627 0.219 1.641
11.0 14.0 18.0:4.607 0.565 3.199,2.574 0.815 2.337
6.0 38.0 16.0:0.032 1.194 3.52
47.0 47.0 13.0:4.464 0.295 1.661
37.0 31.0 14.0:0.882 1.786 1.917
57.0 29.0 18.0:1.614 1.717 1.395
36.0 26.0 18.0:2.721 1.762 2.3
12.0 24.0 13.0:3.63 1.4 2.588
24.0 58.0 19.0:2.165 1.293 3.01,4.844 0.255 1.582
62.0 77.0 20.0:3.056 1.03 1.988
49.0 73.0 25.0:5.095 0.174 1.128,2.188 1.654 1.407
67.0 5.0 25.0:0.728 0.172 1.101
57.0 68.0 15.0:3.559 0.516 1.378
47.0 16.0 25.0:3.25 1.724 2.754
49.0 11.0 18.0:0.242 0.342 1.044
49.0 42.0 13.0:0.627 1.504 1.164
53.0 43.0 14.0:5.114 0.254 1.258
57.0 48.0 23.0:0.433 0.469 2.301
15.0 47.0 16.0:6.119 0.298 1.739
14.0 37.0 11.0:1.383 0.224 1.389,3.914 0.71 1.381
26.0 35.0 15.0:3.032 1.663 3.8,0.435 0.294 9.561
18.0 24.0 22.0:1.239 0.46 2.636,3.361 0.966 2.287
25.0 24.0 20.0:5.795 1.648 1.241
22.0 27.0 11.0:0.076 0.358 2.335
25.0 21.0 12.0:3.235 1.155 1.646,1.437 0.133 1.045
18.0 18.0 17.0:5.526 0.352 1.114,3.268 1.873 1.339
41.0 49.0 10.0:0.132 0.377 1.269
35.0 17.0 7.0:5.96 0.767 1.139
25.0 30.0 3.0:5.93 0.528 1.136
20.0 50.0 5.0:1.99 0.145 2.919,3.938 0.659 1.645
10.0 43.0 9.0:1.669 0.755 2.736
30.0 5.0 8.0:1.952 1.243 2.221,4.971 0.899 1.542
5.0 30.0 2.0:0.033 0.807 1.052
45.0 65.0 9.0:5.397 0.126 1.326
65.0 35.0 3.0:4.345 0.404 2.02
65.0 20.0 6.0:2.5 0.254 2.974
64.0 42.0 9.0:0.27 0.832 2.406
63.0 65.0 8.0:4.769 1.912 1.804
2.0 60.0 5.0:5.839 1.526 2.53
20.0 20.0 8.0:0.415 0.673 1.551
40.0 25.0 9.0:1.028 0.828 2.695,2.773 0.154 1.804
42.0 7.0 5.0:6.047 0.223 1.997
24.0 12.0 5.0:6.271 1.974 1.925
23.0 3.0 7.0:0.804 0.32 2.017,3.664 1.88 1.33
2.0 48.0 1.0:4.578 1.432 1.498,2.071 0.22 1.25
49.0 58.0 10.0:4.296 0.215 1.506
27.0 43.0 9.0:1.738 0.528 1.025
63.0 23.0 2.0:1.449 1.453 1.381
53.0 12.0 6.0:0.653 1.33 1.555
32.0 12.0 7.0:0.651 0.965 2.603
17.0 34.0 3.0:1.88 0.76 5.126
27.0 69.0 10.0:2.448 0.403 3.894
15.0 77.0 9.0:0.852 1.126 1.458
37.0 47.0 6.0:5.831 1.494 1.323
37.0 56.0 5.0:2.387 1.134 1.02
44.0 17.0 9.0:1.939 1.84 3.192
46.0 13.0 8.0:5.405 0.519 2.689
61.0 52.0 3.0:5.033 1.495 1.052
56.0 37.0 6.0:3.157 1.385 5.031
11.0 31.0 7.0:5.895 0.378 1.613
26.0 52.0 9.0:4.759 0.915 1.111,1.279 0.305 1.124
31.0 67.0 3.0:2.247 0.65 1.514
15.0 19.0 1.0:0.394 0.286 1.164
22.0 22.0 2.0:3.683 0.808 1.452
19.0 21.0 10.0:3.489 1.879 1.127
20.0 26.0 9.0:4.911 0.397 1.852