100 1
35.000 35.000 0
35.000 35.000 0
15.0 30.0 26.0:2.965 1.78 2.051
55.0 5.0 29.0:0.208 1.461 2.61
31.0 52.0 27.0:5.691 0.792 1.661
60.0 12.0 31.0:1.535 0.498 1.339
8.0 56.0 27.0:0.287 1.378 1.674
13.0 52.0 36.0:0.23 0.3 1.647
6.0 68.0 30.0:5.607 0.559 2.19
21.0 24.0 28.0:3.245 0.97 1.799
56.0 39.0 36.0:4.94 1.533 3.782
55.0 54.0 26.0:0.476 1.014 1.448
16.0 22.0 41.0:4.38 0.65 5.379,3.088 0.361 1.132
4.0 18.0 35.0:1.279 0.244 3.412
28.0 18.0 26.0:3.094 1.555 1.5
26.0 27.0 27.0:4.143 0.722 1.319
55.0 45.0 13.0:1.869 1.994 1.057
55.0 20.0 19.0:1.922 0.186 2.006
55.0 60.0 16.0:5.764 1.969 1.622
30.0 60.0 16.0:5.824 0.553 2.006
20.0 65.0 12.0:1.923 0.972 1.389,5.433 0.589 1.121
50.0 35.0 19.0:3.834 0.646 1.134
30.0 25.0 23.0:4.036 1.171 1.422
15.0 10.0 20.0:2.565 1.522 4.278
10.0 20.0 19.0:2.465 1.186 2.55
20.0 40.0 12.0:3.744 0.473 4.225,1.076 0.19 1.573
15.0 60.0 17.0:5.321 1.483 1.115
45.0 20.0 11.0:5.565 0.603 3.186
45.0 10.0 18.0:4.775 1.525 1.271
45.0 30.0 17.0:4.822 1.345 3.145
35.0 40.0 16.0:1.38 0.522 2.186,3.566 1.231 2.898
41.0 37.0 16.0:6.243 0.255 1.837
40.0 60.0 21.0:2.119 0.276 1.19
35.0 69.0 23.0:0.362 1.602 2.332
53.0 52.0 11.0:5.687 1.045 1.272
65.0 55.0 14.0:5.064 0.136 1.112
5.0 5.0 16.0:3.648 1.974 1.512
11.0 14.0 18.0:2.138 1.033 2.377
6.0 38.0 16.0:3.492 0.875 1.667
47.0 47.0 13.0:4.349 1.011 2.57,2.214 0.704 1.007
37.0 31.0 14.0:3.679 1.949 1.327
57.0 29.0 18.0:2.147 1.058 4.608
36.0 26.0 18.0:0.593 0.421 1.082
12.0 24.0 13.0:1.376 1.353 1.233,4.512 1.701 2.285
24.0 58.0 19.0:2.218 0.801 1.444
62.0 77.0 20.0:1.135 0.476 2.647
49.0 73.0 25.0:1.571 0.281 1.211
67.0 5.0 25.0:6.193 0.602 1.065
57.0 68.0 15.0:4.523 1.212 1.892,2.008 0.143 1.786
47.0 16.0 25.0:0.91 0.231 3.633
49.0 11.0 18.0:3.173 0.166 1.161
49.0 42.0 13.0:4.226 0.98 3.597
53.0 43.0 14.0:6.158 1.276 8.015
57.0 48.0 23.0:0.383 0.924 1.02
15.0 47.0 16.0:1.152 1.252 1.008
14.0 37.0 11.0:3.349 1.243 1.044
26.0 35.0 15.0:3.24 1.018 1.195
18.0 24.0 22.0:5.062 0.786 2.928,1.857 0.333 1.229
25.0 24.0 20.0:3.445 0.629 1.364
22.0 27.0 11.0:4.198 0.845 4.835,0.697 0.32 2.342
25.0 21.0 12.0:0.509 0.56 1.181
18.0 18.0 17.0:6.124 1.231 3.39
41.0 49.0 10.0:1.037 0.193 2.059,5.793 0.251 1.254
35.0 17.0 7.0:5.191 0.635 1.659
25.0 30.0 3.0:0.808 0.188 1.731,4.77 0.858 2.411
20.0 50.0 5.0:2.517 0.171 1.937,0.95 0.517 1.249
10.0 43.0 9.0:4.663 0.221 1.639
30.0 5.0 8.0:3.372 0.23 1.763,5.159 0.127 1.163
5.0 30.0 2.0:3.592 0.768 1.17
45.0 65.0 9.0:2.998 1.154 1.95
65.0 35.0 3.0:4.702 1.822 5.044
65.0 20.0 6.0:3.096 1.848 1.445
64.0 42.0 9.0:4.572 0.138 3.163
63.0 65.0 8.0:2.574 1.395 1.994,4.695 0.679 1.098
2.0 60.0 5.0:0.749 1.46 1.459
20.0 20.0 8.0:3.203 0.65 1.612,5.768 0.181 1.529
40.0 25.0 9.0:3.452 0.174 1.142
42.0 7.0 5.0:5.607 0.332 1.062,0.841 0.647 1.337
24.0 12.0 5.0:0.487 0.93 3.567
23.0 3.0 7.0:3.945 1.638 1.093
2.0 48.0 1.0:0.464 1.351 2.259
49.0 58.0 10.0:0.029 1.973 3.706
27.0 43.0 9.0:4.299 0.53 1.083
63.0 23.0 2.0:0.202 0.711 1.03
53.0 12.0 6.0:0.858 0.211 2.447,3.89 0.212 1.126
32.0 12.0 7.0:3.868 0.427 1.568
17.0 34.0 3.0:6.021 1.158 4.078
27.0 69.0 10.0:0.949 0.643 2.162
15.0 77.0 9.0:0.204 0.134 2.673,4.478 0.889 1.006
37.0 47.0 6.0:1.375 1.954 1.002
37.0 56.0 5.0:1.417 0.607 3.06,4.894 0.796 3.219
44.0 17.0 9.0:2.688 0.364 4.742,4.776 0.292 2.017
46.0 13.0 8.0:4.13 0.434 3.862
61.0 52.0 3.0:5.701 1.349 1.622
56.0 37.0 6.0:5.979 1.394 1.52
11.0 31.0 7.0:4.953 0.719 1.04
26.0 52.0 9.0:5.936 0.78 1.665
31.0 67.0 3.0:2.177 0.611 3.092
15.0 19.0 1.0:4.1 1.061 2.292,1.857 0.808 1.385
22.0 22.0 2.0:5.35 0.913 1.502
19.0 21.0 10.0:6.281 0.304 3.374
20.0 26.0 9.0:3.077 0.843 3.557