100, 1
35.000 35.000 0
35.000 35.000 0
15.0 30.0 26.0:3.336 0.59 2.539
55.0 5.0 29.0:2.236 0.871 1.558
31.0 52.0 27.0:2.815 1.462 1.319
60.0 12.0 31.0:5.973 1.684 1.853
8.0 56.0 27.0:4.424 1.848 2.711
13.0 52.0 36.0:0.481 0.143 1.617
6.0 68.0 30.0:5.737 2.009 3.139
21.0 24.0 28.0:3.384 0.203 1.14
56.0 39.0 36.0:5.124 0.442 4.117,2.321 1.697 3.64
55.0 54.0 26.0:3.782 1.051 3.651
16.0 22.0 41.0:0.34 0.864 1.615
4.0 18.0 35.0:5.351 0.553 4.551
28.0 18.0 26.0:5.566 0.452 1.093
26.0 27.0 27.0:5.519 0.677 1.526,2.617 1.961 1.853
55.0 45.0 13.0:4.633 0.411 2.646,1.415 1.3 1.224
55.0 20.0 19.0:1.94 1.723 1.059
55.0 60.0 16.0:6.185 0.137 2.327
30.0 60.0 16.0:4.754 0.855 1.585
20.0 65.0 12.0:3.263 1.762 1.382,5.361 0.317 1.013
50.0 35.0 19.0:0.592 1.302 1.39
30.0 25.0 23.0:0.359 0.88 2.81
15.0 10.0 20.0:3.006 0.384 2.194,4.16 0.13 2.522
10.0 20.0 19.0:5.547 1.364 1.226
20.0 40.0 12.0:5.401 0.676 2.587
15.0 60.0 17.0:3.069 0.979 2.079,5.248 0.641 1.485
45.0 20.0 11.0:6.186 0.719 1.866
45.0 10.0 18.0:2.409 1.945 1.682
45.0 30.0 17.0:4.902 0.361 3.131
35.0 40.0 16.0:5.561 0.92 1.831
41.0 37.0 16.0:1.665 0.968 2.063,4.264 0.427 1.26
40.0 60.0 21.0:0.824 1.236 1.303
35.0 69.0 23.0:5.778 1.909 1.595
53.0 52.0 11.0:1.552 0.887 3.025,3.25 0.618 1.119
65.0 55.0 14.0:0.938 1.604 1.131
5.0 5.0 16.0:2.47 1.622 2.35
11.0 14.0 18.0:1.656 0.312 2.787
6.0 38.0 16.0:2.938 0.133 4.655,0.945 0.423 1.032
47.0 47.0 13.0:5.727 0.528 1.413,4.221 0.348 2.234
37.0 31.0 14.0:5.474 0.624 2.694
57.0 29.0 18.0:0.073 0.835 1.254
36.0 26.0 18.0:4.384 1.579 1.651
12.0 24.0 13.0:5.318 1.985 1.487
24.0 58.0 19.0:4.809 1.984 1.216
62.0 77.0 20.0:1.647 0.883 2.421,4.621 0.603 1.024
49.0 73.0 25.0:5.112 0.298 1.038
67.0 5.0 25.0:6.26 0.563 2.646
57.0 68.0 15.0:0.01 1.859 1.005
47.0 16.0 25.0:3.496 1.63 2.728
49.0 11.0 18.0:0.19 1.649 1.643
49.0 42.0 13.0:4.17 1.709 2.67,1.914 0.425 3.897
53.0 43.0 14.0:1.904 0.837 2.426,4.902 0.388 1.149
57.0 48.0 23.0:1.943 1.737 3.439
15.0 47.0 16.0:1.812 0.559 2.121
14.0 37.0 11.0:5.821 0.873 1.041
26.0 35.0 15.0:1.713 0.531 3.344
18.0 24.0 22.0:2.97 0.457 2.277
25.0 24.0 20.0:3.657 0.35 1.202
22.0 27.0 11.0:0.778 0.939 1.788
25.0 21.0 12.0:3.573 1.167 1.21,0.574 0.167 1.348
18.0 18.0 17.0:1.753 0.436 1.07,5.103 0.188 1.162
41.0 49.0 10.0:2.477 0.365 1.355,1.237 0.303 1.703
35.0 17.0 7.0:6.103 0.289 2.238
25.0 30.0 3.0:2.731 1.63 2.198
20.0 50.0 5.0:1.716 1.553 1.282
10.0 43.0 9.0:5.942 0.865 2.235
30.0 5.0 8.0:0.342 0.325 2.34,1.867 0.587 1.302
5.0 30.0 2.0:1.124 0.687 1.538,5.291 0.378 2.622
45.0 65.0 9.0:3.628 0.739 1.184
65.0 35.0 3.0:3.809 1.971 1.642
65.0 20.0 6.0:5.026 0.208 1.027,2.52 1.05 2.262
64.0 42.0 9.0:0.076 0.978 3.047
63.0 65.0 8.0:4.388 0.507 1.755,2.713 0.567 3.136
2.0 60.0 5.0:3.932 0.567 5.029
20.0 20.0 8.0:5.482 1.0 1.465
40.0 25.0 9.0:2.319 0.517 1.938,0.419 0.379 2.274
42.0 7.0 5.0:1.837 0.875 2.547
24.0 12.0 5.0:4.033 1.061 1.316,1.37 0.36 1.637
23.0 3.0 7.0:1.44 1.711 1.243
2.0 48.0 1.0:4.454 0.738 4.253,3.326 0.153 2.858
49.0 58.0 10.0:5.155 1.652 2.501
27.0 43.0 9.0:0.876 1.926 3.714
63.0 23.0 2.0:4.374 0.127 1.903,1.835 0.759 6.113
53.0 12.0 6.0:0.835 1.33 3.202
32.0 12.0 7.0:2.803 0.285 1.191
17.0 34.0 3.0:3.864 0.174 3.311,5.748 0.226 2.56
27.0 69.0 10.0:2.477 1.59 1.514
15.0 77.0 9.0:0.356 1.312 1.164
37.0 47.0 6.0:4.007 0.52 1.476
37.0 56.0 5.0:2.175 1.512 1.407
44.0 17.0 9.0:0.299 0.588 2.353
46.0 13.0 8.0:1.239 0.214 2.578
61.0 52.0 3.0:5.41 1.696 1.298
56.0 37.0 6.0:5.789 1.125 2.204
11.0 31.0 7.0:5.047 1.642 1.789
26.0 52.0 9.0:4.289 0.389 1.098
31.0 67.0 3.0:1.657 0.52 1.613,4.447 0.653 1.758,0.324 0.187 4.534
15.0 19.0 1.0:5.488 1.807 1.316
22.0 22.0 2.0:0.944 0.957 1.596
19.0 21.0 10.0:3.454 0.289 1.032,2.745 0.364 1.16
20.0 26.0 9.0:4.289 0.372 2.048,2.578 0.418 2.248