100 1
35.000 35.000 0
35.000 35.000 0
15.0 30.0 26.0:5.066 1.713 1.419
55.0 5.0 29.0:0.938 0.267 1.551,3.08 0.962 1.71
31.0 52.0 27.0:3.137 0.313 1.471
60.0 12.0 31.0:0.096 1.025 3.166
8.0 56.0 27.0:1.813 1.577 1.926
13.0 52.0 36.0:0.011 1.945 1.52
6.0 68.0 30.0:0.803 0.145 1.14,0.235 0.135 1.591,4.294 0.652 1.456
21.0 24.0 28.0:0.643 1.093 3.0
56.0 39.0 36.0:0.174 0.723 1.442
55.0 54.0 26.0:5.251 0.185 1.752,3.915 0.173 1.505
16.0 22.0 41.0:4.621 0.139 1.843
4.0 18.0 35.0:5.305 1.734 2.947
28.0 18.0 26.0:0.268 0.192 3.131,3.35 0.725 1.379
26.0 27.0 27.0:0.031 0.402 1.053
55.0 45.0 13.0:2.023 0.131 1.275
55.0 20.0 19.0:4.491 1.3 5.017
55.0 60.0 16.0:3.783 0.725 1.114
30.0 60.0 16.0:4.277 0.226 2.18
20.0 65.0 12.0:0.623 1.445 1.261
50.0 35.0 19.0:2.6 0.592 1.181,5.279 0.168 2.108
30.0 25.0 23.0:4.343 1.479 1.811,1.244 0.427 1.368
15.0 10.0 20.0:4.355 0.754 1.572,2.36 1.072 1.8
10.0 20.0 19.0:4.357 1.786 1.775
20.0 40.0 12.0:2.368 0.331 1.456,4.413 0.188 1.416
15.0 60.0 17.0:0.757 1.134 1.777
45.0 20.0 11.0:3.212 0.63 1.791,4.846 0.979 1.862
45.0 10.0 18.0:3.004 0.374 2.34
45.0 30.0 17.0:0.34 0.675 1.152
35.0 40.0 16.0:3.38 0.888 1.225
41.0 37.0 16.0:4.715 1.948 1.371
40.0 60.0 21.0:0.317 0.85 1.259
35.0 69.0 23.0:1.222 0.794 2.473
53.0 52.0 11.0:3.598 0.397 1.257,2.065 0.315 1.563,0.44 0.356 1.479
65.0 55.0 14.0:2.118 0.279 1.216,5.537 0.19 1.849
5.0 5.0 16.0:3.489 1.557 1.396
11.0 14.0 18.0:3.813 0.147 1.669,5.377 0.345 2.533
6.0 38.0 16.0:2.524 0.784 1.03
47.0 47.0 13.0:2.162 0.455 1.561
37.0 31.0 14.0:3.597 1.424 1.519
57.0 29.0 18.0:2.67 1.314 1.625,4.794 0.704 1.309
36.0 26.0 18.0:5.334 0.137 1.4
12.0 24.0 13.0:1.521 0.188 1.362,4.696 1.149 3.332
24.0 58.0 19.0:5.051 0.245 1.673
62.0 77.0 20.0:3.442 1.292 2.435
49.0 73.0 25.0:4.085 0.177 1.248
67.0 5.0 25.0:4.043 0.289 1.064
57.0 68.0 15.0:5.867 0.824 1.046
47.0 16.0 25.0:2.202 2.011 1.75
49.0 11.0 18.0:3.587 0.399 1.32
49.0 42.0 13.0:2.726 1.022 1.029
53.0 43.0 14.0:2.845 1.007 1.901
57.0 48.0 23.0:2.065 1.921 1.651
15.0 47.0 16.0:2.257 1.483 1.835
14.0 37.0 11.0:0.605 0.568 2.295,4.32 0.139 1.138
26.0 35.0 15.0:5.013 0.957 1.195,1.631 0.922 1.578
18.0 24.0 22.0:5.146 0.261 2.419
25.0 24.0 20.0:3.922 0.366 2.528,0.643 0.504 1.373
22.0 27.0 11.0:5.976 1.575 1.22
25.0 21.0 12.0:0.383 0.818 1.309
18.0 18.0 17.0:3.563 0.688 2.981
41.0 49.0 10.0:0.257 1.813 2.403
35.0 17.0 7.0:1.428 1.538 1.136
25.0 30.0 3.0:2.031 1.513 1.572
20.0 50.0 5.0:2.128 0.223 1.035,3.147 0.544 4.744
10.0 43.0 9.0:1.631 0.286 1.661,4.549 0.449 4.501,0.968 0.137 1.331
30.0 5.0 8.0:4.209 1.568 3.804
5.0 30.0 2.0:0.159 1.571 1.085
45.0 65.0 9.0:1.969 0.172 1.626,4.666 1.311 1.534
65.0 35.0 3.0:5.762 0.546 1.262
65.0 20.0 6.0:0.162 0.792 1.515
64.0 42.0 9.0:0.457 0.564 1.465
63.0 65.0 8.0:4.735 1.348 2.407
2.0 60.0 5.0:4.966 0.41 1.755
20.0 20.0 8.0:0.577 1.378 1.539
40.0 25.0 9.0:0.943 0.532 1.542,3.902 1.233 1.225
42.0 7.0 5.0:1.098 0.697 1.462
24.0 12.0 5.0:0.386 1.458 1.176
23.0 3.0 7.0:3.16 0.883 1.312,4.678 0.183 1.085
2.0 48.0 1.0:3.38 0.19 1.97,5.786 0.31 1.014
49.0 58.0 10.0:5.82 0.22 1.062
27.0 43.0 9.0:1.208 0.746 1.769,3.835 0.853 1.314
63.0 23.0 2.0:4.461 0.825 2.963
53.0 12.0 6.0:4.152 0.773 2.846
32.0 12.0 7.0:3.671 1.459 1.049
17.0 34.0 3.0:6.163 1.249 1.729
27.0 69.0 10.0:0.969 0.644 1.649
15.0 77.0 9.0:4.259 0.432 2.037
37.0 47.0 6.0:1.469 0.23 4.478,4.806 0.97 1.414
37.0 56.0 5.0:3.164 1.096 2.961
44.0 17.0 9.0:1.944 1.934 1.519
46.0 13.0 8.0:1.177 1.309 2.109
61.0 52.0 3.0:5.104 1.58 4.464
56.0 37.0 6.0:0.298 0.856 4.405
11.0 31.0 7.0:5.567 0.323 1.758,2.23 0.835 3.409
26.0 52.0 9.0:0.036 1.599 1.937
31.0 67.0 3.0:5.904 0.554 1.462
15.0 19.0 1.0:0.124 0.799 1.559
22.0 22.0 2.0:4.212 0.599 1.765
19.0 21.0 10.0:4.522 1.313 3.498,1.096 0.227 2.17
20.0 26.0 9.0:0.703 1.236 1.559