100, 1
35.000 35.000 0
35.000 35.000 0
15.0 30.0 26.0:5.748 0.502 1.114
55.0 5.0 29.0:1.298 0.463 2.991
31.0 52.0 27.0:3.45 0.183 2.359
60.0 12.0 31.0:1.73 0.603 1.541
8.0 56.0 27.0:0.609 1.8 2.599
13.0 52.0 36.0:4.476 1.48 1.386
6.0 68.0 30.0:1.597 0.162 2.508,4.932 0.651 1.084
21.0 24.0 28.0:4.316 0.24 1.02,1.452 0.465 1.994
56.0 39.0 36.0:2.092 1.706 2.939
55.0 54.0 26.0:1.541 1.776 1.223
16.0 22.0 41.0:3.444 0.359 1.041
4.0 18.0 35.0:4.354 1.341 1.153
28.0 18.0 26.0:5.114 1.128 1.47,2.534 0.473 3.43
26.0 27.0 27.0:1.438 0.311 2.773,5.062 0.906 1.168
55.0 45.0 13.0:0.945 1.498 1.849
55.0 20.0 19.0:1.288 1.252 2.464
55.0 60.0 16.0:3.821 1.195 3.106,1.483 0.273 1.591
30.0 60.0 16.0:2.99 1.966 1.34
20.0 65.0 12.0:3.233 1.025 1.979,0.93 0.721 1.073
50.0 35.0 19.0:5.555 0.33 3.657,2.379 0.787 2.185
30.0 25.0 23.0:2.137 0.459 2.083
15.0 10.0 20.0:0.558 1.353 2.526
10.0 20.0 19.0:4.105 0.147 1.983,3.117 0.543 5.79
20.0 40.0 12.0:1.3 0.884 1.259
15.0 60.0 17.0:0.629 0.192 1.871,1.521 0.618 1.475
45.0 20.0 11.0:4.877 1.944 1.633
45.0 10.0 18.0:4.876 0.482 1.072,3.083 0.613 1.013
45.0 30.0 17.0:2.101 1.307 1.11
35.0 40.0 16.0:0.062 0.219 1.182
41.0 37.0 16.0:4.994 0.286 1.85
40.0 60.0 21.0:3.513 1.367 2.263
35.0 69.0 23.0:0.442 2.002 1.65
53.0 52.0 11.0:4.563 0.793 3.221,0.606 0.235 2.172,3.173 0.531 2.316
65.0 55.0 14.0:5.518 1.427 1.862
5.0 5.0 16.0:2.709 0.333 1.558
11.0 14.0 18.0:5.305 1.914 2.389
6.0 38.0 16.0:5.822 0.691 3.454
47.0 47.0 13.0:3.766 0.161 1.422,3.203 0.398 1.363
37.0 31.0 14.0:5.002 1.315 1.988
57.0 29.0 18.0:5.997 0.267 1.329
36.0 26.0 18.0:6.159 0.146 1.174
12.0 24.0 13.0:2.881 1.811 1.572
24.0 58.0 19.0:0.389 0.353 1.032,1.186 0.297 2.265
62.0 77.0 20.0:1.018 0.704 1.128
49.0 73.0 25.0:2.297 1.22 1.186
67.0 5.0 25.0:3.401 0.394 1.647
57.0 68.0 15.0:3.364 0.673 1.988
47.0 16.0 25.0:5.89 0.228 1.084
49.0 11.0 18.0:6.119 0.985 1.87
49.0 42.0 13.0:1.509 1.495 3.599
53.0 43.0 14.0:6.238 0.359 1.77
57.0 48.0 23.0:3.338 0.247 1.374
15.0 47.0 16.0:1.277 0.662 1.681
14.0 37.0 11.0:1.586 1.796 1.144
26.0 35.0 15.0:0.573 0.352 1.433,3.341 1.023 1.259
18.0 24.0 22.0:5.437 0.672 1.332
25.0 24.0 20.0:3.564 0.131 1.643
22.0 27.0 11.0:5.258 0.327 3.451,2.637 0.392 2.085
25.0 21.0 12.0:1.014 1.016 2.538
18.0 18.0 17.0:1.766 0.216 1.765,3.61 0.292 2.022
41.0 49.0 10.0:3.668 0.243 1.042,1.973 0.415 1.001
35.0 17.0 7.0:6.059 0.341 1.61
25.0 30.0 3.0:4.995 2.0 2.587
20.0 50.0 5.0:6.226 0.594 3.081
10.0 43.0 9.0:5.887 0.129 1.483,2.905 0.92 3.024
30.0 5.0 8.0:1.775 1.167 2.074
5.0 30.0 2.0:4.678 0.296 1.485,0.427 0.308 1.733
45.0 65.0 9.0:3.131 0.146 1.392,4.561 1.154 3.115
65.0 35.0 3.0:0.901 0.176 1.242
65.0 20.0 6.0:0.349 0.162 2.85,5.217 0.224 1.247
64.0 42.0 9.0:2.526 0.598 1.256
63.0 65.0 8.0:0.952 0.178 1.039,1.772 0.344 2.198
2.0 60.0 5.0:2.541 0.759 1.447
20.0 20.0 8.0:1.411 0.715 1.855
40.0 25.0 9.0:0.868 0.61 1.636,3.47 0.361 1.154
42.0 7.0 5.0:5.623 1.062 1.207
24.0 12.0 5.0:6.269 0.211 1.756
23.0 3.0 7.0:4.859 1.884 1.804
2.0 48.0 1.0:3.267 0.415 1.8
49.0 58.0 10.0:4.914 1.684 1.002
27.0 43.0 9.0:6.117 0.607 2.86
63.0 23.0 2.0:1.124 0.622 1.003
53.0 12.0 6.0:5.046 0.196 1.247,1.485 1.118 1.796
32.0 12.0 7.0:1.013 1.957 2.841
17.0 34.0 3.0:0.323 0.826 1.658
27.0 69.0 10.0:5.601 0.513 2.417
15.0 77.0 9.0:0.831 0.861 1.22
37.0 47.0 6.0:4.667 0.24 1.159
37.0 56.0 5.0:0.248 0.651 1.494
44.0 17.0 9.0:0.605 0.925 1.245
46.0 13.0 8.0:2.37 1.096 2.969
61.0 52.0 3.0:2.936 1.705 2.309
56.0 37.0 6.0:5.444 0.784 1.56,2.431 1.707 2.109
11.0 31.0 7.0:2.668 0.679 3.112,4.449 0.881 2.13
26.0 52.0 9.0:6.094 0.182 1.208
31.0 67.0 3.0:1.999 1.851 1.259
15.0 19.0 1.0:3.551 0.42 2.415,1.701 0.221 2.322
22.0 22.0 2.0:2.303 0.238 1.781
19.0 21.0 10.0:0.579 0.253 1.033
20.0 26.0 9.0:1.02 1.186 2.163