100 1
35.000 35.000 0
35.000 35.000 0
15.0 30.0 26.0:4.749 0.13 1.592
55.0 5.0 29.0:3.9 1.462 1.292,2.016 0.284 1.339
31.0 52.0 27.0:0.722 1.315 3.14
60.0 12.0 31.0:4.504 1.025 2.098
8.0 56.0 27.0:1.935 0.507 2.246
13.0 52.0 36.0:2.998 1.715 1.442
6.0 68.0 30.0:5.799 0.393 1.567
21.0 24.0 28.0:3.296 1.384 1.227
56.0 39.0 36.0:1.062 1.342 1.572
55.0 54.0 26.0:3.383 1.863 4.318
16.0 22.0 41.0:4.922 0.364 1.007,2.571 1.084 1.042
4.0 18.0 35.0:5.386 0.861 2.017,1.387 0.322 2.055
28.0 18.0 26.0:4.805 0.835 2.787
26.0 27.0 27.0:4.787 1.59 1.151
55.0 45.0 13.0:0.822 0.587 1.648,3.963 0.669 1.995
55.0 20.0 19.0:1.442 0.908 1.098,3.562 0.374 1.235
55.0 60.0 16.0:3.328 0.165 1.798,2.401 0.168 3.709
30.0 60.0 16.0:0.872 0.149 1.9
20.0 65.0 12.0:3.729 0.232 1.379,1.352 0.261 1.36
50.0 35.0 19.0:1.55 0.462 3.085
30.0 25.0 23.0:1.214 0.771 2.032,4.209 0.402 1.942
15.0 10.0 20.0:0.91 0.467 2.891,4.781 0.212 1.62,5.722 0.549 2.444
10.0 20.0 19.0:3.678 0.897 1.486
20.0 40.0 12.0:1.698 1.141 1.028,3.475 0.157 1.875
15.0 60.0 17.0:3.45 0.904 3.458
45.0 20.0 11.0:3.146 0.373 1.497,3.843 0.275 3.394
45.0 10.0 18.0:4.597 1.686 1.06
45.0 30.0 17.0:3.427 1.521 1.42
35.0 40.0 16.0:2.332 1.102 2.708
41.0 37.0 16.0:4.868 0.995 3.582
40.0 60.0 21.0:1.871 0.657 2.481
35.0 69.0 23.0:4.787 0.94 1.071,0.789 0.403 1.925
53.0 52.0 11.0:0.328 1.724 1.825
65.0 55.0 14.0:0.35 0.841 2.5
5.0 5.0 16.0:1.874 0.684 1.71
11.0 14.0 18.0:0.033 0.782 1.264
6.0 38.0 16.0:2.271 1.568 1.4
47.0 47.0 13.0:4.345 0.467 1.266,0.699 0.241 1.465
37.0 31.0 14.0:6.159 0.19 1.456
57.0 29.0 18.0:0.488 1.199 1.269
36.0 26.0 18.0:4.378 0.591 1.038
12.0 24.0 13.0:1.472 0.807 3.827
24.0 58.0 19.0:0.389 1.889 2.643
62.0 77.0 20.0:5.656 0.455 1.513,0.316 0.235 1.191
49.0 73.0 25.0:0.434 1.67 1.874
67.0 5.0 25.0:6.069 1.525 1.101
57.0 68.0 15.0:3.302 0.248 2.19,4.601 0.677 2.002
47.0 16.0 25.0:0.528 0.264 1.695,2.114 0.333 2.731
49.0 11.0 18.0:3.141 1.674 2.189
49.0 42.0 13.0:3.082 0.546 2.059
53.0 43.0 14.0:4.249 0.853 1.895
57.0 48.0 23.0:2.124 0.403 1.176,5.53 0.164 4.752,0.965 0.722 1.565
15.0 47.0 16.0:5.692 0.926 2.584
14.0 37.0 11.0:6.277 1.651 2.465
26.0 35.0 15.0:1.825 0.522 1.353,4.691 1.455 2.886
18.0 24.0 22.0:2.05 0.853 3.392
25.0 24.0 20.0:6.045 0.193 3.966
22.0 27.0 11.0:6.037 0.527 1.018
25.0 21.0 12.0:2.217 0.235 1.127,4.841 0.378 1.035
18.0 18.0 17.0:5.263 0.236 2.819,3.75 1.161 1.655
41.0 49.0 10.0:3.193 1.846 1.439
35.0 17.0 7.0:2.071 1.812 2.464
25.0 30.0 3.0:4.566 0.87 5.575
20.0 50.0 5.0:1.78 0.627 1.613,3.315 0.2 1.415
10.0 43.0 9.0:5.747 1.238 2.413
30.0 5.0 8.0:5.296 0.165 2.314,2.294 0.144 1.046
5.0 30.0 2.0:6.256 0.382 3.814
45.0 65.0 9.0:3.761 1.037 1.464
65.0 35.0 3.0:4.136 0.187 1.682,5.43 0.248 1.213,1.803 0.396 2.135
65.0 20.0 6.0:4.889 1.274 2.364
64.0 42.0 9.0:4.015 1.133 2.405
63.0 65.0 8.0:3.436 0.27 2.482,5.84 0.243 2.372
2.0 60.0 5.0:5.966 0.427 2.385
20.0 20.0 8.0:3.324 1.776 1.001
40.0 25.0 9.0:5.882 0.189 1.639,3.448 1.033 1.108,1.113 0.85 3.076
42.0 7.0 5.0:4.573 0.592 1.653
24.0 12.0 5.0:2.45 1.493 1.891
23.0 3.0 7.0:1.977 0.532 2.098
2.0 48.0 1.0:4.862 0.492 1.139,2.899 0.566 1.374
49.0 58.0 10.0:1.089 0.839 2.465
27.0 43.0 9.0:2.352 0.872 2.019,0.999 0.295 1.519
63.0 23.0 2.0:0.845 0.14 1.818,5.264 0.6 1.184
53.0 12.0 6.0:4.209 0.194 2.232,6.039 0.133 2.577
32.0 12.0 7.0:2.616 0.531 1.06
17.0 34.0 3.0:0.89 0.866 1.158
27.0 69.0 10.0:1.351 0.682 1.329,3.252 0.4 2.453
15.0 77.0 9.0:0.489 1.335 1.294
37.0 47.0 6.0:3.709 0.362 3.431
37.0 56.0 5.0:0.003 1.415 1.421
44.0 17.0 9.0:1.787 0.771 1.004
46.0 13.0 8.0:6.123 0.226 1.518
61.0 52.0 3.0:2.839 0.399 1.679
56.0 37.0 6.0:5.942 0.252 3.495,2.96 1.513 1.416
11.0 31.0 7.0:0.139 0.49 2.535
26.0 52.0 9.0:1.837 1.601 3.565
31.0 67.0 3.0:4.505 0.16 2.495
15.0 19.0 1.0:5.671 1.433 1.458
22.0 22.0 2.0:5.9 1.857 2.769
19.0 21.0 10.0:3.819 0.867 1.067
20.0 26.0 9.0:3.428 1.479 1.079