100 1
35.000 35.000 0
35.000 35.000 0
15.0 30.0 26.0:3.4 0.13 1.236
55.0 5.0 29.0:2.839 1.619 1.389
31.0 52.0 27.0:1.077 0.18 1.549,3.924 1.445 1.912
60.0 12.0 31.0:4.937 0.431 3.035,3.173 0.387 1.08
8.0 56.0 27.0:3.709 0.77 1.165
13.0 52.0 36.0:1.977 1.35 8.062
6.0 68.0 30.0:4.39 0.713 1.246
21.0 24.0 28.0:4.766 1.348 2.115,2.196 0.243 1.044
56.0 39.0 36.0:3.731 1.432 1.264
55.0 54.0 26.0:4.751 0.26 1.304,3.895 0.287 2.953
16.0 22.0 41.0:2.035 1.227 1.605,5.585 0.426 2.023,3.957 0.165 1.408
4.0 18.0 35.0:5.986 1.456 2.05
28.0 18.0 26.0:3.101 0.144 1.066,1.557 0.697 1.122
26.0 27.0 27.0:6.232 0.55 1.108
55.0 45.0 13.0:4.14 0.195 1.575
55.0 20.0 19.0:3.75 1.036 2.336
55.0 60.0 16.0:4.141 1.506 4.212
30.0 60.0 16.0:1.787 1.835 2.702
20.0 65.0 12.0:1.797 0.38 2.008,4.098 1.732 1.802
50.0 35.0 19.0:5.392 1.869 1.105
30.0 25.0 23.0:3.98 0.729 1.543
15.0 10.0 20.0:2.093 0.556 1.256
10.0 20.0 19.0:6.23 0.635 1.533
20.0 40.0 12.0:1.785 1.61 7.633
15.0 60.0 17.0:5.299 1.339 2.37
45.0 20.0 11.0:1.385 0.507 1.005,3.472 0.868 1.739
45.0 10.0 18.0:4.31 1.954 2.962
45.0 30.0 17.0:2.881 0.305 1.019
35.0 40.0 16.0:5.55 1.759 2.683
41.0 37.0 16.0:2.854 0.198 4.2
40.0 60.0 21.0:6.089 0.355 3.192
35.0 69.0 23.0:0.585 1.358 4.932
53.0 52.0 11.0:0.474 0.401 3.246,1.756 0.252 1.215
65.0 55.0 14.0:0.194 1.833 2.842
5.0 5.0 16.0:0.503 0.487 1.951
11.0 14.0 18.0:0.083 1.275 1.174
6.0 38.0 16.0:5.154 0.491 2.693,4.286 0.284 3.611
47.0 47.0 13.0:5.427 0.202 2.483,1.587 0.793 4.998
37.0 31.0 14.0:5.755 1.053 1.009
57.0 29.0 18.0:4.762 0.802 2.024
36.0 26.0 18.0:1.18 0.633 1.343,4.165 0.147 1.454
12.0 24.0 13.0:3.424 1.792 4.616
24.0 58.0 19.0:0.239 0.413 1.622
62.0 77.0 20.0:2.502 0.178 1.764
49.0 73.0 25.0:5.473 0.563 1.613,2.17 1.117 1.809
67.0 5.0 25.0:6.101 1.156 2.491
57.0 68.0 15.0:0.818 1.276 1.723
47.0 16.0 25.0:0.337 1.353 2.431
49.0 11.0 18.0:0.841 0.313 3.127,3.032 0.641 1.323
49.0 42.0 13.0:2.725 1.704 2.006,0.198 0.193 4.555
53.0 43.0 14.0:5.737 0.412 1.52
57.0 48.0 23.0:1.051 0.526 1.353,4.867 0.607 1.338
15.0 47.0 16.0:2.639 1.229 1.169
14.0 37.0 11.0:0.196 1.455 1.393
26.0 35.0 15.0:0.963 0.272 1.311
18.0 24.0 22.0:3.008 1.156 2.451,5.765 0.483 1.585
25.0 24.0 20.0:3.703 0.49 1.107
22.0 27.0 11.0:5.984 1.725 1.046
25.0 21.0 12.0:5.359 0.243 1.055
18.0 18.0 17.0:5.039 1.914 1.569
41.0 49.0 10.0:3.122 0.805 3.028
35.0 17.0 7.0:4.199 1.037 1.946
25.0 30.0 3.0:4.71 1.232 1.385,0.675 0.135 1.019
20.0 50.0 5.0:5.458 1.296 1.133
10.0 43.0 9.0:5.315 1.023 1.581
30.0 5.0 8.0:4.614 0.477 1.447,2.109 1.328 1.743
5.0 30.0 2.0:3.924 1.754 3.326
45.0 65.0 9.0:3.429 1.277 1.209
65.0 35.0 3.0:5.901 0.362 1.05,4.197 0.281 1.333
65.0 20.0 6.0:2.116 0.917 1.372,4.523 1.092 1.671
64.0 42.0 9.0:0.885 0.432 1.812,3.465 1.416 2.165
63.0 65.0 8.0:0.966 0.854 5.393,4.042 0.892 1.318
2.0 60.0 5.0:4.975 1.558 3.628
20.0 20.0 8.0:4.482 0.55 2.156
40.0 25.0 9.0:2.504 0.209 1.329
42.0 7.0 5.0:2.517 1.066 1.119
24.0 12.0 5.0:1.041 0.417 1.529
23.0 3.0 7.0:5.905 0.147 3.082
2.0 48.0 1.0:0.221 1.558 1.177
49.0 58.0 10.0:2.362 1.809 3.107
27.0 43.0 9.0:1.271 0.257 1.45
63.0 23.0 2.0:3.676 1.757 1.996,1.242 0.18 1.196
53.0 12.0 6.0:3.802 0.705 1.171
32.0 12.0 7.0:3.609 1.132 2.183
17.0 34.0 3.0:1.584 1.796 1.758
27.0 69.0 10.0:6.204 0.753 2.209
15.0 77.0 9.0:2.629 1.366 2.732
37.0 47.0 6.0:3.006 0.669 2.373
37.0 56.0 5.0:4.053 0.394 1.175
44.0 17.0 9.0:3.03 1.088 1.344
46.0 13.0 8.0:2.406 0.709 1.704,1.285 0.241 1.049
61.0 52.0 3.0:4.704 0.394 3.666,3.141 0.259 1.163
56.0 37.0 6.0:0.614 1.88 1.189
11.0 31.0 7.0:6.244 0.543 1.818
26.0 52.0 9.0:1.76 1.818 1.798
31.0 67.0 3.0:1.462 0.202 2.355,2.181 0.152 1.636
15.0 19.0 1.0:3.697 1.345 3.749
22.0 22.0 2.0:4.966 0.231 1.495,1.951 0.157 1.007
19.0 21.0 10.0:4.636 1.284 1.015
20.0 26.0 9.0:5.784 1.206 2.19