100, 1
35.000 35.000 0
35.000 35.000 0
15.0 30.0 26.0:2.726 1.792 1.643
55.0 5.0 29.0:4.665 1.619 3.673
31.0 52.0 27.0:5.104 0.229 2.619
60.0 12.0 31.0:5.333 0.619 2.204
8.0 56.0 27.0:6.087 0.164 1.77,1.162 0.511 1.924,3.884 0.255 5.547
13.0 52.0 36.0:6.075 1.682 1.747
6.0 68.0 30.0:0.036 1.833 2.007
21.0 24.0 28.0:0.124 0.799 1.559
56.0 39.0 36.0:4.212 0.599 1.765
55.0 54.0 26.0:4.522 1.313 3.498,1.096 0.227 2.17
16.0 22.0 41.0:0.703 1.158 1.668
4.0 18.0 35.0:2.69 1.427 3.087
28.0 18.0 26.0:0.927 1.059 1.743
26.0 27.0 27.0:1.832 1.241 1.124,3.947 0.415 1.714
55.0 45.0 13.0:1.778 0.774 1.015
55.0 20.0 19.0:0.776 0.398 1.049,5.361 0.615 1.162
55.0 60.0 16.0:0.011 0.935 2.131
30.0 60.0 16.0:0.718 0.826 2.815
20.0 65.0 12.0:1.853 1.323 1.315
50.0 35.0 19.0:1.736 1.457 2.291
30.0 25.0 23.0:3.068 0.407 1.67
15.0 10.0 20.0:1.818 0.948 2.473
10.0 20.0 19.0:4.333 0.128 2.587,0.924 0.596 3.121
20.0 40.0 12.0:4.871 0.757 1.462
15.0 60.0 17.0:1.986 1.959 2.03
45.0 20.0 11.0:4.531 0.25 2.139,0.921 0.137 2.266
45.0 10.0 18.0:0.907 0.236 2.064,4.024 0.716 1.465
45.0 30.0 17.0:3.25 1.854 1.372
35.0 40.0 16.0:1.1 0.754 4.07
41.0 37.0 16.0:5.004 0.731 5.382,3.52 0.582 2.299
40.0 60.0 21.0:3.097 0.149 1.047
35.0 69.0 23.0:4.482 1.16 1.786
53.0 52.0 11.0:2.182 0.738 1.014,5.722 0.365 1.452
65.0 55.0 14.0:3.052 0.836 2.576
5.0 5.0 16.0:3.865 0.571 2.267
11.0 14.0 18.0:0.032 0.149 1.274
6.0 38.0 16.0:1.464 0.455 1.949
47.0 47.0 13.0:1.243 1.54 1.012
37.0 31.0 14.0:4.3 1.01 3.268
57.0 29.0 18.0:5.815 0.302 4.343
36.0 26.0 18.0:2.099 1.898 2.202
12.0 24.0 13.0:4.376 1.961 1.052
24.0 58.0 19.0:5.921 0.989 1.669
62.0 77.0 20.0:0.959 0.934 3.234,2.878 0.305 3.617
49.0 73.0 25.0:3.527 1.027 1.124,4.874 0.13 1.116
67.0 5.0 25.0:3.48 1.832 1.911
57.0 68.0 15.0:0.429 0.406 1.25
47.0 16.0 25.0:0.706 1.564 1.152
49.0 11.0 18.0:2.433 1.293 2.655
49.0 42.0 13.0:1.355 1.435 2.328
53.0 43.0 14.0:0.583 0.635 1.065
57.0 48.0 23.0:5.657 0.313 1.079,3.06 0.472 2.005
15.0 47.0 16.0:5.781 0.923 2.027
14.0 37.0 11.0:1.84 1.227 3.467
26.0 35.0 15.0:0.291 1.465 1.454
18.0 24.0 22.0:1.073 0.268 1.735
25.0 24.0 20.0:5.326 1.56 1.11
22.0 27.0 11.0:2.519 0.705 1.086,1.212 0.299 1.087
25.0 21.0 12.0:3.573 1.085 1.053
18.0 18.0 17.0:1.897 0.168 1.801
41.0 49.0 10.0:4.737 0.707 3.413
35.0 17.0 7.0:5.76 1.483 2.269
25.0 30.0 3.0:2.942 0.423 1.394,1.316 1.167 2.288
20.0 50.0 5.0:3.923 0.538 1.183
10.0 43.0 9.0:2.009 0.177 1.055,4.058 1.039 1.163
30.0 5.0 8.0:3.656 0.55 1.064
5.0 30.0 2.0:5.583 1.835 3.239
45.0 65.0 9.0:0.427 0.165 1.587
65.0 35.0 3.0:3.711 0.585 3.9
65.0 20.0 6.0:0.439 1.832 4.739
64.0 42.0 9.0:0.702 0.259 1.574,3.972 0.424 2.448
63.0 65.0 8.0:3.488 0.298 2.406
2.0 60.0 5.0:4.007 0.205 2.132
20.0 20.0 8.0:5.123 0.962 2.164
40.0 25.0 9.0:4.922 0.247 3.144,2.304 0.996 1.193
42.0 7.0 5.0:1.85 0.267 2.467,4.915 0.57 1.286
24.0 12.0 5.0:0.507 1.174 2.012
23.0 3.0 7.0:4.2 0.175 1.446,1.341 1.333 1.129
2.0 48.0 1.0:5.248 0.941 1.189
49.0 58.0 10.0:1.148 1.559 1.317
27.0 43.0 9.0:2.061 1.131 3.397
63.0 23.0 2.0:2.984 0.408 4.39
53.0 12.0 6.0:3.298 0.605 1.063
32.0 12.0 7.0:4.67 1.144 1.82
17.0 34.0 3.0:6.263 1.564 1.098
27.0 69.0 10.0:0.7 1.198 1.199
15.0 77.0 9.0:1.003 1.613 1.5
37.0 47.0 6.0:2.585 0.186 2.419,3.226 0.183 3.688
37.0 56.0 5.0:4.0 1.72 2.487
44.0 17.0 9.0:0.81 0.277 1.725
46.0 13.0 8.0:5.156 0.332 1.472
61.0 52.0 3.0:1.488 1.657 2.209
56.0 37.0 6.0:1.127 1.97 1.33
11.0 31.0 7.0:1.731 0.293 2.522
26.0 52.0 9.0:4.56 0.789 1.552
31.0 67.0 3.0:4.363 0.356 3.385
15.0 19.0 1.0:2.632 0.763 2.186
22.0 22.0 2.0:2.259 0.416 1.491
19.0 21.0 10.0:5.089 0.966 3.212
20.0 26.0 9.0:2.0 0.878 1.446