100, 1
35.000 35.000 0
35.000 35.000 0
15.0 30.0 26.0:5.476 0.166 4.087,2.041 0.174 1.88
55.0 5.0 29.0:4.991 0.6 1.521
31.0 52.0 27.0:0.145 1.534 1.792
60.0 12.0 31.0:2.095 0.14 1.114
8.0 56.0 27.0:0.048 1.947 2.965
13.0 52.0 36.0:1.04 0.134 1.096,2.34 0.933 2.326
6.0 68.0 30.0:3.103 1.438 2.422
21.0 24.0 28.0:4.653 0.806 1.833,3.302 0.282 1.382
56.0 39.0 36.0:2.9 1.252 1.211
55.0 54.0 26.0:0.357 0.618 1.651
16.0 22.0 41.0:5.36 0.187 3.282,3.796 1.221 1.309
4.0 18.0 35.0:1.906 1.339 1.04
28.0 18.0 26.0:0.966 0.856 2.038,2.311 0.214 4.797
26.0 27.0 27.0:0.665 0.409 1.506,2.606 0.174 1.225,2.195 0.141 2.11
55.0 45.0 13.0:3.68 0.895 1.087,0.934 0.499 2.376
55.0 20.0 19.0:6.251 0.954 1.498
55.0 60.0 16.0:3.806 1.075 2.816
30.0 60.0 16.0:2.257 1.791 1.332
20.0 65.0 12.0:3.62 0.223 1.971
50.0 35.0 19.0:2.88 0.469 3.675,4.835 0.807 1.861
30.0 25.0 23.0:5.642 1.995 2.379
15.0 10.0 20.0:0.323 0.413 1.126
10.0 20.0 19.0:3.551 0.95 2.176,2.062 0.456 1.782
20.0 40.0 12.0:3.757 1.371 2.534,1.546 0.298 2.3
15.0 60.0 17.0:0.321 1.164 1.151
45.0 20.0 11.0:5.461 1.442 1.066
45.0 10.0 18.0:5.027 0.74 2.778
45.0 30.0 17.0:4.042 0.828 2.047
35.0 40.0 16.0:1.554 0.289 2.167,4.491 0.216 1.239
41.0 37.0 16.0:4.728 1.456 1.156
40.0 60.0 21.0:2.072 0.822 5.049,5.016 0.895 4.335
35.0 69.0 23.0:4.655 1.824 2.472
53.0 52.0 11.0:4.382 0.542 2.243
65.0 55.0 14.0:3.42 1.128 3.48
5.0 5.0 16.0:1.444 1.354 1.807
11.0 14.0 18.0:1.893 0.993 4.737,5.53 0.282 2.556
6.0 38.0 16.0:1.678 1.046 3.137,4.957 0.392 1.848
47.0 47.0 13.0:4.402 1.995 1.364
37.0 31.0 14.0:0.08 0.198 3.179
57.0 29.0 18.0:0.824 0.554 1.127
36.0 26.0 18.0:3.211 0.317 4.754
12.0 24.0 13.0:3.148 1.3 2.638
24.0 58.0 19.0:0.889 0.298 1.874
62.0 77.0 20.0:5.526 0.733 1.371,2.875 0.424 6.039
49.0 73.0 25.0:1.746 1.265 3.612
67.0 5.0 25.0:3.928 0.177 1.095,2.593 0.152 1.032
57.0 68.0 15.0:1.605 1.018 6.876
47.0 16.0 25.0:1.649 1.355 3.36
49.0 11.0 18.0:2.254 1.656 1.237,5.445 0.282 1.259
49.0 42.0 13.0:2.842 1.7 1.429
53.0 43.0 14.0:1.114 1.547 1.208
57.0 48.0 23.0:4.133 1.783 2.131,0.866 0.463 2.51
15.0 47.0 16.0:5.993 1.471 2.878
14.0 37.0 11.0:1.886 0.276 3.157,6.055 0.156 1.106
26.0 35.0 15.0:4.891 0.518 1.356,1.171 0.203 1.695
18.0 24.0 22.0:2.073 0.23 3.502,1.441 0.203 1.297
25.0 24.0 20.0:0.668 1.309 1.693
22.0 27.0 11.0:0.093 0.324 2.263
25.0 21.0 12.0:5.643 1.341 1.5
18.0 18.0 17.0:2.356 1.348 4.193
41.0 49.0 10.0:1.073 0.897 1.701
35.0 17.0 7.0:1.018 0.939 1.056
25.0 30.0 3.0:3.806 0.158 2.963,1.61 1.48 1.183
20.0 50.0 5.0:1.21 1.336 1.935
10.0 43.0 9.0:4.368 0.204 3.087
30.0 5.0 8.0:0.545 0.551 2.23
5.0 30.0 2.0:1.687 0.375 1.337
45.0 65.0 9.0:0.85 0.25 1.617,3.049 0.618 1.363
65.0 35.0 3.0:1.942 0.905 2.709
65.0 20.0 6.0:0.472 0.642 2.134
64.0 42.0 9.0:1.258 0.255 1.978,3.234 0.721 1.588
63.0 65.0 8.0:1.006 0.14 4.383,2.772 0.288 5.073
2.0 60.0 5.0:0.104 0.667 1.655
20.0 20.0 8.0:1.019 1.753 1.997
40.0 25.0 9.0:0.9 0.37 3.965
42.0 7.0 5.0:0.702 1.297 3.261
24.0 12.0 5.0:3.315 0.596 4.31,2.3 0.383 1.563
23.0 3.0 7.0:0.199 0.25 1.147
2.0 48.0 1.0:1.446 0.564 2.429
49.0 58.0 10.0:1.296 0.962 1.036,4.143 1.014 1.246
27.0 43.0 9.0:1.843 1.344 2.621,6.03 0.228 1.084
63.0 23.0 2.0:1.72 0.239 1.747
53.0 12.0 6.0:3.326 0.186 1.912
32.0 12.0 7.0:3.019 1.189 1.147
17.0 34.0 3.0:6.218 0.549 2.198
27.0 69.0 10.0:1.416 0.253 1.141
15.0 77.0 9.0:6.045 1.658 2.507
37.0 47.0 6.0:1.996 1.917 2.146
37.0 56.0 5.0:6.186 0.16 1.046
44.0 17.0 9.0:0.067 0.503 1.037
46.0 13.0 8.0:1.552 1.629 3.279
61.0 52.0 3.0:1.985 1.799 1.513,4.337 0.365 1.328
56.0 37.0 6.0:4.167 0.922 1.189
11.0 31.0 7.0:5.124 0.503 2.063
26.0 52.0 9.0:1.754 0.531 1.961
31.0 67.0 3.0:1.264 0.219 4.262,4.939 0.962 7.416
15.0 19.0 1.0:0.827 0.166 1.64
22.0 22.0 2.0:2.364 2.002 1.178
19.0 21.0 10.0:4.154 0.534 1.993
20.0 26.0 9.0:5.405 0.134 1.004,4.398 0.57 1.143