100, 1
35.000 35.000 0
35.000 35.000 0
15.0 30.0 26.0:0.713 0.897 2.255
55.0 5.0 29.0:0.855 0.293 2.42,3.064 0.45 1.914
31.0 52.0 27.0:4.428 0.389 1.4,1.133 0.221 2.461
60.0 12.0 31.0:3.739 0.612 1.792
8.0 56.0 27.0:2.869 0.831 1.605,5.344 0.422 1.154
13.0 52.0 36.0:0.435 0.305 2.799
6.0 68.0 30.0:3.013 0.25 1.236
21.0 24.0 28.0:0.775 1.211 1.98
56.0 39.0 36.0:3.484 1.479 1.826
55.0 54.0 26.0:5.919 1.095 1.146
16.0 22.0 41.0:4.543 0.995 1.008
4.0 18.0 35.0:4.51 1.394 2.017
28.0 18.0 26.0:4.975 1.998 1.726
26.0 27.0 27.0:2.013 1.443 1.685
55.0 45.0 13.0:5.444 0.354 1.271,4.313 0.554 1.617
55.0 20.0 19.0:0.219 0.221 2.689
55.0 60.0 16.0:5.881 0.162 1.78
30.0 60.0 16.0:2.68 0.808 1.572
20.0 65.0 12.0:0.225 0.225 2.165
50.0 35.0 19.0:1.327 1.661 1.743
30.0 25.0 23.0:0.476 1.647 1.639
15.0 10.0 20.0:6.029 0.327 1.687
10.0 20.0 19.0:2.016 0.165 2.015
20.0 40.0 12.0:5.709 0.368 1.444,3.69 0.406 3.048
15.0 60.0 17.0:5.204 0.196 1.156
45.0 20.0 11.0:4.335 0.714 1.335
45.0 10.0 18.0:0.452 0.695 1.019
45.0 30.0 17.0:4.622 0.382 3.288
35.0 40.0 16.0:0.156 0.628 1.505
41.0 37.0 16.0:0.087 0.382 3.087
40.0 60.0 21.0:4.866 1.695 1.366
35.0 69.0 23.0:3.629 1.201 3.011
53.0 52.0 11.0:5.3 0.59 2.388
65.0 55.0 14.0:4.961 0.971 1.054,2.625 0.329 1.109
5.0 5.0 16.0:4.34 0.576 1.366
11.0 14.0 18.0:0.85 0.126 2.501,5.406 0.418 1.326
6.0 38.0 16.0:0.414 0.4 1.214
47.0 47.0 13.0:5.843 0.406 2.012,5.07 0.334 3.723
37.0 31.0 14.0:1.552 0.579 1.428,2.908 0.22 1.831
57.0 29.0 18.0:3.036 0.344 1.211
36.0 26.0 18.0:6.083 1.277 1.579
12.0 24.0 13.0:5.83 1.968 1.053
24.0 58.0 19.0:5.534 0.867 1.011
62.0 77.0 20.0:4.469 1.382 3.213,1.335 0.608 2.414
49.0 73.0 25.0:0.61 0.914 1.92
67.0 5.0 25.0:5.042 1.116 1.542
57.0 68.0 15.0:1.032 0.663 1.919
47.0 16.0 25.0:0.135 0.188 1.071
49.0 11.0 18.0:3.249 0.822 1.889
49.0 42.0 13.0:4.44 0.621 1.519
53.0 43.0 14.0:2.803 1.659 2.515
57.0 48.0 23.0:4.75 0.143 2.37,1.583 1.138 1.425
15.0 47.0 16.0:2.992 0.709 1.211
14.0 37.0 11.0:4.292 1.41 1.339,1.922 0.829 1.131
26.0 35.0 15.0:2.301 0.137 3.757
18.0 24.0 22.0:3.297 1.836 1.374
25.0 24.0 20.0:3.489 0.13 1.814
22.0 27.0 11.0:1.449 0.489 1.001
25.0 21.0 12.0:3.58 1.233 1.208
18.0 18.0 17.0:4.784 1.168 1.196
41.0 49.0 10.0:5.267 0.277 2.167
35.0 17.0 7.0:3.967 0.976 2.097,1.45 0.209 1.074
25.0 30.0 3.0:4.618 1.06 1.718
20.0 50.0 5.0:3.685 1.844 1.385
10.0 43.0 9.0:5.694 1.877 3.33
30.0 5.0 8.0:2.968 0.188 4.132
5.0 30.0 2.0:2.925 0.134 1.836
45.0 65.0 9.0:0.926 1.451 3.987
65.0 35.0 3.0:2.398 0.218 1.414,3.98 1.154 1.547
65.0 20.0 6.0:1.368 0.134 1.936
64.0 42.0 9.0:3.952 1.833 1.108
63.0 65.0 8.0:1.57 0.15 2.924
2.0 60.0 5.0:0.467 1.775 2.896
20.0 20.0 8.0:0.569 0.447 2.566
40.0 25.0 9.0:1.227 0.628 3.084,2.681 0.659 1.766
42.0 7.0 5.0:5.78 0.541 1.529
24.0 12.0 5.0:2.085 1.682 1.028
23.0 3.0 7.0:1.641 0.17 1.113
2.0 48.0 1.0:2.233 1.932 2.587
49.0 58.0 10.0:0.674 1.332 1.317
27.0 43.0 9.0:1.275 0.19 2.894
63.0 23.0 2.0:3.324 0.41 1.185,0.326 0.256 3.859
53.0 12.0 6.0:4.989 1.797 2.246
32.0 12.0 7.0:1.946 0.293 1.469,2.77 0.184 2.356,1.169 0.321 1.978
17.0 34.0 3.0:2.535 0.354 1.794,4.469 0.511 1.679
27.0 69.0 10.0:4.92 0.356 2.997
15.0 77.0 9.0:5.125 1.648 1.8
37.0 47.0 6.0:3.233 0.667 1.259
37.0 56.0 5.0:1.909 0.216 4.867
44.0 17.0 9.0:5.566 1.613 2.075
46.0 13.0 8.0:0.567 0.866 1.248
61.0 52.0 3.0:2.501 0.151 1.924
56.0 37.0 6.0:0.221 0.223 1.498
11.0 31.0 7.0:2.664 1.265 1.616
26.0 52.0 9.0:4.625 0.412 1.014
31.0 67.0 3.0:3.212 1.732 1.414
15.0 19.0 1.0:0.562 1.664 1.049
22.0 22.0 2.0:1.255 1.793 1.404
19.0 21.0 10.0:5.279 0.837 3.887
20.0 26.0 9.0:6.01 0.525 1.579