100 1
35.000 35.000 0
35.000 35.000 0
15.0 30.0 26.0:4.147 0.582 1.405,5.091 0.135 3.166
55.0 5.0 29.0:3.289 1.98 1.474
31.0 52.0 27.0:2.868 1.774 1.74,5.21 0.339 1.798
60.0 12.0 31.0:3.797 1.048 1.522
8.0 56.0 27.0:3.319 0.343 2.413
13.0 52.0 36.0:5.062 1.064 2.824,1.861 0.136 2.184,3.486 0.297 3.247
6.0 68.0 30.0:2.31 0.891 3.146
21.0 24.0 28.0:3.802 0.493 1.394,2.708 0.393 4.578
56.0 39.0 36.0:4.526 0.75 1.655,2.648 0.22 1.459
55.0 54.0 26.0:5.35 0.179 1.143
16.0 22.0 41.0:2.179 0.698 1.4,4.167 0.188 1.671
4.0 18.0 35.0:2.418 1.399 1.202
28.0 18.0 26.0:5.897 0.461 1.831
26.0 27.0 27.0:5.718 1.66 1.046
55.0 45.0 13.0:5.241 1.545 1.349
55.0 20.0 19.0:5.032 1.751 1.092
55.0 60.0 16.0:3.422 1.446 1.13
30.0 60.0 16.0:4.019 0.72 1.09
20.0 65.0 12.0:4.286 1.55 1.356
50.0 35.0 19.0:2.425 1.05 1.449
30.0 25.0 23.0:3.331 0.826 1.857,5.357 0.618 1.364
15.0 10.0 20.0:6.195 0.206 1.763
10.0 20.0 19.0:5.363 1.25 1.124
20.0 40.0 12.0:1.853 0.732 1.441
15.0 60.0 17.0:2.45 1.772 1.047
45.0 20.0 11.0:3.242 0.274 1.538
45.0 10.0 18.0:3.001 1.82 3.477
45.0 30.0 17.0:6.281 0.843 1.113
35.0 40.0 16.0:3.572 1.585 1.284
41.0 37.0 16.0:5.647 1.369 1.015
40.0 60.0 21.0:3.44 1.352 3.77
35.0 69.0 23.0:5.356 1.363 1.274
53.0 52.0 11.0:1.32 0.274 1.063
65.0 55.0 14.0:5.598 1.782 2.57
5.0 5.0 16.0:3.622 0.462 5.656,0.39 0.198 2.306
11.0 14.0 18.0:2.561 1.55 1.434,4.866 0.2 3.246
6.0 38.0 16.0:2.662 0.202 1.145,1.056 0.334 1.091
47.0 47.0 13.0:0.961 1.102 1.013
37.0 31.0 14.0:0.646 0.255 2.639
57.0 29.0 18.0:4.137 0.548 1.513,5.728 0.482 1.178
36.0 26.0 18.0:6.243 1.107 1.895
12.0 24.0 13.0:4.404 0.373 2.119,2.748 0.607 1.326
24.0 58.0 19.0:3.852 1.301 1.232
62.0 77.0 20.0:2.66 1.759 5.158
49.0 73.0 25.0:2.392 0.19 2.193,0.395 0.313 1.44
67.0 5.0 25.0:1.965 1.889 1.889
57.0 68.0 15.0:5.634 1.39 2.675
47.0 16.0 25.0:6.069 1.177 1.849
49.0 11.0 18.0:0.8 0.523 2.405
49.0 42.0 13.0:3.975 0.476 1.585
53.0 43.0 14.0:2.178 1.045 1.231
57.0 48.0 23.0:3.275 0.44 2.641
15.0 47.0 16.0:0.723 0.44 1.023,4.125 0.931 2.102
14.0 37.0 11.0:3.667 0.486 2.385,1.611 0.442 1.19
26.0 35.0 15.0:4.94 1.201 2.297,1.746 0.954 1.904
18.0 24.0 22.0:3.735 0.203 1.344,5.422 0.199 1.665
25.0 24.0 20.0:5.447 0.248 1.467,3.93 0.872 1.538
22.0 27.0 11.0:5.82 1.311 1.63
25.0 21.0 12.0:0.47 1.773 3.643
18.0 18.0 17.0:1.298 0.806 1.219,5.913 0.143 1.957
41.0 49.0 10.0:3.195 1.749 1.992
35.0 17.0 7.0:5.886 0.214 2.72,4.299 0.559 1.451
25.0 30.0 3.0:5.627 0.344 1.186
20.0 50.0 5.0:5.244 1.533 2.108
10.0 43.0 9.0:0.529 0.642 1.942
30.0 5.0 8.0:4.28 0.224 2.634,1.969 1.74 1.059
5.0 30.0 2.0:0.247 1.645 1.196
45.0 65.0 9.0:3.192 0.265 1.216
65.0 35.0 3.0:5.076 0.251 1.967
65.0 20.0 6.0:2.704 1.555 2.033
64.0 42.0 9.0:0.772 1.73 1.417
63.0 65.0 8.0:4.126 0.72 1.389,1.735 0.528 2.083
2.0 60.0 5.0:5.523 0.248 2.136,4.473 0.375 1.678
20.0 20.0 8.0:3.877 0.286 1.157,0.977 0.965 1.887
40.0 25.0 9.0:1.902 0.696 5.051
42.0 7.0 5.0:0.747 0.387 1.216
24.0 12.0 5.0:4.111 0.676 1.019
23.0 3.0 7.0:0.408 1.468 4.363
2.0 48.0 1.0:4.55 1.164 2.071
49.0 58.0 10.0:2.996 0.985 1.68
27.0 43.0 9.0:0.142 1.762 3.141
63.0 23.0 2.0:5.073 0.274 1.522
53.0 12.0 6.0:1.112 0.282 2.299,4.843 1.325 1.872
32.0 12.0 7.0:1.593 1.64 2.606
17.0 34.0 3.0:3.2 0.455 3.004
27.0 69.0 10.0:2.593 0.858 2.699
15.0 77.0 9.0:2.853 0.217 1.897,4.359 0.584 2.191
37.0 47.0 6.0:0.218 0.198 1.284
37.0 56.0 5.0:3.017 0.169 1.404,2.472 0.173 1.375
44.0 17.0 9.0:0.512 1.767 1.933
46.0 13.0 8.0:0.067 1.825 1.962
61.0 52.0 3.0:2.702 0.824 1.156
56.0 37.0 6.0:5.387 1.297 1.767
11.0 31.0 7.0:3.499 1.029 2.164,5.67 0.263 1.354
26.0 52.0 9.0:4.277 0.726 1.362
31.0 67.0 3.0:5.563 1.414 2.776
15.0 19.0 1.0:0.205 1.464 2.611
22.0 22.0 2.0:4.675 0.154 1.521
19.0 21.0 10.0:0.137 0.37 1.791
20.0 26.0 9.0:0.141 0.596 1.375