100 1
35.000 35.000 0
35.000 35.000 0
15.0 30.0 26.0:5.414 1.068 2.47
55.0 5.0 29.0:4.7 1.455 2.124,1.889 0.736 1.108
31.0 52.0 27.0:1.836 0.253 1.052
60.0 12.0 31.0:2.013 1.853 2.865
8.0 56.0 27.0:2.405 1.117 1.106
13.0 52.0 36.0:2.735 1.156 1.971
6.0 68.0 30.0:5.557 1.375 2.244
21.0 24.0 28.0:0.338 1.509 4.398
56.0 39.0 36.0:3.863 0.516 4.239
55.0 54.0 26.0:5.738 1.958 1.512
16.0 22.0 41.0:1.492 0.396 2.215
4.0 18.0 35.0:4.361 1.405 1.185
28.0 18.0 26.0:2.35 0.631 2.16
26.0 27.0 27.0:1.859 0.537 1.862
55.0 45.0 13.0:0.492 1.181 1.338
55.0 20.0 19.0:4.647 0.423 2.079
55.0 60.0 16.0:4.869 0.155 2.412,5.932 0.261 1.088
30.0 60.0 16.0:3.243 1.212 1.588,1.381 0.149 1.698
20.0 65.0 12.0:4.056 0.213 1.184,2.167 0.48 1.812
50.0 35.0 19.0:1.998 1.909 1.961
30.0 25.0 23.0:5.575 0.473 1.225
15.0 10.0 20.0:6.223 0.145 1.223
10.0 20.0 19.0:0.767 0.175 1.142,1.631 0.334 1.215
20.0 40.0 12.0:4.307 0.214 1.381,0.311 0.247 1.355
15.0 60.0 17.0:1.603 1.329 7.226
45.0 20.0 11.0:3.355 0.219 1.68,2.492 0.448 1.618
45.0 10.0 18.0:5.876 0.766 2.219
45.0 30.0 17.0:5.704 1.229 1.955
35.0 40.0 16.0:4.979 1.668 1.935
41.0 37.0 16.0:5.892 1.726 2.466
40.0 60.0 21.0:1.234 1.565 2.029
35.0 69.0 23.0:5.643 0.737 1.151
53.0 52.0 11.0:5.218 0.173 1.344
65.0 55.0 14.0:0.239 1.904 1.469
5.0 5.0 16.0:4.133 1.721 1.031
11.0 14.0 18.0:0.705 0.688 1.681
6.0 38.0 16.0:5.014 1.952 1.047
47.0 47.0 13.0:2.543 1.382 2.238
37.0 31.0 14.0:1.993 1.668 2.472
57.0 29.0 18.0:3.508 1.786 5.05
36.0 26.0 18.0:0.464 1.249 3.37
12.0 24.0 13.0:1.954 1.212 1.216
24.0 58.0 19.0:1.874 0.956 2.889,5.42 0.526 2.634
62.0 77.0 20.0:6.273 0.632 2.837
49.0 73.0 25.0:2.201 1.073 1.723,6.037 0.16 1.416
67.0 5.0 25.0:0.431 0.668 1.382
57.0 68.0 15.0:0.257 1.046 2.942
47.0 16.0 25.0:5.647 0.957 1.887
49.0 11.0 18.0:0.215 1.304 1.219
49.0 42.0 13.0:2.844 1.764 3.515
53.0 43.0 14.0:1.918 0.32 2.052
57.0 48.0 23.0:2.622 0.597 3.133
15.0 47.0 16.0:0.336 0.225 1.426,1.141 0.314 1.706
14.0 37.0 11.0:3.955 1.693 2.087
26.0 35.0 15.0:4.889 0.16 1.62,1.932 0.126 2.017,5.502 0.417 1.107
18.0 24.0 22.0:4.229 0.304 1.734
25.0 24.0 20.0:5.025 1.45 2.634
22.0 27.0 11.0:1.483 0.84 4.211
25.0 21.0 12.0:5.468 0.705 1.56,3.532 0.977 1.81
18.0 18.0 17.0:2.62 1.197 1.182
41.0 49.0 10.0:4.845 0.571 2.704
35.0 17.0 7.0:1.392 0.161 1.564
25.0 30.0 3.0:4.226 1.591 1.28
20.0 50.0 5.0:1.186 1.37 5.07
10.0 43.0 9.0:5.653 1.199 1.545
30.0 5.0 8.0:4.837 0.152 1.724
5.0 30.0 2.0:1.453 1.849 1.437
45.0 65.0 9.0:5.31 0.327 3.16,0.973 0.392 1.231
65.0 35.0 3.0:5.011 0.228 1.218
65.0 20.0 6.0:1.085 0.222 1.556,3.026 0.485 1.025
64.0 42.0 9.0:2.44 0.773 2.706
63.0 65.0 8.0:3.778 0.369 3.214
2.0 60.0 5.0:0.674 0.312 1.958
20.0 20.0 8.0:4.42 0.269 3.157,2.218 0.472 4.183
40.0 25.0 9.0:1.304 0.416 1.181
42.0 7.0 5.0:0.529 1.209 1.836
24.0 12.0 5.0:3.907 0.729 1.196
23.0 3.0 7.0:2.713 0.188 2.477
2.0 48.0 1.0:6.153 0.407 2.556
49.0 58.0 10.0:4.157 1.481 3.354
27.0 43.0 9.0:3.526 0.423 1.348,5.256 0.876 4.448
63.0 23.0 2.0:1.421 0.79 3.074
53.0 12.0 6.0:6.006 1.002 1.932
32.0 12.0 7.0:2.14 1.313 1.811
17.0 34.0 3.0:1.971 0.456 2.86
27.0 69.0 10.0:3.767 1.746 2.196
15.0 77.0 9.0:1.101 1.4 1.239
37.0 47.0 6.0:2.02 0.684 1.2
37.0 56.0 5.0:3.868 0.246 1.085
44.0 17.0 9.0:2.856 0.333 1.427
46.0 13.0 8.0:2.854 1.625 4.103
61.0 52.0 3.0:3.261 0.527 1.74,5.467 0.315 1.045
56.0 37.0 6.0:3.771 1.55 1.111,1.414 0.493 1.087
11.0 31.0 7.0:5.888 0.254 1.293
26.0 52.0 9.0:5.132 1.228 2.267
31.0 67.0 3.0:4.517 1.519 2.374
15.0 19.0 1.0:3.219 0.881 3.563
22.0 22.0 2.0:5.578 0.182 1.338,4.406 0.787 1.336
19.0 21.0 10.0:2.236 1.17 1.061
20.0 26.0 9.0:0.058 0.205 1.595