100 1
35.000 35.000 0
35.000 35.000 0
15.0 30.0 26.0:0.431 1.816 1.659
55.0 5.0 29.0:2.811 1.232 1.431
31.0 52.0 27.0:1.158 0.921 1.678,4.333 1.465 1.707
60.0 12.0 31.0:4.32 0.983 1.304
8.0 56.0 27.0:3.503 1.824 1.071
13.0 52.0 36.0:0.039 1.977 2.579
6.0 68.0 30.0:3.616 0.617 2.058
21.0 24.0 28.0:1.456 0.129 1.691
56.0 39.0 36.0:2.24 0.93 1.305
55.0 54.0 26.0:5.569 1.306 1.206
16.0 22.0 41.0:5.268 1.485 1.449
4.0 18.0 35.0:3.767 1.556 1.337,0.604 0.254 1.093
28.0 18.0 26.0:1.643 1.871 1.504
26.0 27.0 27.0:1.268 0.202 1.393,2.088 0.557 1.81
55.0 45.0 13.0:4.41 0.127 1.225,2.817 1.298 2.053
55.0 20.0 19.0:5.597 1.812 1.419
55.0 60.0 16.0:1.841 0.25 1.178
30.0 60.0 16.0:4.886 0.967 1.216,0.636 0.239 1.345
20.0 65.0 12.0:4.364 0.825 1.112
50.0 35.0 19.0:2.536 1.082 1.507
30.0 25.0 23.0:4.946 0.372 1.199,0.964 0.528 1.078
15.0 10.0 20.0:0.162 0.156 3.541,2.592 0.292 1.69
10.0 20.0 19.0:0.649 0.305 2.851
20.0 40.0 12.0:0.795 0.945 1.933
15.0 60.0 17.0:2.089 1.756 1.957
45.0 20.0 11.0:2.667 0.135 1.207
45.0 10.0 18.0:3.715 0.214 2.64
45.0 30.0 17.0:4.153 1.585 2.183
35.0 40.0 16.0:3.032 0.187 3.44
41.0 37.0 16.0:1.203 0.148 1.359,4.771 0.642 2.485
40.0 60.0 21.0:5.766 0.269 2.124
35.0 69.0 23.0:1.96 0.671 1.946
53.0 52.0 11.0:3.129 1.461 2.329,5.621 0.477 1.368
65.0 55.0 14.0:5.81 0.484 1.152
5.0 5.0 16.0:4.972 1.768 1.991
11.0 14.0 18.0:4.86 0.448 2.465,5.532 0.194 2.185
6.0 38.0 16.0:5.427 0.703 1.473
47.0 47.0 13.0:6.045 1.608 1.427
37.0 31.0 14.0:5.282 0.707 1.298,1.253 0.179 1.147
57.0 29.0 18.0:2.153 0.71 1.177,4.496 0.736 1.086
36.0 26.0 18.0:1.811 1.356 1.763
12.0 24.0 13.0:4.301 1.164 2.44
24.0 58.0 19.0:0.233 0.413 1.864
62.0 77.0 20.0:4.732 1.043 1.512,2.192 0.207 1.079,1.443 0.471 1.096
49.0 73.0 25.0:3.423 1.69 1.119
67.0 5.0 25.0:4.195 0.231 1.396
57.0 68.0 15.0:6.258 0.383 2.422
47.0 16.0 25.0:0.374 0.639 1.021
49.0 11.0 18.0:1.033 1.242 1.294
49.0 42.0 13.0:0.355 0.331 1.197
53.0 43.0 14.0:0.273 1.941 2.082
57.0 48.0 23.0:4.758 1.341 1.639
15.0 47.0 16.0:6.147 0.875 2.944
14.0 37.0 11.0:3.634 0.249 1.771
26.0 35.0 15.0:3.242 0.143 1.344
18.0 24.0 22.0:1.541 0.657 3.413,0.473 0.381 1.799,4.233 0.41 1.293
25.0 24.0 20.0:3.223 0.573 3.257
22.0 27.0 11.0:1.427 1.713 1.002
25.0 21.0 12.0:5.65 1.873 1.344
18.0 18.0 17.0:3.222 0.779 1.654
41.0 49.0 10.0:0.799 0.135 1.436
35.0 17.0 7.0:5.165 1.502 1.579
25.0 30.0 3.0:4.458 0.721 2.38
20.0 50.0 5.0:2.14 0.27 1.816,3.862 0.865 2.076
10.0 43.0 9.0:5.351 1.115 3.34
30.0 5.0 8.0:0.133 0.15 1.136
5.0 30.0 2.0:0.674 0.88 2.389
45.0 65.0 9.0:2.845 1.413 1.228
65.0 35.0 3.0:2.318 0.456 1.937
65.0 20.0 6.0:0.387 0.53 1.815
64.0 42.0 9.0:0.855 0.293 2.42,3.064 0.45 1.914
63.0 65.0 8.0:4.428 0.389 1.4,1.133 0.221 2.461
2.0 60.0 5.0:3.739 1.009 1.725
20.0 20.0 8.0:2.528 0.973 2.274
40.0 25.0 9.0:2.869 1.279 2.901
42.0 7.0 5.0:3.291 0.701 1.072,1.746 0.257 2.799
24.0 12.0 5.0:3.013 1.885 1.869,0.746 0.25 1.775
23.0 3.0 7.0:1.319 0.236 2.209
2.0 48.0 1.0:3.926 0.173 1.396
49.0 58.0 10.0:2.228 1.839 1.555
27.0 43.0 9.0:4.543 1.446 2.265
63.0 23.0 2.0:4.881 0.498 1.679
53.0 12.0 6.0:4.012 1.992 1.929
32.0 12.0 7.0:5.255 0.483 1.223,3.242 0.504 1.685
17.0 34.0 3.0:5.444 0.554 1.035,4.313 0.368 1.601,1.42 0.713 1.115
27.0 69.0 10.0:3.808 1.492 2.996
15.0 77.0 9.0:5.881 0.162 1.78
37.0 47.0 6.0:2.68 0.832 1.036,0.709 0.669 1.037
37.0 56.0 5.0:0.177 1.826 3.107
44.0 17.0 9.0:0.476 1.647 1.639
46.0 13.0 8.0:6.029 0.51 1.017
61.0 52.0 3.0:3.121 0.484 3.393,4.898 1.066 1.27
56.0 37.0 6.0:1.669 0.542 3.048
11.0 31.0 7.0:5.204 0.258 2.117
26.0 52.0 9.0:2.899 0.914 3.072
31.0 67.0 3.0:1.788 0.376 1.599,4.677 0.186 1.019
15.0 19.0 1.0:4.622 1.716 1.49
22.0 22.0 2.0:6.216 0.136 1.285
19.0 21.0 10.0:5.504 1.388 3.368
20.0 26.0 9.0:3.629 1.201 3.011