100, 1
35.000 35.000 0
35.000 35.000 0
15.0 30.0 26.0:4.992 1.683 2.419
55.0 5.0 29.0:3.553 0.444 2.529
31.0 52.0 27.0:5.893 1.104 1.73
60.0 12.0 31.0:5.295 0.329 2.895,1.461 0.452 1.267
8.0 56.0 27.0:0.004 0.54 1.463
13.0 52.0 36.0:5.929 1.218 1.811
6.0 68.0 30.0:1.314 0.708 1.148
21.0 24.0 28.0:3.591 1.161 1.258
56.0 39.0 36.0:1.077 0.484 1.664
55.0 54.0 26.0:5.998 0.896 1.515
16.0 22.0 41.0:6.035 0.799 1.087
4.0 18.0 35.0:3.219 1.225 1.056,5.71 0.164 3.85
28.0 18.0 26.0:4.994 0.691 1.415
26.0 27.0 27.0:1.178 1.172 1.285,2.692 0.201 1.261
55.0 45.0 13.0:1.245 0.175 1.06
55.0 20.0 19.0:0.825 1.648 1.705
55.0 60.0 16.0:5.843 1.585 2.105
30.0 60.0 16.0:2.189 0.922 3.05
20.0 65.0 12.0:3.49 0.515 1.779,5.609 0.278 2.639
50.0 35.0 19.0:3.972 1.202 1.076
30.0 25.0 23.0:1.362 0.158 1.497,0.312 0.165 1.076
15.0 10.0 20.0:5.155 0.455 1.497
10.0 20.0 19.0:6.042 0.247 1.042
20.0 40.0 12.0:1.963 0.778 1.163
15.0 60.0 17.0:3.187 1.33 1.255
45.0 20.0 11.0:5.133 0.318 1.295,3.23 0.17 1.183,1.658 0.477 1.587
45.0 10.0 18.0:3.599 1.052 1.39
45.0 30.0 17.0:0.665 0.228 1.491,2.337 1.409 1.192
35.0 40.0 16.0:3.086 0.131 1.86,0.889 0.131 2.326
41.0 37.0 16.0:3.775 1.249 1.107
40.0 60.0 21.0:4.548 0.283 1.044,3.464 0.615 1.284
35.0 69.0 23.0:5.747 1.446 2.529
53.0 52.0 11.0:2.728 0.692 3.577,3.916 0.158 1.033
65.0 55.0 14.0:1.459 0.749 1.939
5.0 5.0 16.0:2.116 0.776 1.751
11.0 14.0 18.0:1.593 1.281 1.046
6.0 38.0 16.0:4.762 0.659 1.079,3.214 0.145 1.136
47.0 47.0 13.0:4.268 0.866 1.26,2.107 0.686 1.035
37.0 31.0 14.0:4.542 1.23 2.639
57.0 29.0 18.0:0.393 0.428 1.294
36.0 26.0 18.0:1.995 0.223 1.91
12.0 24.0 13.0:5.493 0.786 1.091,1.275 0.127 1.263
24.0 58.0 19.0:2.134 1.709 5.006,4.535 0.27 2.344
62.0 77.0 20.0:2.049 1.12 2.754
49.0 73.0 25.0:3.357 0.151 1.135,1.77 1.391 2.517
67.0 5.0 25.0:3.875 0.738 1.655
57.0 68.0 15.0:0.582 0.35 2.03
47.0 16.0 25.0:5.486 0.263 1.293,1.49 0.385 1.371,0.533 0.151 2.038
49.0 11.0 18.0:5.049 0.707 1.405
49.0 42.0 13.0:2.468 1.013 1.01
53.0 43.0 14.0:1.913 0.885 2.889
57.0 48.0 23.0:0.472 1.831 1.305
15.0 47.0 16.0:3.012 1.412 3.618
14.0 37.0 11.0:5.74 0.687 1.954
26.0 35.0 15.0:5.622 1.587 5.125
18.0 24.0 22.0:0.923 0.456 2.218
25.0 24.0 20.0:2.515 0.286 2.281
22.0 27.0 11.0:1.461 0.264 1.212
25.0 21.0 12.0:0.976 1.507 1.69
18.0 18.0 17.0:3.885 0.151 1.055
41.0 49.0 10.0:0.618 0.127 4.536,3.34 1.891 1.387
35.0 17.0 7.0:4.185 0.213 1.021,2.0 0.431 1.7
25.0 30.0 3.0:5.341 0.832 4.274
20.0 50.0 5.0:3.259 0.44 1.134
10.0 43.0 9.0:0.078 0.957 1.412
30.0 5.0 8.0:2.211 0.976 1.741
5.0 30.0 2.0:3.148 1.459 2.459
45.0 65.0 9.0:6.142 1.14 1.088
65.0 35.0 3.0:6.089 0.145 1.732,3.879 0.352 3.875
65.0 20.0 6.0:0.318 0.203 1.147,2.845 0.631 2.759
64.0 42.0 9.0:1.943 0.226 1.823
63.0 65.0 8.0:5.04 1.119 2.268
2.0 60.0 5.0:4.877 0.299 1.0,0.736 0.311 1.334
20.0 20.0 8.0:4.014 0.144 2.124,5.424 0.737 4.185
40.0 25.0 9.0:1.581 0.833 1.606,4.23 0.426 1.115
42.0 7.0 5.0:0.438 0.696 1.272
24.0 12.0 5.0:3.566 0.32 1.141,5.439 0.577 1.667
23.0 3.0 7.0:2.942 0.746 5.421
2.0 48.0 1.0:0.147 0.315 1.598
49.0 58.0 10.0:5.77 1.661 1.191
27.0 43.0 9.0:1.981 0.767 2.269
63.0 23.0 2.0:5.835 0.26 1.397,1.982 1.67 1.34
53.0 12.0 6.0:2.033 1.112 1.332,4.688 0.981 2.031
32.0 12.0 7.0:3.258 0.764 2.53,5.73 0.139 1.412
17.0 34.0 3.0:3.799 0.127 1.453
27.0 69.0 10.0:2.325 0.507 3.149
15.0 77.0 9.0:2.731 1.903 4.632
37.0 47.0 6.0:5.183 0.197 1.487
37.0 56.0 5.0:2.047 1.069 1.354
44.0 17.0 9.0:1.551 1.057 2.198,3.745 0.647 1.181
46.0 13.0 8.0:3.476 1.062 1.131
61.0 52.0 3.0:2.066 0.324 1.002
56.0 37.0 6.0:0.29 1.457 1.495
11.0 31.0 7.0:3.687 1.439 1.482
26.0 52.0 9.0:3.379 0.403 3.103
31.0 67.0 3.0:5.827 0.86 1.036
15.0 19.0 1.0:1.97 1.241 1.068
22.0 22.0 2.0:4.864 1.527 3.501
19.0 21.0 10.0:1.373 1.987 1.856
20.0 26.0 9.0:0.114 0.286 2.726