100 1
35.000 35.000 0
35.000 35.000 0
15.0 30.0 26.0:1.283 0.983 2.173,4.23 0.134 1.022
55.0 5.0 29.0:3.34 1.618 3.673
31.0 52.0 27.0:1.124 0.323 1.277
60.0 12.0 31.0:5.024 1.047 2.444
8.0 56.0 27.0:2.062 1.192 1.167
13.0 52.0 36.0:1.933 1.859 1.018
6.0 68.0 30.0:2.842 0.204 1.323
21.0 24.0 28.0:5.354 1.509 2.128
56.0 39.0 36.0:4.586 1.99 1.184
55.0 54.0 26.0:4.443 1.993 1.338
16.0 22.0 41.0:4.853 0.585 3.382
4.0 18.0 35.0:5.604 0.249 1.746,3.413 1.409 1.017
28.0 18.0 26.0:6.12 1.866 1.746
26.0 27.0 27.0:0.606 1.702 1.028
55.0 45.0 13.0:5.662 0.338 2.116,3.606 0.875 1.342
55.0 20.0 19.0:2.741 1.332 5.607
55.0 60.0 16.0:4.36 0.378 3.011,2.947 0.248 2.352
30.0 60.0 16.0:3.59 1.743 1.146
20.0 65.0 12.0:4.319 0.741 2.372
50.0 35.0 19.0:3.932 0.898 1.671
30.0 25.0 23.0:3.669 0.345 4.234
15.0 10.0 20.0:2.437 1.223 1.088,0.653 0.149 1.695
10.0 20.0 19.0:3.16 0.203 4.334,1.701 1.097 2.239
20.0 40.0 12.0:0.047 0.589 3.786
15.0 60.0 17.0:4.208 0.148 2.427,1.919 0.138 2.306
45.0 20.0 11.0:1.237 0.263 2.381
45.0 10.0 18.0:5.666 0.915 3.675
45.0 30.0 17.0:4.899 1.144 1.11
35.0 40.0 16.0:5.627 0.183 1.909,2.218 0.83 2.821
41.0 37.0 16.0:1.195 1.857 1.007
40.0 60.0 21.0:0.2 0.523 1.901
35.0 69.0 23.0:1.882 0.327 1.876
53.0 52.0 11.0:5.619 0.742 1.669
65.0 55.0 14.0:2.554 0.388 1.605
5.0 5.0 16.0:1.511 0.173 1.643,5.653 0.137 1.894
11.0 14.0 18.0:6.079 1.437 1.275
6.0 38.0 16.0:3.577 0.36 1.007,5.01 0.763 1.002,2.476 0.296 1.523
47.0 47.0 13.0:2.691 0.977 1.565
37.0 31.0 14.0:6.141 0.336 1.946
57.0 29.0 18.0:3.664 1.901 2.172
36.0 26.0 18.0:1.534 0.253 1.191,2.654 0.126 1.821
12.0 24.0 13.0:5.851 0.164 2.999
24.0 58.0 19.0:0.707 1.164 2.634
62.0 77.0 20.0:5.079 2.005 2.329
49.0 73.0 25.0:1.228 0.247 2.08,4.7 0.249 2.755
67.0 5.0 25.0:4.804 1.503 3.649
57.0 68.0 15.0:4.909 1.018 1.29
47.0 16.0 25.0:3.623 0.46 2.576
49.0 11.0 18.0:5.122 1.385 1.205
49.0 42.0 13.0:6.176 0.153 1.011
53.0 43.0 14.0:1.093 0.94 2.049
57.0 48.0 23.0:6.169 1.738 1.784
15.0 47.0 16.0:0.24 0.906 1.169
14.0 37.0 11.0:3.523 0.694 1.023,0.95 0.423 2.213
26.0 35.0 15.0:5.545 0.828 2.078
18.0 24.0 22.0:3.079 0.13 1.72,5.906 0.316 2.277,1.669 0.691 1.476
25.0 24.0 20.0:2.812 1.009 3.337
22.0 27.0 11.0:1.659 0.891 1.008
25.0 21.0 12.0:3.014 0.796 1.356,1.337 0.139 1.765
18.0 18.0 17.0:0.493 0.674 1.78
41.0 49.0 10.0:4.363 1.336 1.032
35.0 17.0 7.0:0.221 1.95 1.286
25.0 30.0 3.0:5.962 1.16 1.149
20.0 50.0 5.0:0.564 0.352 1.824,3.734 1.152 1.378
10.0 43.0 9.0:4.313 1.134 2.546,2.065 0.507 1.031
30.0 5.0 8.0:1.409 1.555 1.868
5.0 30.0 2.0:0.001 1.158 2.578
45.0 65.0 9.0:2.236 1.397 1.121
65.0 35.0 3.0:5.83 1.789 1.817
65.0 20.0 6.0:3.083 0.225 1.187
64.0 42.0 9.0:2.525 0.253 1.333
63.0 65.0 8.0:3.934 0.176 1.486,1.987 0.733 2.504
2.0 60.0 5.0:0.024 1.896 2.323
20.0 20.0 8.0:6.133 1.952 1.273
40.0 25.0 9.0:5.35 0.161 1.184
42.0 7.0 5.0:2.291 1.734 1.475,5.185 0.288 3.174
24.0 12.0 5.0:5.278 1.343 1.609
23.0 3.0 7.0:4.954 1.426 2.236
2.0 48.0 1.0:4.925 0.23 1.023,2.051 0.416 1.215
49.0 58.0 10.0:1.822 2.01 1.262
27.0 43.0 9.0:1.974 1.139 2.15,4.588 0.972 1.007
63.0 23.0 2.0:3.298 0.243 1.201,1.285 0.324 1.929
53.0 12.0 6.0:3.352 1.063 2.657
32.0 12.0 7.0:5.734 0.673 2.836
17.0 34.0 3.0:0.17 1.166 1.404
27.0 69.0 10.0:5.273 1.766 1.23
15.0 77.0 9.0:4.727 0.183 1.522
37.0 47.0 6.0:3.761 0.145 2.362,0.567 0.169 1.509,5.921 0.252 1.807
37.0 56.0 5.0:3.711 0.348 1.376,5.171 0.742 1.666
44.0 17.0 9.0:3.695 0.233 1.91,3.188 0.176 1.221
46.0 13.0 8.0:2.779 0.352 2.196
61.0 52.0 3.0:0.018 0.482 1.053
56.0 37.0 6.0:2.63 1.531 2.099
11.0 31.0 7.0:5.029 1.358 2.345
26.0 52.0 9.0:1.297 1.091 1.385
31.0 67.0 3.0:3.32 1.567 1.009
15.0 19.0 1.0:3.695 0.574 4.493
22.0 22.0 2.0:5.918 1.355 2.415
19.0 21.0 10.0:4.476 0.272 2.634
20.0 26.0 9.0:1.387 1.163 1.534,2.968 0.208 1.613