100 1
35.000 35.000 0
35.000 35.000 0
15.0 30.0 26.0:1.882 0.226 2.131,3.027 0.474 2.291
55.0 5.0 29.0:4.985 1.313 1.543
31.0 52.0 27.0:3.668 0.151 1.307
60.0 12.0 31.0:5.18 1.121 1.037
8.0 56.0 27.0:2.685 0.649 1.756,4.842 0.407 1.613
13.0 52.0 36.0:2.485 1.143 4.738
6.0 68.0 30.0:5.562 1.061 1.079
21.0 24.0 28.0:2.977 1.296 2.813
56.0 39.0 36.0:5.228 1.747 2.492
55.0 54.0 26.0:3.926 0.698 1.813
16.0 22.0 41.0:4.826 0.549 2.51
4.0 18.0 35.0:0.756 0.373 1.538
28.0 18.0 26.0:5.206 0.806 4.492,0.816 0.307 2.036
26.0 27.0 27.0:1.616 0.152 1.864,5.147 0.456 1.273
55.0 45.0 13.0:5.003 0.868 3.156
55.0 20.0 19.0:3.341 0.164 1.054
55.0 60.0 16.0:6.211 1.462 1.96
30.0 60.0 16.0:4.154 0.155 1.737
20.0 65.0 12.0:5.489 0.659 2.258,1.233 0.866 1.025
50.0 35.0 19.0:0.978 0.35 1.124
30.0 25.0 23.0:4.15 0.633 3.708,5.584 0.576 2.075
15.0 10.0 20.0:4.616 1.216 1.251,2.055 0.234 2.377
10.0 20.0 19.0:4.449 1.597 5.228,2.387 0.414 1.102
20.0 40.0 12.0:5.595 0.498 1.109
15.0 60.0 17.0:6.091 0.414 3.815
45.0 20.0 11.0:5.077 0.948 2.949,3.776 0.339 2.997
45.0 10.0 18.0:1.238 0.642 1.377,3.21 0.239 1.093
45.0 30.0 17.0:3.097 1.869 1.824
35.0 40.0 16.0:5.42 0.369 1.809
41.0 37.0 16.0:4.87 0.559 2.472
40.0 60.0 21.0:2.508 1.1 1.844
35.0 69.0 23.0:1.522 0.67 1.174
53.0 52.0 11.0:3.472 1.711 1.611
65.0 55.0 14.0:3.463 0.521 1.854
5.0 5.0 16.0:0.415 0.439 1.013
11.0 14.0 18.0:3.622 1.695 1.679
6.0 38.0 16.0:5.213 1.528 1.081
47.0 47.0 13.0:4.248 1.581 4.074
37.0 31.0 14.0:1.003 0.678 5.25
57.0 29.0 18.0:2.5 0.348 1.613
36.0 26.0 18.0:5.537 0.792 1.026
12.0 24.0 13.0:5.201 0.179 1.194
24.0 58.0 19.0:4.233 2.002 2.954
62.0 77.0 20.0:4.238 1.149 1.597
49.0 73.0 25.0:5.352 0.16 2.399,1.522 0.486 1.504
67.0 5.0 25.0:3.972 0.854 2.682,2.522 0.535 2.906
57.0 68.0 15.0:1.907 0.742 3.422
47.0 16.0 25.0:0.377 0.509 1.961
49.0 11.0 18.0:1.936 1.26 1.048
49.0 42.0 13.0:5.544 1.208 1.196
53.0 43.0 14.0:5.476 0.166 4.087,2.041 0.174 1.88
57.0 48.0 23.0:4.991 0.6 1.521
15.0 47.0 16.0:0.145 0.564 1.244
14.0 37.0 11.0:3.436 0.366 1.019
26.0 35.0 15.0:0.048 1.051 1.181
18.0 24.0 22.0:3.611 0.774 1.649
25.0 24.0 20.0:4.653 0.834 1.026
22.0 27.0 11.0:3.551 0.975 1.382
25.0 21.0 12.0:2.9 1.252 1.211
18.0 18.0 17.0:0.357 1.457 2.918
41.0 49.0 10.0:4.435 0.406 1.337,5.642 0.458 2.405
35.0 17.0 7.0:5.766 0.221 1.459
25.0 30.0 3.0:3.371 1.56 4.797
20.0 50.0 5.0:0.665 0.409 1.506,2.606 0.174 1.225,2.195 0.141 2.11
10.0 43.0 9.0:3.68 0.263 1.152
30.0 5.0 8.0:0.521 1.321 1.099
5.0 30.0 2.0:3.677 0.596 1.931,0.308 0.22 2.027
45.0 65.0 9.0:2.257 0.128 1.964
65.0 35.0 3.0:5.813 0.998 1.335
65.0 20.0 6.0:3.62 0.709 1.716
64.0 42.0 9.0:5.642 1.26 1.319
63.0 65.0 8.0:4.701 0.903 2.043,3.549 0.167 1.316
2.0 60.0 5.0:3.768 0.231 1.108
20.0 20.0 8.0:3.551 0.95 2.176,2.062 0.456 1.782
40.0 25.0 9.0:3.757 0.38 2.46
42.0 7.0 5.0:1.13 0.167 2.143,4.571 0.354 1.696
24.0 12.0 5.0:0.88 1.635 2.318
23.0 3.0 7.0:5.027 1.533 2.355
2.0 48.0 1.0:5.817 1.32 2.254
49.0 58.0 10.0:1.082 0.334 1.239
27.0 43.0 9.0:4.728 1.543 1.139
63.0 23.0 2.0:0.907 0.367 2.573
53.0 12.0 6.0:2.072 1.049 1.813,5.016 0.822 2.17
32.0 12.0 7.0:6.174 0.272 3.229
17.0 34.0 3.0:6.088 1.202 2.071
27.0 69.0 10.0:3.42 1.128 3.48
15.0 77.0 9.0:1.444 1.354 1.807
37.0 47.0 6.0:1.893 1.665 1.942
37.0 56.0 5.0:6.133 0.408 1.295
44.0 17.0 9.0:4.402 1.192 1.013
46.0 13.0 8.0:1.343 0.244 1.715,5.572 0.554 1.219,3.795 0.231 4.754
61.0 52.0 3.0:3.148 1.3 2.638
56.0 37.0 6.0:0.889 0.298 1.874
11.0 31.0 7.0:5.526 0.733 1.371,2.875 0.424 6.039
26.0 52.0 9.0:1.746 1.265 3.612
31.0 67.0 3.0:3.928 0.177 1.095,2.593 0.152 1.032
15.0 19.0 1.0:1.605 0.401 2.433,3.867 1.716 3.349
22.0 22.0 2.0:5.69 0.542 3.094,2.63 1.629 1.181
19.0 21.0 10.0:1.328 0.357 1.255
20.0 26.0 9.0:2.842 1.7 1.429