100 1
35.000 35.000 0
35.000 35.000 0
15.0 30.0 26.0:1.011 0.448 1.498,3.961 0.435 1.421
55.0 5.0 29.0:1.779 1.077 2.54
31.0 52.0 27.0:5.543 0.569 3.011
60.0 12.0 31.0:4.932 0.271 1.503,3.643 0.929 2.023
8.0 56.0 27.0:5.264 0.161 2.369,4.355 0.535 1.009,1.956 0.301 1.848
13.0 52.0 36.0:0.424 0.59 1.035
6.0 68.0 30.0:4.628 0.436 1.763
21.0 24.0 28.0:3.101 1.301 1.709
56.0 39.0 36.0:1.174 1.775 1.272
55.0 54.0 26.0:1.311 1.447 1.125
16.0 22.0 41.0:0.285 1.382 1.749
4.0 18.0 35.0:1.969 1.616 1.746
28.0 18.0 26.0:0.961 0.374 3.64,4.649 0.213 3.137
26.0 27.0 27.0:0.262 0.132 1.221,1.696 0.455 1.487
55.0 45.0 13.0:1.446 0.817 1.318
55.0 20.0 19.0:3.702 0.613 1.798,0.569 0.462 2.296
55.0 60.0 16.0:4.122 1.349 3.945
30.0 60.0 16.0:4.363 0.45 2.172
20.0 65.0 12.0:2.941 0.364 1.38,1.584 0.195 1.151,5.738 0.168 1.299
50.0 35.0 19.0:6.233 1.07 1.027
30.0 25.0 23.0:5.087 0.557 1.303
15.0 10.0 20.0:3.182 1.786 1.35
10.0 20.0 19.0:4.814 0.286 1.326,0.576 0.466 1.777
20.0 40.0 12.0:0.41 0.945 1.25
15.0 60.0 17.0:5.858 0.875 1.751
45.0 20.0 11.0:2.481 0.769 1.166
45.0 10.0 18.0:5.024 1.555 2.748
45.0 30.0 17.0:0.164 0.721 3.387
35.0 40.0 16.0:2.826 0.847 1.345
41.0 37.0 16.0:2.304 1.063 2.764
40.0 60.0 21.0:1.164 1.266 1.599
35.0 69.0 23.0:2.985 0.609 1.364
53.0 52.0 11.0:0.235 0.349 2.941
65.0 55.0 14.0:6.204 0.287 1.496
5.0 5.0 16.0:5.317 0.692 1.433
11.0 14.0 18.0:0.425 1.674 2.524
6.0 38.0 16.0:4.029 0.405 2.395,2.327 0.138 1.834
47.0 47.0 13.0:0.159 1.147 1.242
37.0 31.0 14.0:5.087 0.484 1.406
57.0 29.0 18.0:3.369 0.615 5.977
36.0 26.0 18.0:3.398 0.428 3.126
12.0 24.0 13.0:4.428 0.307 1.405
24.0 58.0 19.0:0.945 0.207 1.01,1.925 0.53 1.677
62.0 77.0 20.0:6.142 1.868 1.633
49.0 73.0 25.0:4.461 0.222 1.603,2.603 0.331 2.83
67.0 5.0 25.0:5.01 1.613 7.109
57.0 68.0 15.0:1.189 0.573 1.697
47.0 16.0 25.0:2.657 1.717 2.35
49.0 11.0 18.0:2.09 1.882 1.512
49.0 42.0 13.0:4.607 0.689 1.742,1.72 0.298 2.518,0.874 0.431 1.337
53.0 43.0 14.0:2.226 1.692 2.216
57.0 48.0 23.0:1.246 1.371 1.376
15.0 47.0 16.0:5.33 0.367 3.38,3.502 1.445 1.375
14.0 37.0 11.0:4.834 1.754 2.721
26.0 35.0 15.0:0.504 0.233 3.221
18.0 24.0 22.0:0.061 1.849 1.176
25.0 24.0 20.0:5.485 0.608 5.116
22.0 27.0 11.0:2.325 1.055 1.134
25.0 21.0 12.0:3.159 1.15 1.044
18.0 18.0 17.0:0.689 1.883 1.305
41.0 49.0 10.0:2.613 1.276 2.128
35.0 17.0 7.0:5.235 1.92 1.406
25.0 30.0 3.0:2.86 1.947 1.558
20.0 50.0 5.0:5.462 1.862 2.093
10.0 43.0 9.0:0.699 0.562 1.457
30.0 5.0 8.0:5.666 0.267 1.444
5.0 30.0 2.0:5.559 1.117 3.373
45.0 65.0 9.0:3.054 1.239 2.075
65.0 35.0 3.0:3.163 1.49 2.65,5.408 0.689 1.073
65.0 20.0 6.0:2.931 0.148 1.585
64.0 42.0 9.0:1.388 0.905 1.485,4.369 1.155 1.324
63.0 65.0 8.0:1.708 0.564 1.214
2.0 60.0 5.0:0.134 1.031 4.003
20.0 20.0 8.0:4.89 0.928 1.12,5.995 0.127 1.332
40.0 25.0 9.0:0.615 0.334 4.88,2.606 0.742 5.101
42.0 7.0 5.0:3.614 1.74 1.213,5.527 0.16 2.94
24.0 12.0 5.0:1.928 0.984 2.568
23.0 3.0 7.0:4.856 1.239 1.614
2.0 48.0 1.0:0.808 0.167 1.935,5.431 0.142 1.781
49.0 58.0 10.0:6.236 1.689 1.515
27.0 43.0 9.0:0.104 0.83 1.044
63.0 23.0 2.0:2.77 1.877 1.61
53.0 12.0 6.0:6.219 0.2 5.155
32.0 12.0 7.0:0.456 0.379 1.593
17.0 34.0 3.0:4.596 1.132 1.037
27.0 69.0 10.0:0.984 1.045 1.661
15.0 77.0 9.0:5.634 0.14 1.29
37.0 47.0 6.0:4.415 0.292 1.64
37.0 56.0 5.0:4.583 0.27 2.016,0.793 0.671 2.4
44.0 17.0 9.0:6.266 1.967 2.124
46.0 13.0 8.0:2.048 1.025 2.88
61.0 52.0 3.0:5.603 0.537 1.056,3.756 0.454 4.093
56.0 37.0 6.0:3.223 0.292 1.585
11.0 31.0 7.0:0.662 0.171 1.192
26.0 52.0 9.0:1.72 0.903 1.606
31.0 67.0 3.0:2.96 1.287 3.469
15.0 19.0 1.0:4.914 1.565 2.188
22.0 22.0 2.0:4.116 0.997 3.32
19.0 21.0 10.0:0.09 0.319 1.483
20.0 26.0 9.0:2.935 1.675 1.606