100 1
35.000 35.000 0
35.000 35.000 0
15.0 30.0 26.0:0.82 0.626 1.134,3.082 1.104 3.155
55.0 5.0 29.0:0.685 0.163 1.78
31.0 52.0 27.0:1.626 0.856 1.122,4.096 0.517 1.18
60.0 12.0 31.0:3.086 1.802 1.053
8.0 56.0 27.0:2.294 0.448 2.628
13.0 52.0 36.0:4.041 0.369 3.322
6.0 68.0 30.0:2.531 0.877 4.527
21.0 24.0 28.0:4.507 1.101 1.812
56.0 39.0 36.0:3.139 1.742 2.385
55.0 54.0 26.0:5.849 0.915 1.077
16.0 22.0 41.0:5.568 0.33 1.806
4.0 18.0 35.0:0.745 0.519 1.75
28.0 18.0 26.0:5.954 0.202 1.919,3.763 0.977 3.29
26.0 27.0 27.0:1.616 0.296 2.759,3.327 1.258 1.264
55.0 45.0 13.0:2.831 1.01 3.9,5.368 0.519 1.767
55.0 20.0 19.0:5.234 0.518 1.83
55.0 60.0 16.0:0.448 0.486 2.94
30.0 60.0 16.0:2.203 0.702 1.341,5.36 0.152 2.049
20.0 65.0 12.0:4.601 0.375 2.437,2.646 0.449 1.821
50.0 35.0 19.0:5.607 1.89 1.565
30.0 25.0 23.0:3.171 0.208 1.476
15.0 10.0 20.0:0.056 0.813 1.702
10.0 20.0 19.0:0.426 0.471 1.081
20.0 40.0 12.0:6.257 0.468 3.033
15.0 60.0 17.0:4.944 0.591 1.248
45.0 20.0 11.0:1.457 0.154 1.002
45.0 10.0 18.0:5.954 0.858 3.513
45.0 30.0 17.0:3.852 0.22 3.62
35.0 40.0 16.0:0.75 0.132 1.958,2.156 0.271 1.292
41.0 37.0 16.0:0.803 1.485 1.481
40.0 60.0 21.0:1.494 0.904 3.042,4.122 0.605 2.257
35.0 69.0 23.0:1.866 0.945 3.469
53.0 52.0 11.0:6.226 1.144 1.867
65.0 55.0 14.0:5.357 1.909 1.327
5.0 5.0 16.0:3.854 1.519 1.231
11.0 14.0 18.0:1.033 0.247 1.634
6.0 38.0 16.0:6.051 1.969 1.777
47.0 47.0 13.0:3.513 0.987 1.141
37.0 31.0 14.0:1.01 0.91 1.065
57.0 29.0 18.0:3.446 0.144 3.113
36.0 26.0 18.0:2.313 0.251 1.121,3.406 0.829 1.003
12.0 24.0 13.0:3.603 1.727 1.031
24.0 58.0 19.0:1.881 1.808 1.542
62.0 77.0 20.0:3.348 1.89 1.068
49.0 73.0 25.0:2.425 0.61 1.158,4.232 0.476 3.348
67.0 5.0 25.0:2.292 0.355 1.696,3.405 0.217 1.31
57.0 68.0 15.0:4.525 0.952 2.193,1.627 1.009 1.196
47.0 16.0 25.0:3.006 0.244 1.22,1.741 0.783 2.65,4.596 1.028 3.791
49.0 11.0 18.0:4.788 1.065 1.239
49.0 42.0 13.0:2.312 0.969 1.297
53.0 43.0 14.0:5.41 1.95 4.063
57.0 48.0 23.0:4.191 0.753 1.956,0.802 0.256 2.407
15.0 47.0 16.0:3.118 0.482 1.596
14.0 37.0 11.0:2.126 1.867 1.959
26.0 35.0 15.0:4.401 0.601 2.962
18.0 24.0 22.0:1.413 0.981 1.219
25.0 24.0 20.0:1.381 1.806 1.064
22.0 27.0 11.0:4.8 0.164 1.013,2.848 0.834 3.463
25.0 21.0 12.0:4.24 1.828 1.813
18.0 18.0 17.0:2.416 0.66 2.355
41.0 49.0 10.0:4.864 0.16 5.141
35.0 17.0 7.0:2.749 0.793 1.108,4.155 0.562 1.683
25.0 30.0 3.0:3.523 0.3 2.137
20.0 50.0 5.0:3.829 0.675 4.787
10.0 43.0 9.0:0.902 1.973 2.058
30.0 5.0 8.0:5.01 1.387 2.703
5.0 30.0 2.0:0.56 1.191 2.923
45.0 65.0 9.0:5.138 0.805 2.627,0.913 0.417 2.577,2.001 0.372 3.319
65.0 35.0 3.0:3.527 0.775 2.962
65.0 20.0 6.0:5.35 1.823 1.066
64.0 42.0 9.0:2.871 1.31 1.019
63.0 65.0 8.0:1.74 1.864 1.216
2.0 60.0 5.0:0.203 0.524 2.35
20.0 20.0 8.0:5.848 0.424 1.932
40.0 25.0 9.0:3.603 0.431 1.073
42.0 7.0 5.0:4.059 0.538 1.254
24.0 12.0 5.0:1.649 0.522 1.749
23.0 3.0 7.0:4.958 1.831 1.172
2.0 48.0 1.0:4.207 1.442 1.949
49.0 58.0 10.0:1.029 0.22 1.022,3.624 0.16 1.844
27.0 43.0 9.0:0.035 0.563 2.528
63.0 23.0 2.0:0.011 0.133 3.737
53.0 12.0 6.0:1.412 0.37 2.898,3.745 0.651 1.708
32.0 12.0 7.0:5.37 1.567 1.163
17.0 34.0 3.0:1.218 0.604 1.371,4.746 1.423 1.67
27.0 69.0 10.0:0.594 0.309 1.675,3.365 0.364 1.144
15.0 77.0 9.0:5.874 0.77 1.77
37.0 47.0 6.0:5.747 0.474 2.186,3.477 0.527 1.067
37.0 56.0 5.0:0.539 0.371 1.925,2.867 0.16 3.86
44.0 17.0 9.0:2.314 1.25 1.01
46.0 13.0 8.0:0.842 1.536 1.038
61.0 52.0 3.0:4.353 1.238 5.675
56.0 37.0 6.0:4.203 1.28 1.37,0.36 0.203 1.245
11.0 31.0 7.0:3.829 1.596 1.085
26.0 52.0 9.0:5.841 0.227 1.693
31.0 67.0 3.0:1.166 0.311 1.755
15.0 19.0 1.0:5.479 0.189 2.079
22.0 22.0 2.0:0.009 1.464 1.675
19.0 21.0 10.0:3.156 1.71 1.262
20.0 26.0 9.0:4.289 1.021 1.288,1.924 0.144 9.59