100, 1
35.000 35.000 0
35.000 35.000 0
15.0 30.0 26.0:3.296 0.193 1.373,3.857 0.183 1.453,1.441 0.218 2.998
55.0 5.0 29.0:5.855 1.246 1.83
31.0 52.0 27.0:0.556 0.278 1.417
60.0 12.0 31.0:2.581 0.155 1.068
8.0 56.0 27.0:1.377 0.187 1.892
13.0 52.0 36.0:3.212 1.991 1.16
6.0 68.0 30.0:2.831 1.081 1.12
21.0 24.0 28.0:1.788 1.048 1.584,3.967 0.167 1.64
56.0 39.0 36.0:3.349 1.73 1.55
55.0 54.0 26.0:4.929 0.747 1.323
16.0 22.0 41.0:6.111 1.558 2.073
4.0 18.0 35.0:5.894 1.814 1.544
28.0 18.0 26.0:5.665 1.125 2.075
26.0 27.0 27.0:2.066 1.665 2.195
55.0 45.0 13.0:5.104 0.233 1.198
55.0 20.0 19.0:2.029 1.191 1.046,4.521 0.382 2.686
55.0 60.0 16.0:1.88 0.196 1.385,4.246 1.323 1.573
30.0 60.0 16.0:1.211 1.713 1.358
20.0 65.0 12.0:3.778 0.134 1.449,1.301 0.268 2.627
50.0 35.0 19.0:5.321 0.631 1.217
30.0 25.0 23.0:2.785 1.07 1.022
15.0 10.0 20.0:1.357 1.276 5.087,5.055 0.913 1.835
10.0 20.0 19.0:2.6 0.696 2.62,0.95 0.504 1.096
20.0 40.0 12.0:0.557 0.906 2.104
15.0 60.0 17.0:3.309 0.554 2.793
45.0 20.0 11.0:6.222 0.28 1.581
45.0 10.0 18.0:3.615 1.905 1.257
45.0 30.0 17.0:2.063 1.182 1.76
35.0 40.0 16.0:2.426 0.717 3.891
41.0 37.0 16.0:1.3 0.18 1.505
40.0 60.0 21.0:3.104 0.337 1.85
35.0 69.0 23.0:3.869 0.451 1.112,2.122 0.334 3.729
53.0 52.0 11.0:2.9 0.441 2.144
65.0 55.0 14.0:1.027 0.192 1.525,3.852 0.646 1.201
5.0 5.0 16.0:1.141 1.013 1.514
11.0 14.0 18.0:5.021 0.27 1.08,3.61 0.256 1.003
6.0 38.0 16.0:4.718 0.167 1.522
47.0 47.0 13.0:4.127 0.208 4.305,2.69 0.165 1.013
37.0 31.0 14.0:5.662 1.529 3.601
57.0 29.0 18.0:2.076 1.788 1.147
36.0 26.0 18.0:4.938 0.135 1.46
12.0 24.0 13.0:6.148 1.708 2.532
24.0 58.0 19.0:4.043 1.953 3.229
62.0 77.0 20.0:0.321 0.959 1.369
49.0 73.0 25.0:1.535 1.858 1.37
67.0 5.0 25.0:1.146 0.361 2.192
57.0 68.0 15.0:6.237 0.249 1.513
47.0 16.0 25.0:3.555 1.484 1.425
49.0 11.0 18.0:5.678 1.946 1.179
49.0 42.0 13.0:2.637 1.382 2.271
53.0 43.0 14.0:4.034 0.42 1.803
57.0 48.0 23.0:3.899 0.779 3.585
15.0 47.0 16.0:0.454 0.554 1.386
14.0 37.0 11.0:1.288 1.259 5.757
26.0 35.0 15.0:5.033 0.911 2.127
18.0 24.0 22.0:4.04 0.362 1.66,4.894 0.238 1.355
25.0 24.0 20.0:6.236 0.217 1.411
22.0 27.0 11.0:5.497 0.141 1.915
25.0 21.0 12.0:5.951 0.264 3.503,3.149 0.804 1.094
18.0 18.0 17.0:4.296 0.792 1.36
41.0 49.0 10.0:5.857 1.196 1.2
35.0 17.0 7.0:0.694 0.38 1.078
25.0 30.0 3.0:0.928 0.151 1.907,2.897 1.748 2.658
20.0 50.0 5.0:2.938 0.868 1.85
10.0 43.0 9.0:3.329 1.075 1.47,1.814 0.383 1.117
30.0 5.0 8.0:2.43 0.742 4.043
5.0 30.0 2.0:3.241 1.054 3.035
45.0 65.0 9.0:4.116 0.159 1.349,2.681 0.507 1.137
65.0 35.0 3.0:0.882 0.673 1.354,4.187 0.489 1.64
65.0 20.0 6.0:0.669 0.135 2.341
64.0 42.0 9.0:4.165 0.431 1.678
63.0 65.0 8.0:3.533 1.107 1.168
2.0 60.0 5.0:4.283 1.665 1.32
20.0 20.0 8.0:1.352 0.599 2.557
40.0 25.0 9.0:6.084 0.53 2.401
42.0 7.0 5.0:5.54 0.63 1.243,3.942 0.754 1.058
24.0 12.0 5.0:5.927 0.13 2.564,3.747 0.231 1.395
23.0 3.0 7.0:4.517 0.144 1.115
2.0 48.0 1.0:0.584 0.618 1.507
49.0 58.0 10.0:2.944 0.907 1.064
27.0 43.0 9.0:3.492 0.711 2.165
63.0 23.0 2.0:0.509 1.813 7.02
53.0 12.0 6.0:5.851 0.694 1.118
32.0 12.0 7.0:4.912 1.188 1.211,2.162 0.363 1.631
17.0 34.0 3.0:3.048 0.154 2.399
27.0 69.0 10.0:0.477 1.593 1.72
15.0 77.0 9.0:3.216 0.151 2.308,1.185 0.267 5.263
37.0 47.0 6.0:4.551 0.316 1.044
37.0 56.0 5.0:1.807 0.803 1.245,3.768 0.651 1.759
44.0 17.0 9.0:4.736 1.277 3.007
46.0 13.0 8.0:0.562 0.728 1.369
61.0 52.0 3.0:0.755 0.217 1.439,3.254 0.307 1.814
56.0 37.0 6.0:3.162 0.517 1.692
11.0 31.0 7.0:4.108 1.871 1.201
26.0 52.0 9.0:0.533 0.474 3.16,2.696 1.094 1.836
31.0 67.0 3.0:4.129 1.793 1.026
15.0 19.0 1.0:5.188 0.193 6.809,4.709 0.282 1.927
22.0 22.0 2.0:5.015 0.245 1.247,1.637 1.39 4.61
19.0 21.0 10.0:4.407 1.22 5.23
20.0 26.0 9.0:0.865 0.522 3.731,4.226 0.389 1.018