100, 1
35.000 35.000 0
35.000 35.000 0
15.0 30.0 26.0:3.057 1.088 2.568
55.0 5.0 29.0:1.741 0.517 2.045,4.433 1.009 1.264
31.0 52.0 27.0:5.473 0.818 1.324
60.0 12.0 31.0:0.344 1.445 4.555
8.0 56.0 27.0:0.515 0.792 4.295
13.0 52.0 36.0:2.221 0.137 3.447
6.0 68.0 30.0:4.663 0.717 1.153,1.523 0.239 2.157
21.0 24.0 28.0:2.653 0.962 1.015
56.0 39.0 36.0:2.853 0.969 1.06
55.0 54.0 26.0:0.11 0.306 2.251
16.0 22.0 41.0:5.377 1.429 1.233
4.0 18.0 35.0:4.098 1.13 1.402,0.777 0.684 1.425
28.0 18.0 26.0:5.456 0.266 1.754
26.0 27.0 27.0:0.036 1.546 1.089
55.0 45.0 13.0:1.458 0.605 1.213,4.432 0.223 2.576
55.0 20.0 19.0:6.046 0.859 3.031
55.0 60.0 16.0:0.125 1.794 1.249
30.0 60.0 16.0:0.962 0.973 1.754
20.0 65.0 12.0:2.964 1.64 1.208
50.0 35.0 19.0:3.624 1.392 1.503
30.0 25.0 23.0:0.772 0.535 2.048
15.0 10.0 20.0:0.112 0.812 1.208
10.0 20.0 19.0:2.056 1.322 1.104
20.0 40.0 12.0:5.306 1.222 1.689
15.0 60.0 17.0:5.076 0.476 1.546,0.835 0.694 1.007
45.0 20.0 11.0:0.934 1.203 1.003
45.0 10.0 18.0:0.741 1.18 1.347
45.0 30.0 17.0:3.612 0.412 1.905
35.0 40.0 16.0:3.093 0.3 1.446,4.643 0.99 8.415
41.0 37.0 16.0:5.237 0.776 2.389,3.113 0.57 1.5
40.0 60.0 21.0:1.088 1.496 1.679
35.0 69.0 23.0:5.302 0.459 2.397
53.0 52.0 11.0:1.449 1.977 2.124
65.0 55.0 14.0:1.481 0.985 1.963
5.0 5.0 16.0:0.832 1.756 3.153
11.0 14.0 18.0:2.677 1.295 1.523
6.0 38.0 16.0:5.788 0.898 1.52
47.0 47.0 13.0:2.04 0.248 2.893,3.824 0.333 1.841
37.0 31.0 14.0:5.574 0.94 1.035
57.0 29.0 18.0:2.065 0.435 1.896
36.0 26.0 18.0:1.572 0.298 4.418,3.298 0.554 1.371
12.0 24.0 13.0:0.853 0.98 1.029
24.0 58.0 19.0:1.349 0.894 2.535
62.0 77.0 20.0:4.746 1.596 2.45
49.0 73.0 25.0:2.009 0.556 2.9,4.58 0.383 3.954
67.0 5.0 25.0:3.124 1.775 1.392
57.0 68.0 15.0:3.194 1.112 3.474
47.0 16.0 25.0:1.178 1.067 2.041
49.0 11.0 18.0:0.407 0.434 1.697
49.0 42.0 13.0:5.608 0.24 1.176,0.711 0.31 2.406
53.0 43.0 14.0:2.065 0.401 1.444
57.0 48.0 23.0:1.247 0.425 2.176,3.698 1.774 1.035
15.0 47.0 16.0:3.281 1.642 1.779
14.0 37.0 11.0:4.254 0.706 2.379,1.11 0.916 1.106
26.0 35.0 15.0:0.483 1.1 2.125
18.0 24.0 22.0:4.838 0.321 1.451
25.0 24.0 20.0:1.379 0.127 1.051
22.0 27.0 11.0:6.037 0.676 3.084
25.0 21.0 12.0:5.642 0.32 2.03
18.0 18.0 17.0:5.682 0.393 2.395,3.483 0.545 2.11
41.0 49.0 10.0:5.825 1.366 1.35
35.0 17.0 7.0:2.236 0.989 1.743
25.0 30.0 3.0:0.664 1.711 4.121
20.0 50.0 5.0:0.938 0.322 1.121
10.0 43.0 9.0:3.15 0.835 2.585
30.0 5.0 8.0:0.024 0.29 1.862
5.0 30.0 2.0:1.41 1.431 3.323
45.0 65.0 9.0:5.41 1.005 1.233
65.0 35.0 3.0:0.429 1.418 4.313
65.0 20.0 6.0:4.7 1.321 1.021
64.0 42.0 9.0:4.149 1.222 1.892,1.287 0.326 4.667
63.0 65.0 8.0:4.516 0.217 1.11
2.0 60.0 5.0:1.277 0.95 1.948,4.103 1.527 1.381
20.0 20.0 8.0:3.083 0.839 1.602
40.0 25.0 9.0:2.56 0.512 2.434,5.771 0.152 1.102
42.0 7.0 5.0:3.885 0.213 1.243
24.0 12.0 5.0:0.967 0.15 2.832
23.0 3.0 7.0:2.124 0.699 1.859,4.119 0.15 1.233
2.0 48.0 1.0:0.985 0.28 1.493,2.784 0.3 1.108
49.0 58.0 10.0:1.067 0.458 1.678
27.0 43.0 9.0:2.254 0.188 1.472,3.591 0.199 1.27,0.638 0.161 1.635
63.0 23.0 2.0:2.026 0.302 1.118,5.534 0.211 1.079
53.0 12.0 6.0:0.454 0.615 2.012
32.0 12.0 7.0:0.898 0.568 1.087,5.906 0.138 1.909,2.567 0.161 1.377
17.0 34.0 3.0:0.006 1.435 2.266
27.0 69.0 10.0:3.49 0.621 1.648,1.085 0.388 1.656
15.0 77.0 9.0:3.809 1.201 2.048,1.618 0.418 3.555
37.0 47.0 6.0:2.928 0.21 1.14,2.401 0.293 1.423
37.0 56.0 5.0:0.995 1.677 2.618
44.0 17.0 9.0:1.401 1.674 1.203
46.0 13.0 8.0:4.595 0.502 1.249
61.0 52.0 3.0:0.726 0.128 2.485,3.997 1.204 2.336
56.0 37.0 6.0:0.065 1.986 3.522
11.0 31.0 7.0:4.406 0.392 1.31
26.0 52.0 9.0:0.114 0.181 1.059
31.0 67.0 3.0:2.07 1.714 1.287
15.0 19.0 1.0:3.804 0.14 2.514
22.0 22.0 2.0:5.207 0.467 2.368,2.25 1.683 4.759
19.0 21.0 10.0:5.878 0.21 2.38
20.0 26.0 9.0:4.491 1.219 1.298,0.694 0.36 1.084