100, 1
35.000 35.000 0
35.000 35.000 0
15.0 30.0 26.0:2.155 0.611 1.715
55.0 5.0 29.0:3.972 0.427 1.581
31.0 52.0 27.0:0.668 0.216 1.546,2.979 0.405 1.737
60.0 12.0 31.0:5.663 0.64 1.635
8.0 56.0 27.0:0.015 0.258 2.961
13.0 52.0 36.0:0.962 1.06 1.162
6.0 68.0 30.0:1.517 1.841 1.823
21.0 24.0 28.0:5.828 0.834 1.015
56.0 39.0 36.0:2.553 0.55 5.129
55.0 54.0 26.0:3.527 1.396 3.595
16.0 22.0 41.0:6.281 1.32 1.941
4.0 18.0 35.0:3.455 1.859 1.066
28.0 18.0 26.0:1.323 0.802 1.761,3.537 0.336 2.468
26.0 27.0 27.0:0.513 0.582 1.132
55.0 45.0 13.0:3.947 1.036 1.142
55.0 20.0 19.0:5.447 1.461 1.81
55.0 60.0 16.0:4.916 0.145 1.193,1.908 1.071 1.388
30.0 60.0 16.0:4.302 0.826 1.772,1.231 1.067 1.417
20.0 65.0 12.0:3.439 0.197 2.875
50.0 35.0 19.0:2.859 0.809 1.528
30.0 25.0 23.0:1.018 0.544 2.089
15.0 10.0 20.0:3.843 0.352 1.05,1.588 0.699 1.321
10.0 20.0 19.0:1.758 0.305 1.157,0.442 0.215 1.537
20.0 40.0 12.0:3.341 0.829 4.246
15.0 60.0 17.0:4.296 0.452 1.58,2.268 0.728 1.034
45.0 20.0 11.0:1.5 0.281 2.081
45.0 10.0 18.0:6.114 1.613 1.596
45.0 30.0 17.0:5.95 0.266 1.769
35.0 40.0 16.0:2.535 0.134 1.033
41.0 37.0 16.0:3.137 1.82 1.314
40.0 60.0 21.0:4.695 1.119 3.992
35.0 69.0 23.0:1.296 0.216 5.448
53.0 52.0 11.0:3.337 0.687 3.297
65.0 55.0 14.0:5.772 1.263 1.443
5.0 5.0 16.0:5.855 1.406 1.116
11.0 14.0 18.0:4.824 1.5 3.467
6.0 38.0 16.0:0.375 0.144 2.13
47.0 47.0 13.0:0.794 0.146 3.067,4.774 0.167 5.829
37.0 31.0 14.0:0.543 0.313 1.588
57.0 29.0 18.0:4.351 1.421 1.872,1.15 0.694 1.14
36.0 26.0 18.0:5.396 1.312 1.495
12.0 24.0 13.0:3.366 0.724 1.129
24.0 58.0 19.0:3.24 0.208 1.826
62.0 77.0 20.0:1.73 1.791 1.382
49.0 73.0 25.0:0.219 0.585 1.973
67.0 5.0 25.0:0.511 1.046 1.036
57.0 68.0 15.0:4.728 0.308 1.245,2.284 0.248 1.041
47.0 16.0 25.0:4.574 0.142 2.373
49.0 11.0 18.0:4.735 0.748 2.433
49.0 42.0 13.0:5.41 0.126 3.684
53.0 43.0 14.0:5.406 1.376 1.271
57.0 48.0 23.0:2.459 0.668 2.966
15.0 47.0 16.0:4.357 1.0 1.022,0.697 0.202 2.338
14.0 37.0 11.0:5.33 1.173 2.177
26.0 35.0 15.0:4.548 1.526 2.776
18.0 24.0 22.0:3.604 1.134 4.245,1.119 0.151 1.591,2.319 0.126 1.052
25.0 24.0 20.0:0.332 1.931 1.2
22.0 27.0 11.0:0.195 0.419 1.324
25.0 21.0 12.0:4.788 0.305 2.22,2.397 1.753 1.114
18.0 18.0 17.0:1.742 0.997 2.884
41.0 49.0 10.0:3.653 1.833 2.211
35.0 17.0 7.0:4.607 0.192 1.835
25.0 30.0 3.0:5.561 0.743 1.525
20.0 50.0 5.0:2.872 0.619 1.113
10.0 43.0 9.0:2.279 1.312 1.872
30.0 5.0 8.0:1.35 0.211 1.189,4.344 0.798 1.847
5.0 30.0 2.0:5.847 1.716 2.274
45.0 65.0 9.0:0.214 1.538 1.921
65.0 35.0 3.0:3.403 1.007 1.532
65.0 20.0 6.0:3.083 0.778 1.417,0.857 0.176 1.015
64.0 42.0 9.0:5.309 0.331 2.363,2.16 0.452 1.686
63.0 65.0 8.0:0.117 0.231 1.23
2.0 60.0 5.0:5.214 0.86 1.361
20.0 20.0 8.0:1.712 0.43 1.357,5.042 0.925 1.069
40.0 25.0 9.0:1.557 0.503 3.311
42.0 7.0 5.0:2.201 0.317 1.516
24.0 12.0 5.0:3.559 1.089 1.53
23.0 3.0 7.0:0.998 1.299 3.71
2.0 48.0 1.0:0.869 1.805 1.771
49.0 58.0 10.0:3.998 1.633 1.259
27.0 43.0 9.0:1.884 1.007 2.747
63.0 23.0 2.0:5.209 0.45 1.615,3.863 0.131 1.883
53.0 12.0 6.0:2.342 0.284 1.598
32.0 12.0 7.0:2.604 0.834 2.119
17.0 34.0 3.0:0.37 1.335 1.634
27.0 69.0 10.0:2.103 0.661 1.191
15.0 77.0 9.0:0.015 1.137 2.774
37.0 47.0 6.0:5.846 0.846 1.7
37.0 56.0 5.0:5.406 0.48 1.184,2.36 1.644 2.54
44.0 17.0 9.0:5.485 0.742 1.147
46.0 13.0 8.0:6.041 0.226 2.446
61.0 52.0 3.0:2.55 0.66 1.908
56.0 37.0 6.0:2.288 0.293 1.803
11.0 31.0 7.0:0.343 1.881 2.5
26.0 52.0 9.0:3.447 0.536 1.202,5.149 0.204 1.914
31.0 67.0 3.0:5.638 1.132 1.062
15.0 19.0 1.0:3.807 1.639 2.368
22.0 22.0 2.0:4.904 0.472 2.094,0.644 0.449 2.51
19.0 21.0 10.0:2.568 1.294 1.972,4.713 0.164 2.606
20.0 26.0 9.0:3.541 0.156 1.137