100, 1
35.000 35.000 0
35.000 35.000 0
15.0 30.0 26.0:4.909 1.297 1.269
55.0 5.0 29.0:1.58 0.85 2.561
31.0 52.0 27.0:5.618 0.412 1.261
60.0 12.0 31.0:1.424 0.637 1.32
8.0 56.0 27.0:0.213 1.295 1.278
13.0 52.0 36.0:1.093 0.94 2.049
6.0 68.0 30.0:6.169 0.156 1.229
21.0 24.0 28.0:3.523 0.423 3.141,0.95 0.143 2.326
56.0 39.0 36.0:2.428 0.767 1.005,0.852 0.406 1.594
55.0 54.0 26.0:3.226 0.69 3.061
16.0 22.0 41.0:1.659 0.442 2.974
4.0 18.0 35.0:0.051 0.748 1.704
28.0 18.0 26.0:1.884 0.852 2.963
26.0 27.0 27.0:0.493 0.674 1.78
55.0 45.0 13.0:4.363 1.336 1.032
55.0 20.0 19.0:0.221 0.384 2.993
55.0 60.0 16.0:4.269 0.826 1.507
30.0 60.0 16.0:0.867 1.292 1.902
20.0 65.0 12.0:1.41 0.905 2.16,4.248 0.475 1.398
50.0 35.0 19.0:2.113 1.419 1.031
30.0 25.0 23.0:1.409 1.555 1.868
15.0 10.0 20.0:0.001 1.247 1.44
10.0 20.0 19.0:4.593 1.799 3.584
20.0 40.0 12.0:3.507 0.233 1.787,1.173 0.768 1.119
15.0 60.0 17.0:0.083 0.287 1.56
45.0 20.0 11.0:2.525 1.041 1.638,0.877 0.477 1.486
45.0 10.0 18.0:0.024 1.896 2.323
45.0 30.0 17.0:6.133 1.31 4.188
35.0 40.0 16.0:1.501 1.655 2.359
41.0 37.0 16.0:2.755 0.551 3.353
40.0 60.0 21.0:2.374 0.751 1.492
35.0 69.0 23.0:4.754 0.376 1.418
53.0 52.0 11.0:4.954 0.572 1.015,1.99 1.426 2.021
65.0 55.0 14.0:4.458 1.412 1.125,0.966 0.492 1.319,2.643 0.164 2.893
5.0 5.0 16.0:0.144 0.439 1.749
11.0 14.0 18.0:1.974 1.139 2.15,4.588 0.972 1.007
6.0 38.0 16.0:3.298 0.459 1.225,1.285 0.243 1.385
47.0 47.0 13.0:1.147 0.228 1.67,3.803 0.85 2.01
37.0 31.0 14.0:2.037 1.756 1.577
57.0 29.0 18.0:5.282 1.925 1.364
36.0 26.0 18.0:5.955 1.793 3.481
12.0 24.0 13.0:4.727 0.62 1.095
24.0 58.0 19.0:0.155 0.252 1.509
62.0 77.0 20.0:3.711 1.512 1.907
49.0 73.0 25.0:1.969 0.96 1.128,3.889 0.716 2.87
67.0 5.0 25.0:3.754 0.32 1.563,2.496 0.68 1.83
57.0 68.0 15.0:1.411 1.561 2.945
47.0 16.0 25.0:0.018 0.97 5.303
49.0 11.0 18.0:2.009 0.273 1.404
49.0 42.0 13.0:2.63 0.547 1.286
53.0 43.0 14.0:4.189 0.329 1.436,2.346 1.453 1.298
57.0 48.0 23.0:4.79 1.37 1.018
15.0 47.0 16.0:1.297 0.482 1.789,4.075 0.84 2.856
14.0 37.0 11.0:2.762 1.309 2.52
26.0 35.0 15.0:5.368 0.259 1.607
18.0 24.0 22.0:0.082 1.237 1.249
25.0 24.0 20.0:4.277 0.208 2.203
22.0 27.0 11.0:2.6 0.314 1.079
25.0 21.0 12.0:3.659 1.057 2.351,1.024 0.758 1.95
18.0 18.0 17.0:0.349 1.892 1.004
41.0 49.0 10.0:4.472 1.196 1.338
35.0 17.0 7.0:4.065 1.867 1.156
25.0 30.0 3.0:5.342 1.771 1.486
20.0 50.0 5.0:5.131 1.975 2.13
10.0 43.0 9.0:3.149 1.864 1.453
30.0 5.0 8.0:3.757 0.258 1.127
5.0 30.0 2.0:3.8 1.294 2.826
45.0 65.0 9.0:1.914 1.971 2.475
65.0 35.0 3.0:1.339 1.135 3.861,4.712 1.471 1.192
65.0 20.0 6.0:1.409 1.667 1.531
64.0 42.0 9.0:4.062 1.908 2.473
63.0 65.0 8.0:2.427 1.362 1.965
2.0 60.0 5.0:1.484 0.211 1.609
20.0 20.0 8.0:1.405 1.106 1.002
40.0 25.0 9.0:2.514 1.171 1.494
42.0 7.0 5.0:4.215 1.673 1.512
24.0 12.0 5.0:0.805 0.793 1.056
23.0 3.0 7.0:4.855 0.336 1.026,2.269 1.306 1.065
2.0 48.0 1.0:3.476 0.848 1.489
49.0 58.0 10.0:2.003 1.97 1.94
27.0 43.0 9.0:5.592 1.493 2.307
63.0 23.0 2.0:0.409 1.796 1.05
53.0 12.0 6.0:5.776 0.176 1.442,3.039 0.694 3.855
32.0 12.0 7.0:2.333 0.151 2.217
17.0 34.0 3.0:2.516 0.708 2.634
27.0 69.0 10.0:5.164 1.114 3.975
15.0 77.0 9.0:0.417 1.203 2.095
37.0 47.0 6.0:0.107 0.173 1.373
37.0 56.0 5.0:3.85 1.923 2.812
44.0 17.0 9.0:0.451 0.823 1.803
46.0 13.0 8.0:2.434 0.618 1.305,3.77 0.431 1.277
61.0 52.0 3.0:0.307 1.261 3.043
56.0 37.0 6.0:5.68 0.587 3.949,4.489 0.172 1.833
11.0 31.0 7.0:0.704 0.274 1.706,2.605 1.162 2.998
26.0 52.0 9.0:2.816 0.776 2.304
31.0 67.0 3.0:0.239 1.182 2.759
15.0 19.0 1.0:0.698 1.274 2.861
22.0 22.0 2.0:1.009 1.494 2.291
19.0 21.0 10.0:4.788 0.179 1.572,3.359 0.589 1.352
20.0 26.0 9.0:3.231 0.228 1.392