100 1
35.000 35.000 0
35.000 35.000 0
15.0 30.0 26.0:0.316 1.962 2.208
55.0 5.0 29.0:5.314 1.667 1.561
31.0 52.0 27.0:4.95 0.708 1.511
60.0 12.0 31.0:6.183 0.735 1.471
8.0 56.0 27.0:1.022 1.495 1.909
13.0 52.0 36.0:2.483 0.494 1.241
6.0 68.0 30.0:2.654 0.718 1.202
21.0 24.0 28.0:4.797 0.867 1.292,1.302 0.157 1.924,2.479 0.287 2.698
56.0 39.0 36.0:1.068 0.222 1.089,3.542 1.365 2.545
55.0 54.0 26.0:3.336 1.131 3.335
16.0 22.0 41.0:0.314 1.029 1.262
4.0 18.0 35.0:1.151 0.934 1.877,3.183 0.28 2.026
28.0 18.0 26.0:0.503 1.111 1.198
26.0 27.0 27.0:1.31 0.136 1.044,4.082 0.232 2.923
55.0 45.0 13.0:4.226 0.775 2.974,5.397 0.205 1.791
55.0 20.0 19.0:3.966 0.429 1.511
55.0 60.0 16.0:2.552 1.3 1.611
30.0 60.0 16.0:3.032 0.576 1.174
20.0 65.0 12.0:5.587 0.73 1.844
50.0 35.0 19.0:4.511 0.513 2.097,1.61 1.012 4.001
30.0 25.0 23.0:1.213 1.632 3.6
15.0 10.0 20.0:0.179 0.866 2.098
10.0 20.0 19.0:0.594 0.128 1.932
20.0 40.0 12.0:4.964 0.55 1.006,2.978 1.342 2.641
15.0 60.0 17.0:0.919 1.468 1.525
45.0 20.0 11.0:2.417 0.857 1.182
45.0 10.0 18.0:1.953 1.247 1.691
45.0 30.0 17.0:3.762 1.072 2.141
35.0 40.0 16.0:1.699 0.719 4.458,5.24 0.586 1.044
41.0 37.0 16.0:1.288 0.786 2.199
40.0 60.0 21.0:0.089 1.854 4.555
35.0 69.0 23.0:5.16 1.043 4.458,0.532 0.21 3.086
53.0 52.0 11.0:4.427 1.676 1.261
65.0 55.0 14.0:3.319 0.318 1.532,1.537 0.542 2.673
5.0 5.0 16.0:0.871 0.375 4.457,3.453 0.211 1.096,1.718 0.267 1.126
11.0 14.0 18.0:2.22 0.936 3.55
6.0 38.0 16.0:4.193 0.13 1.796,2.972 0.167 1.084
47.0 47.0 13.0:5.277 0.149 1.059
37.0 31.0 14.0:0.013 0.906 1.313
57.0 29.0 18.0:2.573 0.835 1.327,5.436 0.609 1.306
36.0 26.0 18.0:0.895 1.185 1.763
12.0 24.0 13.0:2.05 0.355 1.107
24.0 58.0 19.0:1.294 0.433 1.385,5.502 0.451 5.333
62.0 77.0 20.0:1.976 0.351 1.194
49.0 73.0 25.0:4.049 1.128 1.059,2.436 0.148 1.246
67.0 5.0 25.0:3.186 0.803 3.99
57.0 68.0 15.0:4.813 1.116 2.377
47.0 16.0 25.0:0.096 0.668 1.368
49.0 11.0 18.0:5.4 0.736 2.414,4.197 0.381 1.051,0.44 0.279 3.035
49.0 42.0 13.0:4.686 0.523 1.979
53.0 43.0 14.0:2.784 1.478 1.418
57.0 48.0 23.0:4.038 0.391 1.921,5.562 0.424 1.32
15.0 47.0 16.0:4.327 0.277 1.201
14.0 37.0 11.0:4.096 0.184 1.414,3.063 0.785 3.945
26.0 35.0 15.0:2.047 0.211 1.085
18.0 24.0 22.0:5.128 1.176 1.524
25.0 24.0 20.0:2.039 1.405 1.448,5.126 0.304 1.57
22.0 27.0 11.0:4.184 1.396 2.181
25.0 21.0 12.0:2.027 0.5 2.324
18.0 18.0 17.0:4.126 0.376 1.003
41.0 49.0 10.0:0.336 1.116 1.018
35.0 17.0 7.0:4.405 1.648 2.143
25.0 30.0 3.0:6.083 0.402 2.312
20.0 50.0 5.0:1.194 0.22 4.884,5.724 0.242 2.911
10.0 43.0 9.0:4.216 0.185 1.564
30.0 5.0 8.0:4.652 0.952 1.173
5.0 30.0 2.0:2.714 1.5 1.233
45.0 65.0 9.0:5.439 1.233 2.462
65.0 35.0 3.0:3.814 1.093 2.74,1.292 0.486 1.194
65.0 20.0 6.0:0.922 0.747 1.536,2.487 0.764 4.301
64.0 42.0 9.0:5.389 0.203 2.305,2.15 1.45 2.276
63.0 65.0 8.0:6.19 0.573 4.261
2.0 60.0 5.0:3.495 0.216 1.969
20.0 20.0 8.0:3.342 0.227 1.268,4.01 0.359 1.321,0.42 0.228 1.62
40.0 25.0 9.0:3.623 0.285 1.626
42.0 7.0 5.0:4.483 1.605 8.207
24.0 12.0 5.0:0.105 1.187 2.793
23.0 3.0 7.0:1.838 0.941 1.093,5.605 0.608 1.4
2.0 48.0 1.0:2.015 0.326 1.452
49.0 58.0 10.0:0.469 0.311 1.214,3.353 1.913 2.678
27.0 43.0 9.0:0.058 0.964 1.585
63.0 23.0 2.0:2.502 0.875 1.023
53.0 12.0 6.0:2.373 1.092 1.407
32.0 12.0 7.0:1.47 1.524 2.026
17.0 34.0 3.0:1.245 1.101 1.606,3.754 0.453 1.6
27.0 69.0 10.0:5.672 0.3 2.974,1.926 0.378 1.425
15.0 77.0 9.0:2.825 0.168 1.161,1.142 0.98 1.767
37.0 47.0 6.0:0.245 1.183 1.016
37.0 56.0 5.0:1.734 0.2 1.202
44.0 17.0 9.0:2.399 1.282 3.458
46.0 13.0 8.0:1.132 0.662 1.153
61.0 52.0 3.0:5.068 0.235 1.37,1.317 0.24 5.261
56.0 37.0 6.0:1.862 0.473 1.862,3.433 0.501 1.044
11.0 31.0 7.0:1.82 1.739 1.712
26.0 52.0 9.0:3.533 1.333 3.124
31.0 67.0 3.0:5.046 0.441 1.6
15.0 19.0 1.0:5.438 1.761 1.741
22.0 22.0 2.0:1.776 0.222 1.87,4.302 0.633 1.504
19.0 21.0 10.0:0.599 0.661 2.725
20.0 26.0 9.0:2.05 0.443 4.871,5.769 0.174 3.301