100, 1
35.000 35.000 0
35.000 35.000 0
15.0 30.0 26.0:5.869 0.651 1.598
55.0 5.0 29.0:0.778 1.136 1.1
31.0 52.0 27.0:5.201 1.0 2.379
60.0 12.0 31.0:2.263 0.595 3.568,3.933 0.159 1.521
8.0 56.0 27.0:5.933 1.772 2.041
13.0 52.0 36.0:5.27 0.256 1.446,4.353 0.201 4.226
6.0 68.0 30.0:2.802 0.723 1.282,1.208 0.133 1.48
21.0 24.0 28.0:1.681 0.225 1.149
56.0 39.0 36.0:4.324 0.256 1.217,2.167 0.267 1.486
55.0 54.0 26.0:1.574 0.145 1.568,3.652 0.978 3.53
16.0 22.0 41.0:0.073 0.601 6.375
4.0 18.0 35.0:5.231 1.393 1.939
28.0 18.0 26.0:0.199 0.252 1.055
26.0 27.0 27.0:5.386 0.595 2.49
55.0 45.0 13.0:1.577 0.371 2.519,3.968 0.518 1.959
55.0 20.0 19.0:0.671 0.319 3.974,2.42 0.873 1.691
55.0 60.0 16.0:5.245 0.713 4.604
30.0 60.0 16.0:5.52 1.304 3.49
20.0 65.0 12.0:1.219 0.259 3.368,5.48 0.773 1.299,3.146 0.157 1.311
50.0 35.0 19.0:2.788 1.795 2.136
30.0 25.0 23.0:0.83 1.131 2.794
15.0 10.0 20.0:0.261 1.415 3.054
10.0 20.0 19.0:1.539 0.543 2.904,2.932 0.34 2.189
20.0 40.0 12.0:4.862 0.749 1.66,2.96 0.429 3.638
15.0 60.0 17.0:1.423 1.957 1.45
45.0 20.0 11.0:4.499 1.888 2.545
45.0 10.0 18.0:3.416 0.439 1.17
45.0 30.0 17.0:2.304 1.743 1.193,4.913 0.269 1.262
35.0 40.0 16.0:4.924 1.59 1.114
41.0 37.0 16.0:3.706 0.687 2.608,5.618 0.162 1.653,1.404 0.754 1.569
40.0 60.0 21.0:1.534 1.558 1.347
35.0 69.0 23.0:0.69 0.154 1.222
53.0 52.0 11.0:3.333 1.167 1.382
65.0 55.0 14.0:1.532 0.608 1.467,5.162 0.201 1.712
5.0 5.0 16.0:5.497 1.027 1.08
11.0 14.0 18.0:4.118 0.27 3.408,4.935 0.336 4.09
6.0 38.0 16.0:0.601 0.724 1.651
47.0 47.0 13.0:2.406 0.244 1.624,0.919 0.53 2.106
37.0 31.0 14.0:4.375 0.194 1.327,1.526 1.511 1.986
57.0 29.0 18.0:5.766 0.815 1.67
36.0 26.0 18.0:3.895 1.98 4.917
12.0 24.0 13.0:4.655 1.236 1.919
24.0 58.0 19.0:3.671 0.692 1.701,1.428 1.219 1.124
62.0 77.0 20.0:0.392 0.455 2.049
49.0 73.0 25.0:1.541 0.563 1.37,5.996 0.161 1.192
67.0 5.0 25.0:1.706 0.892 1.905
57.0 68.0 15.0:0.956 0.597 1.97
47.0 16.0 25.0:3.293 1.247 1.106
49.0 11.0 18.0:4.357 0.638 4.332
49.0 42.0 13.0:2.879 1.038 4.111
53.0 43.0 14.0:1.595 1.829 1.112
57.0 48.0 23.0:4.062 0.505 2.379,0.806 0.136 1.225
15.0 47.0 16.0:5.265 0.905 2.014
14.0 37.0 11.0:1.126 0.514 1.131
26.0 35.0 15.0:1.566 1.967 2.646
18.0 24.0 22.0:6.16 1.65 1.423
25.0 24.0 20.0:5.647 1.806 1.824
22.0 27.0 11.0:1.874 0.533 3.552
25.0 21.0 12.0:3.546 0.388 1.004
18.0 18.0 17.0:5.508 1.521 1.957
41.0 49.0 10.0:3.639 1.971 1.633,0.353 0.134 1.615
35.0 17.0 7.0:5.406 0.255 1.117
25.0 30.0 3.0:3.096 0.354 1.374
20.0 50.0 5.0:3.884 0.955 4.001
10.0 43.0 9.0:4.448 0.593 1.972
30.0 5.0 8.0:0.199 1.765 2.891
5.0 30.0 2.0:1.82 0.895 3.899,5.793 0.415 1.206
45.0 65.0 9.0:4.81 0.351 2.655
65.0 35.0 3.0:3.822 0.203 7.433,3.034 0.404 2.309
65.0 20.0 6.0:4.66 0.294 1.536
64.0 42.0 9.0:1.455 0.205 1.09
63.0 65.0 8.0:3.82 0.137 1.786
2.0 60.0 5.0:0.4 0.635 2.455
20.0 20.0 8.0:2.887 1.908 1.831
40.0 25.0 9.0:2.241 1.252 1.8
42.0 7.0 5.0:2.03 0.674 1.157,3.659 0.247 1.434
24.0 12.0 5.0:2.812 1.109 2.679
23.0 3.0 7.0:0.543 1.559 2.423
2.0 48.0 1.0:5.606 1.556 2.806
49.0 58.0 10.0:4.727 0.346 2.008
27.0 43.0 9.0:1.517 1.166 1.968,4.6 0.829 1.813
63.0 23.0 2.0:1.27 1.445 1.555
53.0 12.0 6.0:1.29 1.06 1.461
32.0 12.0 7.0:0.023 1.14 2.007
17.0 34.0 3.0:5.499 1.91 1.338
27.0 69.0 10.0:0.039 0.627 1.065
15.0 77.0 9.0:3.165 1.759 1.53
37.0 47.0 6.0:0.893 0.991 1.233
37.0 56.0 5.0:5.084 1.184 1.1
44.0 17.0 9.0:5.239 1.103 1.493
46.0 13.0 8.0:0.89 1.103 1.24
61.0 52.0 3.0:3.371 1.139 2.468,5.778 0.132 1.052
56.0 37.0 6.0:5.378 1.732 1.442
11.0 31.0 7.0:0.549 0.128 1.234
26.0 52.0 9.0:5.369 0.444 3.866,2.72 1.207 2.769
31.0 67.0 3.0:1.207 1.957 1.286
15.0 19.0 1.0:5.304 1.46 1.275
22.0 22.0 2.0:3.355 0.988 1.177
19.0 21.0 10.0:0.847 1.235 1.002
20.0 26.0 9.0:5.565 0.446 2.134,3.568 0.193 1.832