100, 1
35.000 35.000 0
35.000 35.000 0
15.0 30.0 26.0:1.426 1.132 1.052,2.795 0.13 1.084
55.0 5.0 29.0:5.277 1.536 1.999
31.0 52.0 27.0:0.188 1.321 1.021
60.0 12.0 31.0:0.013 0.906 1.313
8.0 56.0 27.0:2.573 0.835 1.327,5.436 0.609 1.306
13.0 52.0 36.0:0.895 1.185 1.763
6.0 68.0 30.0:2.05 1.711 3.136,4.65 0.355 2.517
21.0 24.0 28.0:0.635 0.329 1.354
56.0 39.0 36.0:1.976 0.445 3.945
55.0 54.0 26.0:1.406 1.582 1.349
16.0 22.0 41.0:1.106 1.081 2.095
4.0 18.0 35.0:0.362 0.799 1.848
28.0 18.0 26.0:4.813 0.137 1.571,4.146 0.29 1.343
26.0 27.0 27.0:1.934 1.709 2.102
55.0 45.0 13.0:2.974 0.279 1.051
55.0 20.0 19.0:4.686 0.682 1.826,2.178 1.386 1.418
55.0 60.0 16.0:4.038 0.391 1.921,5.562 0.424 1.32
30.0 60.0 16.0:4.327 0.277 1.201
20.0 65.0 12.0:4.096 0.184 1.414,3.063 0.785 3.945
50.0 35.0 19.0:2.047 0.211 1.085
30.0 25.0 23.0:5.128 0.621 1.38
15.0 10.0 20.0:4.908 1.756 1.205
10.0 20.0 19.0:2.27 1.594 1.57
20.0 40.0 12.0:4.184 0.991 1.632
15.0 60.0 17.0:4.355 1.552 1.177,1.492 0.486 1.403
45.0 20.0 11.0:4.85 1.109 1.055
45.0 10.0 18.0:4.148 0.139 2.207,1.624 0.519 3.07
45.0 30.0 17.0:6.083 0.402 2.312
35.0 40.0 16.0:1.194 0.242 2.112
41.0 37.0 16.0:5.915 0.163 1.877,2.708 1.304 1.173
40.0 60.0 21.0:2.714 0.331 1.834
35.0 69.0 23.0:0.227 1.0 1.389
53.0 52.0 11.0:0.922 0.601 5.422,2.295 0.747 1.67
65.0 55.0 14.0:2.606 1.901 1.419
5.0 5.0 16.0:0.565 0.142 2.276
11.0 14.0 18.0:6.19 0.573 4.261
6.0 38.0 16.0:3.495 0.654 1.759,0.652 0.412 1.069
47.0 47.0 13.0:0.719 0.228 1.321,1.444 0.366 1.62
37.0 31.0 14.0:3.623 0.812 2.894,0.704 0.285 2.608
57.0 29.0 18.0:2.922 1.239 2.022
36.0 26.0 18.0:0.105 0.443 1.511
12.0 24.0 13.0:2.015 1.625 1.227
24.0 58.0 19.0:3.4 1.394 1.763
62.0 77.0 20.0:1.201 1.913 1.42
49.0 73.0 25.0:1.212 1.262 1.868
67.0 5.0 25.0:2.172 0.605 1.869
57.0 68.0 15.0:2.373 1.092 1.407
47.0 16.0 25.0:1.47 1.524 2.026
49.0 11.0 18.0:1.245 0.98 2.122
49.0 42.0 13.0:2.855 0.696 1.366
53.0 43.0 14.0:1.139 1.613 1.597
57.0 48.0 23.0:3.753 0.157 2.17
15.0 47.0 16.0:0.097 0.42 1.481
14.0 37.0 11.0:4.175 0.298 2.643,1.026 0.255 1.131
26.0 35.0 15.0:0.799 1.968 1.791
18.0 24.0 22.0:2.087 0.161 1.755,3.629 0.439 1.555
25.0 24.0 20.0:5.697 0.476 1.771,1.701 0.803 1.736
22.0 27.0 11.0:3.533 1.333 3.124
25.0 21.0 12.0:5.046 1.625 1.255
18.0 18.0 17.0:1.776 1.172 2.584
41.0 49.0 10.0:0.691 0.946 1.1
35.0 17.0 7.0:2.708 1.509 1.395
25.0 30.0 3.0:0.373 1.72 3.198
20.0 50.0 5.0:1.452 0.173 1.287
10.0 43.0 9.0:2.781 1.567 2.055
30.0 5.0 8.0:0.497 1.24 1.929
5.0 30.0 2.0:4.384 0.531 1.7,1.788 0.384 1.199
45.0 65.0 9.0:4.593 1.754 2.375
65.0 35.0 3.0:4.845 1.143 2.122,1.741 1.45 1.568
65.0 20.0 6.0:4.557 0.255 1.007
64.0 42.0 9.0:3.687 0.924 1.86
63.0 65.0 8.0:3.76 1.981 1.047,0.837 0.409 4.322
2.0 60.0 5.0:0.933 0.784 5.31
20.0 20.0 8.0:4.319 0.602 1.195
40.0 25.0 9.0:0.591 0.368 1.059
42.0 7.0 5.0:2.384 1.531 1.381
24.0 12.0 5.0:5.003 1.24 1.306
23.0 3.0 7.0:0.803 0.211 1.232,2.62 1.466 1.922
2.0 48.0 1.0:0.032 0.301 1.278
49.0 58.0 10.0:4.229 0.622 2.285
27.0 43.0 9.0:2.883 0.274 2.691
63.0 23.0 2.0:1.803 1.148 1.465
53.0 12.0 6.0:2.447 1.879 1.248
32.0 12.0 7.0:3.487 0.76 1.575
17.0 34.0 3.0:5.835 0.468 3.294
27.0 69.0 10.0:3.937 0.765 2.802
15.0 77.0 9.0:4.071 1.515 2.856
37.0 47.0 6.0:2.37 1.432 1.498
37.0 56.0 5.0:0.422 1.944 1.09
44.0 17.0 9.0:4.474 0.412 2.851
46.0 13.0 8.0:3.764 0.998 1.23,5.398 0.166 3.231
61.0 52.0 3.0:5.603 1.594 1.827
56.0 37.0 6.0:4.244 0.38 1.108,2.4 1.35 1.977
11.0 31.0 7.0:2.303 0.202 1.209,4.087 1.368 2.124
26.0 52.0 9.0:2.479 1.858 1.695
31.0 67.0 3.0:4.447 1.133 1.909
15.0 19.0 1.0:3.065 0.798 1.568,5.278 0.533 1.397
22.0 22.0 2.0:4.609 1.342 5.174,2.821 0.21 1.199
19.0 21.0 10.0:1.301 0.324 1.721
20.0 26.0 9.0:2.784 0.264 1.62