100 1
35.000 35.000 0
35.000 35.000 0
15.0 30.0 26.0:2.292 2.002 1.153
55.0 5.0 29.0:4.83 1.568 1.033
31.0 52.0 27.0:3.894 1.983 3.089
60.0 12.0 31.0:1.491 1.007 2.103,3.59 0.489 1.816,4.95 0.277 2.311
8.0 56.0 27.0:3.179 1.521 1.577
13.0 52.0 36.0:1.326 0.193 1.463,3.253 0.385 1.956
6.0 68.0 30.0:2.586 1.008 2.582
21.0 24.0 28.0:5.219 0.401 1.47,3.673 0.919 1.013
56.0 39.0 36.0:5.272 0.672 2.205,1.13 0.775 1.605
55.0 54.0 26.0:4.034 0.906 3.52,0.891 0.409 2.541
16.0 22.0 41.0:4.528 1.122 1.021
4.0 18.0 35.0:4.12 0.296 3.725
28.0 18.0 26.0:1.347 1.014 1.97,4.122 0.283 2.829
26.0 27.0 27.0:5.385 1.208 3.359
55.0 45.0 13.0:3.077 0.428 1.336,1.053 0.281 2.211
55.0 20.0 19.0:5.067 0.533 1.532,2.687 0.351 2.723
55.0 60.0 16.0:4.115 0.66 1.685
30.0 60.0 16.0:5.387 0.315 1.088
20.0 65.0 12.0:3.054 0.355 1.348,3.891 0.158 1.782
50.0 35.0 19.0:3.595 0.337 1.136
30.0 25.0 23.0:5.704 0.507 2.983,3.599 1.153 1.024
15.0 10.0 20.0:3.519 0.972 1.216,1.763 0.217 1.326
10.0 20.0 19.0:3.294 1.538 1.182
20.0 40.0 12.0:4.627 1.211 1.886,2.504 0.569 1.451
15.0 60.0 17.0:0.291 0.575 1.16
45.0 20.0 11.0:1.51 1.931 1.822
45.0 10.0 18.0:5.299 0.662 3.311
45.0 30.0 17.0:2.633 0.347 2.028,4.675 0.998 2.058
35.0 40.0 16.0:0.919 0.339 1.381
41.0 37.0 16.0:3.653 0.802 1.14
40.0 60.0 21.0:3.361 0.306 1.734
35.0 69.0 23.0:4.441 0.976 1.299,2.781 0.186 1.554
53.0 52.0 11.0:5.403 1.865 1.793
65.0 55.0 14.0:0.366 1.676 2.027
5.0 5.0 16.0:0.937 0.921 1.153,4.374 1.365 2.661
11.0 14.0 18.0:3.6 0.308 1.8,4.507 0.143 2.484
6.0 38.0 16.0:0.449 0.516 1.442
47.0 47.0 13.0:0.775 0.413 1.668
37.0 31.0 14.0:2.345 1.457 1.767
57.0 29.0 18.0:4.308 0.245 1.363,3.783 0.152 3.581,1.254 0.342 1.483
36.0 26.0 18.0:3.435 0.48 2.256
12.0 24.0 13.0:5.674 0.186 3.578,3.175 1.241 1.325
24.0 58.0 19.0:3.896 1.704 1.142,1.34 0.259 1.595
62.0 77.0 20.0:1.565 0.851 1.589
49.0 73.0 25.0:5.865 0.207 1.09
67.0 5.0 25.0:2.198 1.956 1.135,4.692 0.301 1.025
57.0 68.0 15.0:0.037 1.415 5.919
47.0 16.0 25.0:0.783 0.338 2.319,4.574 0.365 3.992
49.0 11.0 18.0:6.271 0.336 3.569
49.0 42.0 13.0:4.918 0.186 1.126,3.713 0.273 3.274,1.849 1.233 1.893
53.0 43.0 14.0:1.686 1.517 1.664
57.0 48.0 23.0:4.36 0.671 1.247
15.0 47.0 16.0:3.449 0.585 1.163
14.0 37.0 11.0:1.586 0.644 1.165,5.934 0.172 1.863
26.0 35.0 15.0:5.211 1.02 2.681
18.0 24.0 22.0:4.905 0.149 2.345
25.0 24.0 20.0:2.717 1.969 2.553
22.0 27.0 11.0:5.604 0.14 1.926,3.694 0.189 1.793
25.0 21.0 12.0:2.093 0.247 1.532
18.0 18.0 17.0:2.02 1.584 1.285
41.0 49.0 10.0:4.172 0.998 1.007
35.0 17.0 7.0:0.631 0.982 5.474
25.0 30.0 3.0:3.988 0.188 4.96
20.0 50.0 5.0:1.978 1.535 2.2
10.0 43.0 9.0:1.53 0.151 1.293,3.332 0.662 3.532
30.0 5.0 8.0:0.209 1.896 1.164
5.0 30.0 2.0:2.129 0.429 3.784
45.0 65.0 9.0:5.661 1.243 1.897
65.0 35.0 3.0:0.828 0.753 2.777,2.003 0.169 1.254
65.0 20.0 6.0:3.492 0.695 1.642,5.856 0.288 1.437
64.0 42.0 9.0:3.825 1.833 1.249
63.0 65.0 8.0:3.323 0.581 1.709,1.718 0.565 1.376
2.0 60.0 5.0:3.693 0.955 1.242
20.0 20.0 8.0:2.163 0.415 2.27,5.206 0.504 1.208
40.0 25.0 9.0:2.434 0.955 1.269
42.0 7.0 5.0:0.14 1.885 1.363
24.0 12.0 5.0:6.237 0.252 1.388
23.0 3.0 7.0:1.709 0.959 2.441,4.669 1.222 1.196
2.0 48.0 1.0:2.311 1.069 1.176
49.0 58.0 10.0:3.237 0.282 1.175
27.0 43.0 9.0:2.185 1.308 1.412
63.0 23.0 2.0:1.712 0.552 1.765
53.0 12.0 6.0:4.56 1.704 1.906
32.0 12.0 7.0:3.447 1.469 1.336,1.23 0.464 1.479
17.0 34.0 3.0:1.404 1.654 2.53
27.0 69.0 10.0:1.895 1.878 1.66
15.0 77.0 9.0:4.957 0.675 1.787,1.357 0.825 3.723
37.0 47.0 6.0:4.721 0.286 1.462,3.781 0.317 2.724
37.0 56.0 5.0:0.684 1.078 2.767
44.0 17.0 9.0:4.825 1.096 2.309
46.0 13.0 8.0:2.217 1.969 1.239
61.0 52.0 3.0:3.66 0.256 1.075,2.823 0.239 2.356
56.0 37.0 6.0:0.832 0.375 1.433,3.589 0.573 1.624
11.0 31.0 7.0:1.768 1.955 1.668
26.0 52.0 9.0:0.586 0.973 1.403
31.0 67.0 3.0:1.756 0.727 1.458
15.0 19.0 1.0:4.816 1.269 1.095
22.0 22.0 2.0:1.637 0.529 1.186
19.0 21.0 10.0:6.194 0.962 1.503
20.0 26.0 9.0:4.146 0.843 4.205,1.405 0.676 2.391