100, 1
35.000 35.000 0
35.000 35.000 0
15.0 30.0 26.0:0.435 0.752 1.23
55.0 5.0 29.0:0.992 0.383 1.412
31.0 52.0 27.0:1.682 1.407 1.2
60.0 12.0 31.0:3.056 0.264 1.426
8.0 56.0 27.0:1.34 0.59 2.233,3.04 0.907 1.085
13.0 52.0 36.0:2.32 1.69 2.726,5.6 0.548 1.522
6.0 68.0 30.0:0.126 0.493 1.536
21.0 24.0 28.0:0.395 0.226 1.166
56.0 39.0 36.0:0.01 0.887 1.326
55.0 54.0 26.0:4.866 0.441 1.055,4.147 0.276 1.036
16.0 22.0 41.0:3.338 0.209 2.626,2.834 0.182 1.437
4.0 18.0 35.0:5.583 0.628 1.183,2.151 0.155 1.459
28.0 18.0 26.0:0.489 1.456 1.315
26.0 27.0 27.0:4.275 0.262 1.29,3.241 0.432 1.743
55.0 45.0 13.0:4.864 0.948 1.776
55.0 20.0 19.0:6.011 0.359 1.177
55.0 60.0 16.0:2.092 0.53 4.062
30.0 60.0 16.0:4.897 1.929 1.985
20.0 65.0 12.0:4.852 0.513 1.742
50.0 35.0 19.0:0.806 1.855 3.461
30.0 25.0 23.0:3.511 1.284 1.128
15.0 10.0 20.0:4.351 0.983 1.719,0.809 0.144 1.007
10.0 20.0 19.0:2.229 1.655 1.334
20.0 40.0 12.0:1.01 1.101 1.41
15.0 60.0 17.0:3.461 0.251 1.868,1.471 0.318 1.035,4.768 0.325 1.569
45.0 20.0 11.0:6.104 1.378 2.572
45.0 10.0 18.0:5.577 1.891 5.433
45.0 30.0 17.0:1.574 0.255 1.793,3.136 0.567 1.55
35.0 40.0 16.0:0.43 0.618 1.845
41.0 37.0 16.0:3.921 0.617 1.775
40.0 60.0 21.0:1.748 0.426 1.177
35.0 69.0 23.0:3.654 1.327 1.923,5.141 0.146 1.083
53.0 52.0 11.0:0.463 0.4 5.209
65.0 55.0 14.0:4.396 0.911 2.664
5.0 5.0 16.0:1.157 0.324 1.075
11.0 14.0 18.0:1.28 1.321 2.069
6.0 38.0 16.0:2.362 0.36 2.545
47.0 47.0 13.0:2.227 0.211 5.337
37.0 31.0 14.0:2.978 0.493 4.063
57.0 29.0 18.0:6.078 1.738 2.126
36.0 26.0 18.0:0.594 1.906 1.83
12.0 24.0 13.0:0.006 0.349 1.906
24.0 58.0 19.0:5.807 1.115 1.421
62.0 77.0 20.0:4.625 1.619 2.787
49.0 73.0 25.0:3.701 1.463 1.176
67.0 5.0 25.0:3.932 0.459 1.041,2.223 0.259 1.019
57.0 68.0 15.0:5.509 0.987 1.326
47.0 16.0 25.0:3.098 1.335 1.098
49.0 11.0 18.0:3.13 0.14 1.096,2.431 0.281 1.44
49.0 42.0 13.0:4.513 0.779 1.242
53.0 43.0 14.0:5.194 0.576 1.726,3.523 0.401 1.868
57.0 48.0 23.0:0.922 1.968 1.194
15.0 47.0 16.0:4.46 1.35 1.99
14.0 37.0 11.0:0.258 0.963 2.334
26.0 35.0 15.0:1.778 1.866 1.493
18.0 24.0 22.0:0.737 0.211 1.054,4.96 1.095 2.081
25.0 24.0 20.0:3.932 0.155 1.99
22.0 27.0 11.0:0.543 0.871 1.761
25.0 21.0 12.0:5.876 0.332 1.892,1.16 0.544 1.132
18.0 18.0 17.0:0.009 0.841 3.863
41.0 49.0 10.0:5.487 1.348 1.719
35.0 17.0 7.0:4.147 1.291 1.379
25.0 30.0 3.0:6.155 1.997 1.566
20.0 50.0 5.0:2.209 0.641 1.682
10.0 43.0 9.0:5.881 1.038 1.076
30.0 5.0 8.0:5.745 0.135 2.665,1.792 0.953 1.798
5.0 30.0 2.0:5.017 0.598 1.28
45.0 65.0 9.0:1.457 1.2 1.289
65.0 35.0 3.0:1.427 1.659 1.177
65.0 20.0 6.0:3.888 1.364 1.083
64.0 42.0 9.0:2.807 1.461 1.485
63.0 65.0 8.0:5.191 0.581 1.615
2.0 60.0 5.0:4.754 0.607 1.589
20.0 20.0 8.0:5.129 1.18 2.245
40.0 25.0 9.0:1.749 0.216 1.053
42.0 7.0 5.0:3.232 1.402 1.126
24.0 12.0 5.0:3.788 0.774 1.314
23.0 3.0 7.0:4.15 1.256 3.742
2.0 48.0 1.0:2.806 0.14 1.166,1.28 0.787 2.805
49.0 58.0 10.0:3.482 0.798 1.826,1.53 0.852 3.52
27.0 43.0 9.0:2.79 0.154 3.717,4.256 0.147 3.534
63.0 23.0 2.0:4.18 0.703 1.444,0.758 0.742 1.016
53.0 12.0 6.0:4.684 1.981 3.309
32.0 12.0 7.0:5.434 0.924 1.441
17.0 34.0 3.0:6.227 1.211 1.123
27.0 69.0 10.0:3.596 0.238 1.849,1.707 0.249 1.85
15.0 77.0 9.0:5.182 0.472 1.395
37.0 47.0 6.0:0.245 0.63 1.533
37.0 56.0 5.0:3.097 0.277 1.383,1.697 0.702 1.467
44.0 17.0 9.0:1.476 0.585 2.039
46.0 13.0 8.0:6.233 1.961 3.673
61.0 52.0 3.0:3.705 0.326 1.398
56.0 37.0 6.0:3.324 0.887 1.588
11.0 31.0 7.0:1.172 1.048 1.113,3.299 0.218 1.326
26.0 52.0 9.0:5.038 1.965 1.023
31.0 67.0 3.0:2.639 1.813 1.522
15.0 19.0 1.0:1.321 0.207 2.985,2.48 0.24 3.343
22.0 22.0 2.0:0.138 0.579 1.267
19.0 21.0 10.0:1.833 0.236 1.389
20.0 26.0 9.0:1.394 1.452 1.859