100 1
35.000 35.000 0
35.000 35.000 0
15.0 30.0 26.0:2.398 0.262 1.015
55.0 5.0 29.0:4.049 0.175 1.954
31.0 52.0 27.0:5.934 1.278 1.205
60.0 12.0 31.0:0.058 1.081 1.872
8.0 56.0 27.0:4.78 0.45 1.134
13.0 52.0 36.0:4.906 0.631 4.31,1.045 0.266 1.364,3.473 0.278 3.838
6.0 68.0 30.0:0.475 0.713 1.139
21.0 24.0 28.0:0.03 0.226 2.198
56.0 39.0 36.0:5.917 0.451 2.317
55.0 54.0 26.0:2.36 1.021 1.19
16.0 22.0 41.0:0.174 0.632 2.277
4.0 18.0 35.0:4.046 0.789 2.669
28.0 18.0 26.0:2.991 0.386 1.361
26.0 27.0 27.0:1.066 0.637 1.312
55.0 45.0 13.0:0.246 0.414 2.296
55.0 20.0 19.0:5.68 0.51 1.431
55.0 60.0 16.0:5.16 1.961 2.51
30.0 60.0 16.0:3.374 0.602 1.065
20.0 65.0 12.0:4.54 1.845 1.339
50.0 35.0 19.0:0.523 0.166 1.291
30.0 25.0 23.0:0.0 1.325 1.122
15.0 10.0 20.0:2.36 1.559 1.155
10.0 20.0 19.0:2.568 1.128 1.028
20.0 40.0 12.0:3.742 1.504 2.901
15.0 60.0 17.0:4.428 1.22 1.262,1.855 0.601 3.962
45.0 20.0 11.0:1.838 0.396 1.262
45.0 10.0 18.0:3.428 1.935 2.141
45.0 30.0 17.0:4.649 1.912 1.535
35.0 40.0 16.0:2.233 0.368 1.768
41.0 37.0 16.0:1.45 1.227 1.03
40.0 60.0 21.0:5.707 1.979 1.108
35.0 69.0 23.0:5.793 0.227 1.227,1.365 1.265 1.194
53.0 52.0 11.0:2.009 1.496 1.776
65.0 55.0 14.0:0.288 0.719 2.152
5.0 5.0 16.0:3.383 1.578 5.01
11.0 14.0 18.0:0.046 0.47 1.383
6.0 38.0 16.0:4.958 1.531 2.851
47.0 47.0 13.0:2.605 0.644 3.607
37.0 31.0 14.0:4.158 0.867 5.377
57.0 29.0 18.0:3.846 1.932 1.019
36.0 26.0 18.0:5.335 0.86 1.777,3.976 0.227 1.999
12.0 24.0 13.0:6.006 1.896 1.627
24.0 58.0 19.0:0.715 0.512 1.487,4.756 0.993 2.036
62.0 77.0 20.0:5.912 0.934 1.953
49.0 73.0 25.0:0.426 1.456 1.297
67.0 5.0 25.0:3.92 1.906 1.042
57.0 68.0 15.0:5.72 0.953 1.362
47.0 16.0 25.0:2.073 0.244 1.132,5.642 0.383 1.622,3.09 0.421 3.478
49.0 11.0 18.0:4.202 0.13 1.451,0.455 0.42 2.499
49.0 42.0 13.0:6.076 0.588 2.161
53.0 43.0 14.0:6.251 1.063 1.39
57.0 48.0 23.0:1.263 1.199 1.753,5.3 0.554 1.783
15.0 47.0 16.0:4.487 1.385 1.333
14.0 37.0 11.0:3.596 0.294 1.872,5.623 0.425 1.606
26.0 35.0 15.0:2.811 0.751 1.731
18.0 24.0 22.0:3.676 0.168 1.764
25.0 24.0 20.0:2.166 0.764 1.549
22.0 27.0 11.0:5.163 1.467 1.133
25.0 21.0 12.0:2.632 0.792 2.79
18.0 18.0 17.0:0.572 1.232 1.28
41.0 49.0 10.0:6.223 0.852 1.338
35.0 17.0 7.0:5.526 0.786 1.411
25.0 30.0 3.0:6.224 0.926 2.32
20.0 50.0 5.0:0.617 0.197 1.975,2.3 0.281 2.822
10.0 43.0 9.0:0.892 0.397 1.558
30.0 5.0 8.0:0.006 0.354 1.29
5.0 30.0 2.0:2.037 1.935 1.258
45.0 65.0 9.0:4.878 0.746 1.264,1.718 0.933 1.436
65.0 35.0 3.0:2.269 1.687 3.891
65.0 20.0 6.0:4.883 0.72 1.266,0.774 0.231 1.153
64.0 42.0 9.0:2.273 0.404 2.691
63.0 65.0 8.0:3.11 0.308 2.342,1.17 0.669 1.748
2.0 60.0 5.0:5.571 0.92 1.024
20.0 20.0 8.0:0.337 1.389 1.046
40.0 25.0 9.0:1.352 1.898 1.2
42.0 7.0 5.0:2.908 1.864 2.487
24.0 12.0 5.0:1.861 0.624 1.102
23.0 3.0 7.0:4.128 1.169 2.403
2.0 48.0 1.0:3.673 0.578 1.859
49.0 58.0 10.0:1.595 0.192 2.381
27.0 43.0 9.0:2.594 1.869 1.017
63.0 23.0 2.0:4.281 1.912 1.967,1.012 0.852 1.316
53.0 12.0 6.0:2.532 0.139 1.716
32.0 12.0 7.0:2.661 1.712 2.186
17.0 34.0 3.0:2.371 0.733 2.289
27.0 69.0 10.0:4.161 0.366 2.005
15.0 77.0 9.0:1.635 0.395 2.108
37.0 47.0 6.0:6.01 1.092 1.333
37.0 56.0 5.0:1.969 1.726 1.619
44.0 17.0 9.0:5.9 0.17 2.085,1.397 0.311 1.87,3.478 0.994 3.037
46.0 13.0 8.0:6.242 0.721 1.128
61.0 52.0 3.0:3.257 0.296 4.609
56.0 37.0 6.0:2.126 1.661 1.122
11.0 31.0 7.0:2.219 1.593 5.292
26.0 52.0 9.0:0.092 1.606 1.378
31.0 67.0 3.0:0.453 0.644 1.521
15.0 19.0 1.0:6.134 0.253 1.084
22.0 22.0 2.0:1.03 0.65 3.862,4.671 1.252 2.62
19.0 21.0 10.0:2.029 0.626 1.102
20.0 26.0 9.0:2.826 0.27 2.255