100, 1
35.000 35.000 0
35.000 35.000 0
15.0 30.0 26.0:3.36 1.336 3.969
55.0 5.0 29.0:2.324 0.166 4.191
31.0 52.0 27.0:6.192 0.354 2.297
60.0 12.0 31.0:5.603 0.569 2.432
8.0 56.0 27.0:0.234 1.633 2.029
13.0 52.0 36.0:2.068 1.839 1.388
6.0 68.0 30.0:4.388 0.481 1.009
21.0 24.0 28.0:1.588 0.643 2.229,5.514 0.267 3.101
56.0 39.0 36.0:5.67 0.463 1.49
55.0 54.0 26.0:3.227 0.242 1.008
16.0 22.0 41.0:0.901 0.768 4.203
4.0 18.0 35.0:3.59 0.964 1.583
28.0 18.0 26.0:3.287 0.747 2.459
26.0 27.0 27.0:0.491 0.205 2.123
55.0 45.0 13.0:2.621 0.446 1.416
55.0 20.0 19.0:3.778 0.224 1.411,4.734 0.404 1.341
55.0 60.0 16.0:0.31 1.443 1.895
30.0 60.0 16.0:3.705 0.925 1.956
20.0 65.0 12.0:4.677 0.285 1.151
50.0 35.0 19.0:0.473 0.234 1.51
30.0 25.0 23.0:5.639 1.398 1.313
15.0 10.0 20.0:1.908 0.152 1.281,4.455 1.749 2.359
10.0 20.0 19.0:2.686 0.694 2.66,5.707 0.44 1.014
20.0 40.0 12.0:4.2 0.227 2.19
15.0 60.0 17.0:5.998 0.446 1.761
45.0 20.0 11.0:1.454 0.803 1.224
45.0 10.0 18.0:6.151 1.972 1.204
45.0 30.0 17.0:4.539 1.418 1.499
35.0 40.0 16.0:2.179 0.432 5.842,1.039 0.262 2.716
41.0 37.0 16.0:6.211 1.466 1.39
40.0 60.0 21.0:2.077 0.395 1.078,3.785 1.058 1.333
35.0 69.0 23.0:5.995 1.038 2.903
53.0 52.0 11.0:2.125 0.806 1.182
65.0 55.0 14.0:5.218 1.885 2.594
5.0 5.0 16.0:5.571 0.379 2.892
11.0 14.0 18.0:2.91 0.66 1.169,6.071 0.192 1.022
6.0 38.0 16.0:3.414 1.849 1.2
47.0 47.0 13.0:5.496 0.327 4.093
37.0 31.0 14.0:0.28 1.216 2.14
57.0 29.0 18.0:4.521 0.232 3.909
36.0 26.0 18.0:4.779 1.474 2.554
12.0 24.0 13.0:0.594 0.442 4.515
24.0 58.0 19.0:0.755 0.285 1.383,3.623 0.166 2.133,2.931 0.28 2.557
62.0 77.0 20.0:3.853 1.211 2.144
49.0 73.0 25.0:4.781 1.142 2.356,0.734 0.244 1.691
67.0 5.0 25.0:3.414 1.043 1.583,5.539 0.63 1.781
57.0 68.0 15.0:4.174 1.212 1.068
47.0 16.0 25.0:6.153 0.243 3.518
49.0 11.0 18.0:0.77 1.402 1.247
49.0 42.0 13.0:5.129 0.225 1.443
53.0 43.0 14.0:0.714 1.754 1.156
57.0 48.0 23.0:1.664 1.552 1.412
15.0 47.0 16.0:4.96 0.659 2.238
14.0 37.0 11.0:5.904 0.901 1.791
26.0 35.0 15.0:2.354 1.526 1.326,5.527 0.498 1.131
18.0 24.0 22.0:3.516 0.791 1.729
25.0 24.0 20.0:5.11 0.925 1.532
22.0 27.0 11.0:3.172 1.733 2.84
25.0 21.0 12.0:0.659 1.663 2.23
18.0 18.0 17.0:1.022 1.188 2.457
41.0 49.0 10.0:1.805 1.659 2.622
35.0 17.0 7.0:4.193 1.529 1.396,0.984 0.792 3.064
25.0 30.0 3.0:3.722 0.418 3.875
20.0 50.0 5.0:4.602 1.182 1.119
10.0 43.0 9.0:4.261 0.822 1.178,0.346 0.134 2.159
30.0 5.0 8.0:1.544 0.551 3.852
5.0 30.0 2.0:1.874 1.789 1.094
45.0 65.0 9.0:1.772 0.652 3.06
65.0 35.0 3.0:2.247 1.306 1.865
65.0 20.0 6.0:2.172 0.929 4.01,4.913 0.976 1.36
64.0 42.0 9.0:2.609 1.977 1.184
63.0 65.0 8.0:5.547 1.245 1.185
2.0 60.0 5.0:1.301 0.626 1.12,4.48 0.21 1.215
20.0 20.0 8.0:1.837 1.672 1.427,5.635 0.332 1.309
40.0 25.0 9.0:1.593 1.024 2.68
42.0 7.0 5.0:1.796 0.518 1.66,4.238 1.876 1.735
24.0 12.0 5.0:4.231 0.243 2.303,5.058 0.132 1.266
23.0 3.0 7.0:4.764 0.984 1.549,3.218 0.233 1.965
2.0 48.0 1.0:1.967 1.6 1.09
49.0 58.0 10.0:5.88 1.188 1.676
27.0 43.0 9.0:6.18 0.167 1.534
63.0 23.0 2.0:5.457 0.957 1.581
53.0 12.0 6.0:3.401 1.462 3.844
32.0 12.0 7.0:0.102 0.323 1.694
17.0 34.0 3.0:0.476 0.165 4.402,5.444 0.488 1.256
27.0 69.0 10.0:1.811 0.848 1.379,3.683 0.182 1.759
15.0 77.0 9.0:5.273 1.087 1.325
37.0 47.0 6.0:5.787 0.246 1.018,3.236 1.826 1.504
37.0 56.0 5.0:2.161 0.499 1.609
44.0 17.0 9.0:6.25 0.558 1.378
46.0 13.0 8.0:2.946 0.712 3.525,4.286 0.406 1.291
61.0 52.0 3.0:4.621 0.924 2.235
56.0 37.0 6.0:1.094 0.183 1.182,5.206 0.244 1.397
11.0 31.0 7.0:4.016 1.954 3.627,1.482 0.486 1.016
26.0 52.0 9.0:3.994 0.412 2.005,0.595 0.13 1.081
31.0 67.0 3.0:4.079 1.279 4.792
15.0 19.0 1.0:1.659 0.157 1.233
22.0 22.0 2.0:4.155 0.55 1.013
19.0 21.0 10.0:4.854 1.054 2.458,2.52 0.616 1.813
20.0 26.0 9.0:0.792 1.159 2.95