100, 1
35.000 35.000 0
35.000 35.000 0
15.0 30.0 26.0:0.451 1.233 3.274
55.0 5.0 29.0:1.686 1.148 2.184
31.0 52.0 27.0:3.136 0.88 1.924
60.0 12.0 31.0:1.586 0.644 1.165,5.934 0.172 1.863
8.0 56.0 27.0:5.211 1.02 2.681
13.0 52.0 36.0:4.905 0.149 2.345
6.0 68.0 30.0:2.717 0.782 1.437
21.0 24.0 28.0:4.953 1.552 1.887
56.0 39.0 36.0:0.473 0.502 3.044
55.0 54.0 26.0:2.02 0.795 1.84
16.0 22.0 41.0:1.558 0.558 1.676
4.0 18.0 35.0:4.172 0.998 1.007
28.0 18.0 26.0:0.631 0.982 5.474
26.0 27.0 27.0:3.988 1.525 1.078
55.0 45.0 13.0:4.338 1.954 1.328
55.0 20.0 19.0:1.978 1.535 2.2
55.0 60.0 16.0:1.53 0.151 1.293,3.332 0.662 3.532
30.0 60.0 16.0:0.209 0.94 1.414
20.0 65.0 12.0:5.661 0.916 2.255
50.0 35.0 19.0:0.361 0.245 1.659,3.722 0.481 1.054
30.0 25.0 23.0:5.221 0.894 1.599,1.409 1.03 5.929
15.0 10.0 20.0:2.975 0.641 1.437
10.0 20.0 19.0:3.825 0.63 1.521
20.0 40.0 12.0:5.905 0.174 2.272
15.0 60.0 17.0:3.323 0.565 1.886,1.718 0.8 2.12
45.0 20.0 11.0:6.157 0.543 2.763
45.0 10.0 18.0:2.102 0.307 3.011,4.518 0.588 1.881
45.0 30.0 17.0:4.079 0.13 1.312,1.483 0.143 4.16
35.0 40.0 16.0:2.688 0.376 1.252
41.0 37.0 16.0:3.283 0.414 2.224
40.0 60.0 21.0:2.311 1.069 1.176
35.0 69.0 23.0:3.237 1.103 1.181
53.0 52.0 11.0:3.451 0.525 2.355,1.65 0.424 1.348
65.0 55.0 14.0:2.123 0.638 3.108
5.0 5.0 16.0:1.712 0.258 2.651,2.7 0.552 1.838
11.0 14.0 18.0:3.361 1.269 1.23,5.301 0.154 1.906
6.0 38.0 16.0:3.447 0.317 2.641
47.0 47.0 13.0:1.931 0.351 2.33
37.0 31.0 14.0:1.895 0.754 1.243
57.0 29.0 18.0:3.271 1.817 2.297
36.0 26.0 18.0:1.064 0.559 1.115
12.0 24.0 13.0:4.039 1.528 2.461,1.109 0.693 3.905
24.0 58.0 19.0:4.092 1.278 1.435
62.0 77.0 20.0:6.195 1.745 1.344
49.0 73.0 25.0:1.338 0.157 4.816
67.0 5.0 25.0:3.66 0.693 5.879
57.0 68.0 15.0:0.456 0.245 1.476,4.665 0.375 1.624
47.0 16.0 25.0:1.768 1.955 1.668
49.0 11.0 18.0:0.586 0.973 1.403
49.0 42.0 13.0:1.756 0.61 1.632
53.0 43.0 14.0:3.988 1.368 1.196
57.0 48.0 23.0:1.637 0.131 5.259,2.118 0.286 1.459
15.0 47.0 16.0:3.7 0.6 2.079,5.126 0.133 1.465
14.0 37.0 11.0:3.329 0.676 1.91
26.0 35.0 15.0:6.028 1.664 3.601
18.0 24.0 22.0:4.071 0.403 1.284,1.33 0.404 1.228
25.0 24.0 20.0:4.582 1.244 2.374,1.897 1.078 2.057
22.0 27.0 11.0:3.23 1.868 1.356
25.0 21.0 12.0:0.212 1.063 1.137
18.0 18.0 17.0:6.265 0.333 3.711
41.0 49.0 10.0:0.216 0.236 2.749
35.0 17.0 7.0:2.895 1.069 2.977
25.0 30.0 3.0:1.504 0.917 1.296
20.0 50.0 5.0:1.757 0.896 1.274
10.0 43.0 9.0:1.333 1.0 1.214,4.304 0.211 2.702
30.0 5.0 8.0:5.851 1.805 1.798
5.0 30.0 2.0:3.764 0.304 1.098,5.369 0.401 1.102
45.0 65.0 9.0:4.429 0.201 2.341
65.0 35.0 3.0:4.707 0.229 1.067
65.0 20.0 6.0:2.905 1.36 1.579
64.0 42.0 9.0:2.847 0.193 1.233,5.029 0.526 2.428
63.0 65.0 8.0:0.629 0.93 2.475
2.0 60.0 5.0:4.075 1.528 1.396
20.0 20.0 8.0:3.415 0.766 2.419
40.0 25.0 9.0:3.036 1.203 1.214,5.495 0.174 3.584
42.0 7.0 5.0:4.173 0.221 1.59
24.0 12.0 5.0:1.597 0.689 1.733
23.0 3.0 7.0:2.011 0.228 3.484
2.0 48.0 1.0:2.408 0.947 1.062
49.0 58.0 10.0:2.307 0.939 1.212,1.163 0.147 1.908
27.0 43.0 9.0:0.551 0.467 1.78
63.0 23.0 2.0:4.265 1.353 1.329
53.0 12.0 6.0:3.95 1.745 1.06
32.0 12.0 7.0:3.285 0.935 3.22
17.0 34.0 3.0:0.008 0.304 5.511
27.0 69.0 10.0:4.572 1.553 2.923
15.0 77.0 9.0:3.75 0.273 1.297,5.551 0.317 2.477
37.0 47.0 6.0:1.514 1.549 1.797
37.0 56.0 5.0:0.474 0.972 1.216
44.0 17.0 9.0:5.58 0.997 2.508
46.0 13.0 8.0:5.135 1.18 1.271
61.0 52.0 3.0:3.717 1.309 1.587
56.0 37.0 6.0:6.255 0.376 3.068
11.0 31.0 7.0:3.717 1.18 1.884
26.0 52.0 9.0:3.627 1.095 1.921
31.0 67.0 3.0:2.485 0.551 2.196
15.0 19.0 1.0:4.177 0.163 4.041,1.722 1.647 3.181
22.0 22.0 2.0:0.65 1.255 2.26
19.0 21.0 10.0:4.001 0.305 1.004,1.634 1.29 1.789
20.0 26.0 9.0:3.443 0.179 1.088