100 1
35.000 35.000 0
35.000 35.000 0
15.0 30.0 26.0:0.625 0.97 1.077
55.0 5.0 29.0:6.25 0.357 1.389
31.0 52.0 27.0:1.377 0.187 1.346
60.0 12.0 31.0:2.963 0.589 4.053,1.1 0.519 2.132
8.0 56.0 27.0:2.415 0.8 1.753
13.0 52.0 36.0:2.849 0.609 1.406
6.0 68.0 30.0:4.979 1.007 2.766
21.0 24.0 28.0:4.364 0.879 2.006
56.0 39.0 36.0:4.281 0.189 1.399
55.0 54.0 26.0:4.969 0.19 1.211
16.0 22.0 41.0:0.349 0.205 1.028
4.0 18.0 35.0:6.253 0.564 1.281
28.0 18.0 26.0:5.292 1.941 1.227
26.0 27.0 27.0:2.446 1.52 1.699
55.0 45.0 13.0:6.057 1.771 1.183
55.0 20.0 19.0:5.36 1.06 4.125
55.0 60.0 16.0:2.596 0.39 4.6
30.0 60.0 16.0:4.71 0.346 2.976,1.12 1.014 1.192
20.0 65.0 12.0:0.828 1.488 2.206
50.0 35.0 19.0:4.361 0.711 1.106
30.0 25.0 23.0:1.554 0.795 6.292
15.0 10.0 20.0:5.787 1.798 1.063
10.0 20.0 19.0:4.604 1.595 1.814
20.0 40.0 12.0:0.813 0.974 3.796
15.0 60.0 17.0:5.905 1.102 1.66
45.0 20.0 11.0:5.116 0.432 1.137
45.0 10.0 18.0:4.226 1.262 1.68,2.197 0.156 1.355
45.0 30.0 17.0:5.862 1.655 2.333
35.0 40.0 16.0:2.744 1.861 2.033
41.0 37.0 16.0:6.205 0.266 1.46
40.0 60.0 21.0:0.33 0.166 2.327,3.848 1.528 1.312
35.0 69.0 23.0:2.022 0.26 1.383,3.503 0.134 2.577
53.0 52.0 11.0:5.255 0.167 2.596
65.0 55.0 14.0:4.824 0.441 1.594,5.842 0.223 2.326
5.0 5.0 16.0:2.457 1.334 1.272
11.0 14.0 18.0:5.136 1.356 1.433
6.0 38.0 16.0:0.266 0.971 3.143
47.0 47.0 13.0:6.28 0.615 1.524
37.0 31.0 14.0:3.971 1.051 2.266
57.0 29.0 18.0:5.464 0.39 2.138
36.0 26.0 18.0:1.399 0.888 1.435
12.0 24.0 13.0:6.057 0.877 1.014
24.0 58.0 19.0:2.614 0.325 1.751,1.121 0.281 2.271
62.0 77.0 20.0:1.329 1.339 4.757
49.0 73.0 25.0:5.302 1.892 1.5
67.0 5.0 25.0:5.238 1.276 1.615
57.0 68.0 15.0:1.452 0.131 2.664,3.917 0.625 1.539
47.0 16.0 25.0:3.903 0.216 3.066
49.0 11.0 18.0:2.165 0.331 1.409
49.0 42.0 13.0:1.023 1.783 5.442
53.0 43.0 14.0:0.136 0.332 1.512
57.0 48.0 23.0:5.075 0.677 1.103
15.0 47.0 16.0:2.959 0.791 1.594
14.0 37.0 11.0:2.622 0.785 3.354
26.0 35.0 15.0:1.907 0.716 1.902
18.0 24.0 22.0:4.417 1.342 1.2
25.0 24.0 20.0:3.901 0.219 4.204
22.0 27.0 11.0:4.986 0.548 1.63
25.0 21.0 12.0:4.429 1.952 2.547
18.0 18.0 17.0:4.995 1.721 1.902
41.0 49.0 10.0:3.939 0.931 1.671
35.0 17.0 7.0:4.644 0.971 1.295,2.171 0.696 3.632
25.0 30.0 3.0:3.145 0.149 2.044
20.0 50.0 5.0:5.832 1.027 1.326
10.0 43.0 9.0:6.199 0.358 1.621
30.0 5.0 8.0:1.119 0.58 2.427,3.101 0.788 1.183
5.0 30.0 2.0:5.316 1.54 1.749
45.0 65.0 9.0:0.66 0.73 2.01
65.0 35.0 3.0:4.63 1.202 2.671
65.0 20.0 6.0:1.046 1.285 2.369
64.0 42.0 9.0:2.355 1.534 1.357,0.342 0.244 1.222
63.0 65.0 8.0:5.759 0.291 1.133,1.36 1.217 1.796
2.0 60.0 5.0:5.413 1.264 3.086
20.0 20.0 8.0:5.634 1.748 1.323
40.0 25.0 9.0:6.05 1.028 1.985
42.0 7.0 5.0:4.327 0.257 1.374
24.0 12.0 5.0:0.377 1.762 2.318
23.0 3.0 7.0:0.144 0.791 2.679
2.0 48.0 1.0:4.343 1.847 1.655
49.0 58.0 10.0:1.698 0.2 2.508,0.915 0.473 2.555
27.0 43.0 9.0:0.917 1.482 2.86
63.0 23.0 2.0:0.094 0.767 1.131
53.0 12.0 6.0:2.176 0.203 1.759,4.475 0.395 1.109
32.0 12.0 7.0:2.864 1.429 1.482
17.0 34.0 3.0:0.815 0.147 2.757
27.0 69.0 10.0:4.61 0.94 1.864
15.0 77.0 9.0:4.332 0.308 1.993
37.0 47.0 6.0:3.085 0.569 1.058,4.724 0.45 1.835
37.0 56.0 5.0:2.232 0.728 2.79
44.0 17.0 9.0:2.91 1.362 2.717
46.0 13.0 8.0:5.359 1.069 1.7
61.0 52.0 3.0:5.231 0.817 3.616
56.0 37.0 6.0:6.106 0.935 1.605
11.0 31.0 7.0:5.363 0.692 1.212,2.197 1.539 1.134
26.0 52.0 9.0:3.418 0.565 1.01,5.222 1.054 3.398
31.0 67.0 3.0:3.791 0.352 2.239,1.625 1.047 2.873
15.0 19.0 1.0:1.569 0.445 1.785
22.0 22.0 2.0:0.929 0.365 2.463,2.075 0.44 1.885
19.0 21.0 10.0:4.494 0.68 1.06
20.0 26.0 9.0:0.476 0.237 3.08