100, 1
35.000 35.000 0
35.000 35.000 0
15.0 30.0 26.0:3.728 1.833 2.06,5.9 0.172 2.532
55.0 5.0 29.0:3.036 1.489 2.117,4.786 0.241 2.284
31.0 52.0 27.0:0.24 0.452 1.094
60.0 12.0 31.0:5.506 1.03 1.937
8.0 56.0 27.0:4.627 1.871 2.246
13.0 52.0 36.0:5.824 1.973 1.054
6.0 68.0 30.0:0.312 1.528 1.806
21.0 24.0 28.0:4.616 1.654 1.815,1.685 0.485 1.158
56.0 39.0 36.0:0.07 1.547 2.397
55.0 54.0 26.0:4.824 1.804 1.919
16.0 22.0 41.0:1.829 0.223 2.78
4.0 18.0 35.0:2.813 1.912 1.686
28.0 18.0 26.0:0.434 1.498 2.434
26.0 27.0 27.0:2.207 0.269 1.899
55.0 45.0 13.0:6.28 1.382 1.059
55.0 20.0 19.0:2.562 0.807 1.467
55.0 60.0 16.0:4.365 0.451 1.292
30.0 60.0 16.0:1.399 0.888 1.435
20.0 65.0 12.0:6.057 0.78 1.563
50.0 35.0 19.0:0.085 0.635 1.227
30.0 25.0 23.0:3.318 0.196 3.365,4.521 0.336 2.406
15.0 10.0 20.0:2.353 1.941 3.053
10.0 20.0 19.0:5.302 0.598 9.456
20.0 40.0 12.0:4.579 0.847 1.2
15.0 60.0 17.0:1.452 1.035 2.146
45.0 20.0 11.0:5.093 1.031 1.422
45.0 10.0 18.0:1.023 1.221 1.186
45.0 30.0 17.0:6.209 0.143 2.734
35.0 40.0 16.0:5.075 0.21 1.423,2.768 0.732 1.699
41.0 37.0 16.0:5.047 0.637 1.362,2.812 0.785 1.621
40.0 60.0 21.0:4.417 1.342 1.2
35.0 69.0 23.0:3.901 1.89 2.056
53.0 52.0 11.0:2.281 0.469 3.112
65.0 55.0 14.0:4.429 1.605 1.392
5.0 5.0 16.0:4.945 1.44 1.986
11.0 14.0 18.0:6.145 0.947 1.424
6.0 38.0 16.0:3.728 0.408 3.632,2.835 0.392 1.647
47.0 47.0 13.0:3.145 0.251 3.634
37.0 31.0 14.0:6.199 1.12 1.196
57.0 29.0 18.0:3.149 0.283 2.679
36.0 26.0 18.0:5.237 1.691 2.242
12.0 24.0 13.0:0.66 0.66 1.445
24.0 58.0 19.0:3.995 0.904 1.995
62.0 77.0 20.0:4.63 1.202 2.671
49.0 73.0 25.0:1.046 0.718 1.37
67.0 5.0 25.0:4.685 0.959 1.056,2.141 0.567 2.779
57.0 68.0 15.0:0.822 0.32 2.886
47.0 16.0 25.0:1.09 0.237 2.977,3.284 1.007 2.287
49.0 11.0 18.0:5.634 1.748 1.323
49.0 42.0 13.0:6.05 1.152 2.423
53.0 43.0 14.0:3.897 0.818 2.458,1.128 1.042 1.185
57.0 48.0 23.0:4.327 0.919 1.155
15.0 47.0 16.0:4.89 0.175 3.464,1.959 1.558 1.467
14.0 37.0 11.0:4.601 0.144 1.699,1.725 1.393 3.682
26.0 35.0 15.0:5.111 0.483 1.397
18.0 24.0 22.0:5.936 1.804 1.411
25.0 24.0 20.0:1.698 0.2 2.508,0.915 0.473 2.555
22.0 27.0 11.0:0.917 1.482 2.86
25.0 21.0 12.0:0.094 0.236 2.246
18.0 18.0 17.0:1.62 0.704 1.796
41.0 49.0 10.0:0.815 1.288 2.831
35.0 17.0 7.0:4.332 1.839 2.732
25.0 30.0 3.0:3.955 0.365 2.393,5.186 0.769 1.472
20.0 50.0 5.0:1.869 0.536 2.364,3.556 0.728 1.195
10.0 43.0 9.0:2.91 1.362 2.717
30.0 5.0 8.0:5.359 1.347 2.787
5.0 30.0 2.0:6.106 0.935 1.605
45.0 65.0 9.0:5.363 0.692 1.212,2.197 1.539 1.134
65.0 35.0 3.0:3.418 0.565 1.01,5.222 1.054 3.398
65.0 20.0 6.0:3.791 0.396 1.081
64.0 42.0 9.0:1.41 1.047 2.106
63.0 65.0 8.0:4.463 0.384 1.348,3.364 0.226 1.93
2.0 60.0 5.0:3.417 1.949 1.401,0.719 0.262 1.481
20.0 20.0 8.0:1.474 1.373 2.256
40.0 25.0 9.0:2.778 0.173 1.079,5.973 0.153 3.135
42.0 7.0 5.0:0.784 1.651 2.954
24.0 12.0 5.0:4.317 0.367 1.261,1.58 0.371 1.55
23.0 3.0 7.0:6.12 0.347 1.396
2.0 48.0 1.0:1.762 0.371 1.508,3.34 0.294 4.281
49.0 58.0 10.0:1.438 0.737 2.352
27.0 43.0 9.0:6.106 0.171 2.286
63.0 23.0 2.0:5.158 0.407 1.186
53.0 12.0 6.0:3.972 1.577 3.032,6.101 0.179 1.423
32.0 12.0 7.0:5.198 0.89 1.269
17.0 34.0 3.0:2.162 1.519 1.543,4.939 0.193 1.543
27.0 69.0 10.0:1.347 1.232 1.701,3.706 0.2 1.634
15.0 77.0 9.0:1.916 0.531 1.321
37.0 47.0 6.0:4.769 0.237 2.24,2.494 1.1 1.293
37.0 56.0 5.0:5.277 0.354 1.308,1.73 0.654 2.356
44.0 17.0 9.0:6.282 0.388 1.113
46.0 13.0 8.0:2.654 1.879 1.778
61.0 52.0 3.0:3.789 0.894 2.41
56.0 37.0 6.0:2.411 0.127 1.433
11.0 31.0 7.0:5.706 0.254 2.014
26.0 52.0 9.0:3.443 1.0 2.135
31.0 67.0 3.0:3.287 0.74 1.256
15.0 19.0 1.0:4.19 1.494 1.883
22.0 22.0 2.0:5.315 1.745 1.204
19.0 21.0 10.0:2.945 0.79 1.855
20.0 26.0 9.0:3.421 0.347 1.482