100, 1
35.000 35.000 0
35.000 35.000 0
15.0 30.0 26.0:1.641 1.94 3.142
55.0 5.0 29.0:1.03 0.65 3.862,4.671 1.252 2.62
31.0 52.0 27.0:2.029 0.609 1.109
60.0 12.0 31.0:0.608 0.177 1.335
8.0 56.0 27.0:4.925 1.056 1.097
13.0 52.0 36.0:5.417 0.714 2.592
6.0 68.0 30.0:2.077 0.205 1.595,5.311 0.703 1.014
21.0 24.0 28.0:6.257 1.497 1.96
56.0 39.0 36.0:5.745 0.783 2.314
55.0 54.0 26.0:0.366 0.69 2.447
16.0 22.0 41.0:0.996 0.19 4.073,2.573 1.183 2.586
4.0 18.0 35.0:2.449 0.46 1.358
28.0 18.0 26.0:1.629 1.12 1.011,6.057 0.183 6.825
26.0 27.0 27.0:1.385 1.8 1.816
55.0 45.0 13.0:2.636 0.321 2.069
55.0 20.0 19.0:2.349 0.634 2.549,4.933 0.801 1.594
55.0 60.0 16.0:6.071 1.874 2.183
30.0 60.0 16.0:1.812 1.771 1.227
20.0 65.0 12.0:4.686 0.667 1.629,2.218 0.934 2.399
50.0 35.0 19.0:0.037 0.509 2.496
30.0 25.0 23.0:0.993 1.299 5.063
15.0 10.0 20.0:0.856 0.99 1.789
10.0 20.0 19.0:0.812 0.269 1.899
20.0 40.0 12.0:1.461 0.765 1.658
15.0 60.0 17.0:2.847 1.462 1.638
45.0 20.0 11.0:4.765 0.847 1.196
45.0 10.0 18.0:3.827 1.344 3.926,1.161 0.192 1.632
45.0 30.0 17.0:2.112 1.116 2.808,0.734 0.207 2.039
35.0 40.0 16.0:1.011 1.733 1.338
41.0 37.0 16.0:1.128 0.467 1.619
40.0 60.0 21.0:5.823 0.247 1.096
35.0 69.0 23.0:0.584 0.265 1.221,2.823 0.858 1.416
53.0 52.0 11.0:1.498 0.442 3.118,3.207 0.349 1.169
65.0 55.0 14.0:1.763 0.417 2.475
5.0 5.0 16.0:0.707 0.864 1.134
11.0 14.0 18.0:2.246 0.558 1.723
6.0 38.0 16.0:4.078 1.336 1.11
47.0 47.0 13.0:0.138 1.605 1.57
37.0 31.0 14.0:0.032 1.95 1.31
57.0 29.0 18.0:2.31 0.267 5.342
36.0 26.0 18.0:4.42 0.506 1.111
12.0 24.0 13.0:2.467 0.236 1.688
24.0 58.0 19.0:3.724 0.494 1.558
62.0 77.0 20.0:4.844 1.11 3.685,2.239 0.319 10.883
49.0 73.0 25.0:1.896 0.708 2.209
67.0 5.0 25.0:1.436 1.772 2.173
57.0 68.0 15.0:1.824 0.526 1.492
47.0 16.0 25.0:4.726 1.862 2.699
49.0 11.0 18.0:5.849 1.253 1.072
49.0 42.0 13.0:4.385 0.418 2.976
53.0 43.0 14.0:4.969 0.499 1.28
57.0 48.0 23.0:2.156 1.455 1.038
15.0 47.0 16.0:0.464 0.603 1.31
14.0 37.0 11.0:4.781 0.182 2.532
26.0 35.0 15.0:6.092 0.236 4.514
18.0 24.0 22.0:4.367 0.673 1.466
25.0 24.0 20.0:5.88 0.159 2.562,2.086 0.61 2.045
22.0 27.0 11.0:6.045 1.753 1.642
25.0 21.0 12.0:0.732 1.308 1.144
18.0 18.0 17.0:5.387 1.022 1.186
41.0 49.0 10.0:4.83 1.818 1.008
35.0 17.0 7.0:1.612 0.48 1.588,3.548 0.268 1.683
25.0 30.0 3.0:6.219 0.455 2.078
20.0 50.0 5.0:4.149 0.772 2.661
10.0 43.0 9.0:0.877 1.888 1.347
30.0 5.0 8.0:4.175 1.889 1.146
5.0 30.0 2.0:3.048 1.126 3.086
45.0 65.0 9.0:5.665 0.156 3.354,3.195 0.241 1.145,3.821 0.171 2.895
65.0 35.0 3.0:2.206 0.552 1.098,5.03 0.409 1.329
65.0 20.0 6.0:2.962 1.925 1.537
64.0 42.0 9.0:4.39 1.388 1.645
63.0 65.0 8.0:1.79 1.839 1.79
2.0 60.0 5.0:2.033 1.202 1.993,5.112 0.632 2.508
20.0 20.0 8.0:5.35 1.526 1.975
40.0 25.0 9.0:1.935 0.476 1.695,2.698 0.184 4.313
42.0 7.0 5.0:3.844 0.59 4.056,1.885 1.202 3.46
24.0 12.0 5.0:0.538 1.734 2.174
23.0 3.0 7.0:1.381 0.319 2.131,3.777 0.457 1.402
2.0 48.0 1.0:5.237 0.399 1.651,1.736 0.902 1.591
49.0 58.0 10.0:0.979 0.595 2.487,3.171 1.287 1.52
27.0 43.0 9.0:4.69 0.248 1.381,2.603 1.294 2.53
63.0 23.0 2.0:4.927 0.627 2.377
53.0 12.0 6.0:2.567 0.884 1.292
32.0 12.0 7.0:2.406 0.579 2.978
17.0 34.0 3.0:1.256 0.516 2.142,5.272 0.19 3.568
27.0 69.0 10.0:5.304 1.126 2.62
15.0 77.0 9.0:4.958 0.607 1.241
37.0 47.0 6.0:1.561 0.743 4.472,4.36 1.008 1.318
37.0 56.0 5.0:4.458 0.523 1.905,1.507 0.299 2.745,5.475 0.164 1.32
44.0 17.0 9.0:5.765 0.928 1.407
46.0 13.0 8.0:0.941 0.574 2.78
61.0 52.0 3.0:4.724 1.694 1.133
56.0 37.0 6.0:5.025 1.671 2.846
11.0 31.0 7.0:3.557 0.935 1.359
26.0 52.0 9.0:3.888 0.63 4.349,1.53 1.221 2.04
31.0 67.0 3.0:1.013 0.981 1.511
15.0 19.0 1.0:1.961 0.742 1.506,3.743 0.29 1.568
22.0 22.0 2.0:0.855 0.419 1.274
19.0 21.0 10.0:4.614 0.204 1.018,3.672 0.193 1.275
20.0 26.0 9.0:3.736 1.254 4.014