n 102
tmax 380.0
rmin 3.00
rmax 4.00
eta 3.142
rho 1.500
35.000 35.000 0
15.000 30.000 26 2.705 0.823 4.571 0.446 0.066 1.232
55.000 5.000 29 1.241 0.138 3.764 0.889
31.000 52.000 27 1.285 0.019 2.334 0.829 4.084 0.079 5.912 0.349
60.000 12.000 31 0.848 0.405 3.782 1.486
8.000 56.000 27 2.768 0.446 5.825 0.298
13.000 52.000 36 2.108 0.478 4.423 0.210
6.000 68.000 30 0.892 0.009 2.564 0.575 4.775 0.173 0.031 0.361
21.000 24.000 28 4.213 1.087 1.103 1.508
56.000 39.000 36 2.523 0.232 4.420 0.408
55.000 54.000 26 0.751 0.138 1.608 0.374 3.713 0.135
16.000 22.000 41 2.036 0.342 5.633 1.621
4.000 18.000 35 2.011 0.889 4.480 0.035 5.916 0.924
28.000 18.000 26 1.319 0.085 2.620 0.569
26.000 27.000 27 2.944 1.885 5.693 0.562
55.000 45.000 13 1.024 0.022 2.466 0.276 3.632 0.619 5.224 0.038
55.000 20.000 19 4.810 0.704 1.379 1.445
55.000 60.000 16 0.506 0.396 1.753 0.273 4.854 0.396
30.000 60.000 16 1.118 0.292 3.789 0.920
20.000 65.000 12 0.123 0.836
50.000 35.000 19 1.517 0.207 3.465 0.811 6.277 0.393
30.000 25.000 23 2.881 0.760 5.278 0.964
15.000 10.000 20 1.913 0.641 4.342 0.575 6.167 0.057
10.000 20.000 19 1.062 0.053 3.710 0.553 5.520 0.741
20.000 40.000 12 0.889 0.767 3.842 0.006 4.885 0.195
15.000 60.000 17 1.718 0.917 3.845 0.229
45.000 20.000 11 4.760 0.509 0.920 1.087
45.000 10.000 18 1.627 0.462 5.027 2.139
45.000 30.000 17 1.131 0.726 3.245 0.044 5.799 0.198
35.000 40.000 16 5.268 0.327
41.000 37.000 16 6.189 1.750
40.000 60.000 21 1.756 0.704 5.268 0.295 6.267 0.226
35.000 69.000 23 0.955 0.129 2.004 0.116 3.676 1.040 5.859 0.509
53.000 52.000 11 1.112 0.116 3.729 0.641
65.000 55.000 14 0.839 0.013 1.766 0.003
5.000 5.000 16 3.217 0.801 5.137 0.163
11.000 14.000 18 3.333 0.031 3.980 0.264 0.452 1.448
6.000 38.000 16 1.354 1.169 3.977 0.066 5.532 0.792
47.000 47.000 13 1.637 1.357 5.510 0.066
37.000 31.000 14 1.521 0.267 4.719 0.820 0.123 0.547
57.000 29.000 18 1.731 0.289 3.914 0.613 5.799 0.525
36.000 26.000 18 3.977 0.518 0.653 1.191
12.000 24.000 13 0.826 0.427 2.234 0.283 2.636 0.057 4.357 0.113 6.258 0.116
24.000 58.000 19 0.091 0.723
62.000 77.000 20 0.465 0.066 3.748 0.019 5.642 0.525
49.000 73.000 25 1.539 0.763 2.959 0.047
67.000 5.000 25 0.892 0.041 2.912 0.119 3.946 0.028 5.328 0.506
57.000 68.000 15 1.235 0.270 3.515 0.792 6.085 0.327
47.000 16.000 25 2.259 0.434 3.581 0.537 0.031 0.072
49.000 11.000 18 3.679 1.370 0.710 0.801
49.000 42.000 13 1.703 0.022 5.033 0.185 0.276 0.770
53.000 43.000 14 1.385 0.622 3.443 0.833 5.155 0.075
57.000 48.000 23 3.695 0.543
15.000 47.000 16 1.216 0.057 2.567 0.421 3.889 0.028 4.364 0.057 6.095 0.594
14.000 37.000 11 0.320 0.047 3.833 0.631 5.790 0.082
26.000 35.000 15 3.069 0.088 4.508 0.697 6.205 0.635
18.000 24.000 22 3.167 0.053 5.909 2.004
25.000 24.000 20 4.923 0.226 1.806 2.055
22.000 27.000 11 5.020 2.548
25.000 21.000 12 1.301 0.342 4.225 0.565 5.771 0.408
18.000 18.000 17 1.838 2.488
41.000 49.000 10 6.261 0.578
35.000 17.000 7 2.077 0.553 5.049 1.558
25.000 30.000 3 1.291 0.729 2.608 0.016 4.596 1.093
20.000 50.000 5 0.917 0.512 4.269 0.383
10.000 43.000 9 3.911 0.729
30.000 5.000 8 1.197 0.320 2.023 0.141 4.181 0.383 5.881 0.066
5.000 30.000 2 4.317 0.826 0.217 0.779
45.000 65.000 9 1.213 0.116 2.755 0.672 5.762 0.047
65.000 35.000 3 1.442 0.528 3.544 0.091 5.319 0.848
65.000 20.000 6 2.227 0.572
64.000 42.000 9 3.424 0.129 3.968 0.264 0.317 2.055
63.000 65.000 8 2.410 0.320
2.000 60.000 5 2.083 0.075 4.034 0.349 5.501 0.440 0.386 0.446
20.000 20.000 8 2.400 1.750 5.617 0.801
40.000 25.000 9 2.479 0.892 6.167 0.044
42.000 7.000 5 3.305 0.267 0.314 1.806
24.000 12.000 5 1.571 0.311 4.307 0.773
23.000 3.000 7 1.923 0.053 4.009 0.971 5.856 0.072
2.000 48.000 1 1.593 0.547 3.434 0.182 5.960 0.289
49.000 58.000 10 1.709 0.123 2.708 0.254 4.178 0.462
27.000 43.000 9 1.153 0.534 3.952 1.065
63.000 23.000 2 0.123 0.031 3.079 0.770 5.281 0.333
53.000 12.000 6 1.766 2.347
32.000 12.000 7 0.873 0.789 2.259 0.088 4.615 0.232 5.608 0.057
17.000 34.000 3 0.364 0.204 1.854 0.254 4.725 1.197
27.000 69.000 10 3.594 0.613 0.914 1.502
15.000 77.000 9 2.023 0.694 4.577 0.069
37.000 47.000 6 2.067 0.336 4.207 0.069
37.000 56.000 5 0.562 0.082
44.000 17.000 9 1.156 0.556 4.923 0.452 6.085 0.063
46.000 13.000 8 2.051 0.660 4.926 1.398
61.000 52.000 3 0.185 0.044 3.845 0.009 5.180 0.547
56.000 37.000 6 1.608 0.035 2.026 0.151 4.694 1.323
11.000 31.000 7 2.736 1.891 6.123 0.829
26.000 52.000 9 2.875 0.151 0.701 0.729
31.000 67.000 3 2.334 0.848 6.267 1.389
15.000 19.000 1 3.949 1.288 0.456 1.030
22.000 22.000 2 2.931 2.551
19.000 21.000 10 1.049 0.807 2.535 0.276 4.709 1.571
20.000 26.000 9 2.384 0.647 5.539 1.797
35.000 35.000 0