100, 1
35.000 35.000 0
35.000 35.000 0
15.0 30.0 26.0:0.783 0.168 1.066,3.472 1.102 1.451
55.0 5.0 29.0:0.055 0.294 1.437
31.0 52.0 27.0:2.592 0.274 2.237
60.0 12.0 31.0:0.743 0.999 1.134
8.0 56.0 27.0:5.357 0.613 2.68
13.0 52.0 36.0:5.464 0.578 1.84,0.888 0.81 2.107,4.572 0.157 1.049
6.0 68.0 30.0:5.262 0.137 1.253,2.257 0.356 1.561
21.0 24.0 28.0:5.825 1.673 1.976
56.0 39.0 36.0:4.195 1.462 2.127
55.0 54.0 26.0:4.878 1.569 3.268
16.0 22.0 41.0:2.723 0.667 1.502
4.0 18.0 35.0:5.85 0.132 1.349,2.292 1.197 1.799
28.0 18.0 26.0:2.194 1.735 3.012,4.987 0.254 1.844
26.0 27.0 27.0:1.081 0.968 6.11
55.0 45.0 13.0:0.3 0.491 2.512
55.0 20.0 19.0:2.88 1.007 1.742,5.001 0.192 1.164
55.0 60.0 16.0:1.482 0.138 1.723
30.0 60.0 16.0:5.91 1.89 2.566
20.0 65.0 12.0:2.602 0.498 1.593
50.0 35.0 19.0:1.801 0.204 1.122
30.0 25.0 23.0:5.513 0.554 2.482,2.953 1.773 1.038
15.0 10.0 20.0:1.311 1.58 1.893
10.0 20.0 19.0:3.058 1.679 1.608
20.0 40.0 12.0:3.122 0.77 4.487
15.0 60.0 17.0:3.901 0.33 3.707
45.0 20.0 11.0:1.801 0.641 4.576
45.0 10.0 18.0:5.008 0.343 2.354
45.0 30.0 17.0:0.254 0.218 1.72
35.0 40.0 16.0:3.292 0.25 2.385
41.0 37.0 16.0:2.212 2.001 1.649
40.0 60.0 21.0:4.807 1.763 1.744
35.0 69.0 23.0:3.076 0.382 1.693,2.251 0.314 2.444
53.0 52.0 11.0:3.231 0.554 1.186
65.0 55.0 14.0:0.661 0.655 2.679
5.0 5.0 16.0:5.683 0.149 1.367
11.0 14.0 18.0:2.733 1.36 1.332
6.0 38.0 16.0:5.264 0.229 1.881,2.025 1.659 1.036
47.0 47.0 13.0:3.602 1.761 1.579
37.0 31.0 14.0:0.391 0.578 1.437
57.0 29.0 18.0:6.05 1.244 2.366
36.0 26.0 18.0:5.633 0.221 4.974
12.0 24.0 13.0:3.995 0.167 4.269,1.395 0.266 1.044
24.0 58.0 19.0:1.652 0.179 1.73
62.0 77.0 20.0:5.664 0.176 1.078,2.826 0.375 1.583
49.0 73.0 25.0:6.17 1.174 1.774
67.0 5.0 25.0:5.299 0.238 1.267
57.0 68.0 15.0:0.483 0.641 1.15
47.0 16.0 25.0:0.714 0.314 1.017
49.0 11.0 18.0:0.32 1.701 1.536
49.0 42.0 13.0:6.147 0.194 1.699
53.0 43.0 14.0:4.248 0.925 1.785
57.0 48.0 23.0:0.751 1.02 3.035
15.0 47.0 16.0:2.163 0.501 1.383
14.0 37.0 11.0:0.46 0.489 1.963
26.0 35.0 15.0:5.977 1.655 1.325
18.0 24.0 22.0:4.182 1.041 1.075
25.0 24.0 20.0:2.42 1.896 1.282
22.0 27.0 11.0:0.35 1.042 2.793
25.0 21.0 12.0:3.165 0.905 3.312
18.0 18.0 17.0:0.692 0.449 1.827,4.486 0.259 1.901
41.0 49.0 10.0:5.569 0.245 1.511
35.0 17.0 7.0:3.164 1.025 1.265
25.0 30.0 3.0:2.553 1.086 1.877
20.0 50.0 5.0:0.297 1.058 1.81
10.0 43.0 9.0:1.787 1.976 1.17
30.0 5.0 8.0:4.039 0.412 1.772
5.0 30.0 2.0:5.314 1.411 1.614
45.0 65.0 9.0:3.457 0.239 1.403
65.0 35.0 3.0:2.522 1.997 1.383,5.566 0.244 1.157
65.0 20.0 6.0:2.861 1.013 1.39,4.852 0.307 1.13
64.0 42.0 9.0:1.802 0.991 4.425
63.0 65.0 8.0:1.277 1.023 3.101
2.0 60.0 5.0:2.304 0.232 1.603
20.0 20.0 8.0:0.669 2.01 4.176
40.0 25.0 9.0:2.103 0.372 1.2
42.0 7.0 5.0:3.629 1.715 3.931
24.0 12.0 5.0:4.337 1.783 1.485
23.0 3.0 7.0:1.037 1.761 1.873
2.0 48.0 1.0:5.724 1.275 2.982
49.0 58.0 10.0:4.545 0.146 1.307
27.0 43.0 9.0:3.58 0.277 1.392
63.0 23.0 2.0:2.921 1.502 6.106
53.0 12.0 6.0:1.092 1.43 2.644
32.0 12.0 7.0:3.436 0.256 1.141
17.0 34.0 3.0:2.377 0.174 2.296,0.658 0.593 1.332
27.0 69.0 10.0:4.762 0.216 1.386
15.0 77.0 9.0:2.536 1.138 1.497
37.0 47.0 6.0:3.537 1.125 2.464
37.0 56.0 5.0:0.536 1.087 1.099
44.0 17.0 9.0:4.377 1.067 1.006,0.944 0.245 1.923
46.0 13.0 8.0:1.794 1.392 1.664
61.0 52.0 3.0:0.181 1.42 4.347
56.0 37.0 6.0:0.168 0.646 1.349
11.0 31.0 7.0:5.15 0.751 2.572
26.0 52.0 9.0:4.582 1.987 1.909
31.0 67.0 3.0:0.165 1.148 1.127
15.0 19.0 1.0:2.902 0.308 1.321
22.0 22.0 2.0:0.325 0.95 1.031
19.0 21.0 10.0:0.692 0.588 1.013,1.843 0.51 1.345
20.0 26.0 9.0:4.633 1.804 1.435