100, 1
35.000 35.000 0
35.000 35.000 0
15.0 30.0 26.0:5.47 1.518 2.289
55.0 5.0 29.0:4.019 1.883 1.005
31.0 52.0 27.0:1.044 0.416 1.265
60.0 12.0 31.0:5.699 0.802 1.262
8.0 56.0 27.0:3.764 1.528 1.167
13.0 52.0 36.0:3.471 0.689 1.058
6.0 68.0 30.0:1.994 0.453 1.448
21.0 24.0 28.0:2.173 1.256 2.396
56.0 39.0 36.0:1.267 0.611 2.367,4.967 0.639 1.025
55.0 54.0 26.0:2.904 0.386 1.893
16.0 22.0 41.0:3.758 0.292 1.166
4.0 18.0 35.0:1.822 1.725 2.751,5.571 0.504 1.773
28.0 18.0 26.0:5.566 0.529 1.024
26.0 27.0 27.0:3.187 0.174 2.001
55.0 45.0 13.0:3.576 0.373 1.082
55.0 20.0 19.0:5.638 0.374 1.444
55.0 60.0 16.0:2.42 0.265 1.63,3.897 0.325 1.838
30.0 60.0 16.0:2.353 1.84 2.724
20.0 65.0 12.0:0.698 1.908 1.156
50.0 35.0 19.0:2.738 0.406 2.806,1.519 0.173 2.632
30.0 25.0 23.0:6.167 0.251 1.712
15.0 10.0 20.0:4.886 0.836 1.41
10.0 20.0 19.0:1.213 0.298 1.602
20.0 40.0 12.0:0.195 0.601 2.816
15.0 60.0 17.0:3.042 1.067 1.173
45.0 20.0 11.0:4.372 1.32 1.407
45.0 10.0 18.0:6.031 1.05 1.151
45.0 30.0 17.0:5.046 0.341 1.478
35.0 40.0 16.0:2.797 0.539 1.718
41.0 37.0 16.0:4.642 1.763 1.028
40.0 60.0 21.0:5.506 0.721 3.104,3.202 1.086 2.031
35.0 69.0 23.0:5.938 0.583 1.243
53.0 52.0 11.0:4.167 0.887 2.307,5.59 0.207 4.201,1.579 0.211 1.144
65.0 55.0 14.0:3.544 1.484 1.081
5.0 5.0 16.0:2.283 0.496 1.042,1.218 0.376 3.686
11.0 14.0 18.0:0.997 0.203 2.919,4.314 1.135 5.883
6.0 38.0 16.0:0.369 0.955 1.543
47.0 47.0 13.0:0.661 1.122 2.099
37.0 31.0 14.0:0.616 1.25 1.544
57.0 29.0 18.0:5.204 1.385 1.638
36.0 26.0 18.0:3.883 1.001 4.253
12.0 24.0 13.0:5.314 0.363 1.081
24.0 58.0 19.0:5.172 0.69 1.082,0.737 0.284 2.532
62.0 77.0 20.0:3.018 1.995 4.231
49.0 73.0 25.0:5.24 0.95 2.374
67.0 5.0 25.0:0.518 0.985 2.179
57.0 68.0 15.0:3.873 0.573 2.091
47.0 16.0 25.0:4.562 0.902 1.162
49.0 11.0 18.0:0.115 0.988 1.44
49.0 42.0 13.0:5.208 1.305 1.599
53.0 43.0 14.0:0.93 0.72 4.339
57.0 48.0 23.0:3.643 0.664 2.313,5.642 0.558 1.401
15.0 47.0 16.0:3.794 1.141 2.714
14.0 37.0 11.0:1.065 0.494 2.37,4.587 0.128 2.378
26.0 35.0 15.0:3.448 0.336 1.061,1.05 0.395 1.156,5.097 0.263 3.931
18.0 24.0 22.0:5.008 1.298 1.85
25.0 24.0 20.0:4.827 0.422 1.508
22.0 27.0 11.0:0.373 1.49 1.424
25.0 21.0 12.0:2.443 0.357 1.042,4.188 0.649 1.816
18.0 18.0 17.0:3.82 1.413 1.438
41.0 49.0 10.0:5.595 1.346 1.004
35.0 17.0 7.0:0.297 0.827 1.455
25.0 30.0 3.0:2.691 0.417 1.603,4.592 1.451 1.075
20.0 50.0 5.0:4.092 1.574 1.662
10.0 43.0 9.0:4.583 0.659 1.788
30.0 5.0 8.0:0.245 0.865 1.705
5.0 30.0 2.0:3.251 1.45 2.359
45.0 65.0 9.0:5.124 1.793 1.301
65.0 35.0 3.0:3.474 1.871 2.317
65.0 20.0 6.0:6.283 0.562 1.648
64.0 42.0 9.0:3.092 0.21 1.335,4.395 0.408 1.2
63.0 65.0 8.0:5.619 1.696 4.187
2.0 60.0 5.0:3.673 1.54 1.323
20.0 20.0 8.0:4.102 0.333 1.69,0.942 0.518 1.361
40.0 25.0 9.0:0.975 0.163 1.618,4.676 0.296 1.323
42.0 7.0 5.0:5.515 0.872 4.731
24.0 12.0 5.0:4.796 0.726 1.4,0.532 0.256 1.515
23.0 3.0 7.0:0.291 0.77 3.193
2.0 48.0 1.0:2.208 1.982 1.705
49.0 58.0 10.0:5.285 0.529 1.928,0.69 0.612 1.27,2.301 0.58 1.713
27.0 43.0 9.0:1.521 1.17 1.069,3.962 0.858 1.149
63.0 23.0 2.0:3.0 0.685 1.006,4.832 0.268 1.383
53.0 12.0 6.0:2.32 0.285 7.404
32.0 12.0 7.0:5.372 0.712 1.017,1.902 0.724 1.791
17.0 34.0 3.0:4.272 0.128 1.622
27.0 69.0 10.0:5.396 1.347 4.047
15.0 77.0 9.0:0.793 1.96 1.686
37.0 47.0 6.0:4.266 0.832 2.173
37.0 56.0 5.0:2.07 1.1 1.187
44.0 17.0 9.0:4.495 0.44 1.787
46.0 13.0 8.0:4.23 0.482 1.249,2.422 0.392 1.945
61.0 52.0 3.0:5.484 0.94 1.185
56.0 37.0 6.0:2.026 0.737 1.363
11.0 31.0 7.0:6.02 1.635 1.199
26.0 52.0 9.0:6.084 0.701 1.337
31.0 67.0 3.0:2.087 1.587 1.002,4.799 0.674 1.542
15.0 19.0 1.0:3.361 0.667 2.842
22.0 22.0 2.0:5.223 1.948 2.815
19.0 21.0 10.0:2.398 1.307 1.751
20.0 26.0 9.0:3.397 0.278 1.782