100, 1
35.000 35.000 0
35.000 35.000 0
15.0 30.0 26.0:1.685 0.325 2.171,0.469 0.232 2.743
55.0 5.0 29.0:4.858 0.812 2.251
31.0 52.0 27.0:5.268 1.181 1.016
60.0 12.0 31.0:2.3 1.099 3.369
8.0 56.0 27.0:3.413 0.212 1.122,2.25 0.619 1.559,0.92 0.365 2.276
13.0 52.0 36.0:4.193 1.13 1.145
6.0 68.0 30.0:2.253 1.516 1.237
21.0 24.0 28.0:5.815 1.854 1.127
56.0 39.0 36.0:0.973 1.596 2.104
55.0 54.0 26.0:4.294 1.639 5.017
16.0 22.0 41.0:2.497 1.92 1.873
4.0 18.0 35.0:2.149 0.804 2.905
28.0 18.0 26.0:0.823 0.562 2.354,2.218 0.445 2.889
26.0 27.0 27.0:3.032 1.311 1.405,5.568 0.128 1.314
55.0 45.0 13.0:2.671 0.836 1.633
55.0 20.0 19.0:4.052 0.647 1.433
55.0 60.0 16.0:2.795 0.367 1.595,0.613 0.533 2.799
30.0 60.0 16.0:1.558 0.498 2.213
20.0 65.0 12.0:0.614 1.203 2.194
50.0 35.0 19.0:3.696 1.717 1.887
30.0 25.0 23.0:2.617 0.895 2.304,4.46 0.844 3.155
15.0 10.0 20.0:3.23 0.791 2.365
10.0 20.0 19.0:5.287 0.473 1.182
20.0 40.0 12.0:3.063 0.671 1.785
15.0 60.0 17.0:0.81 0.129 1.308,5.508 0.405 1.089
45.0 20.0 11.0:4.946 0.747 3.163
45.0 10.0 18.0:1.205 0.929 1.606,4.498 1.05 3.096
45.0 30.0 17.0:0.863 0.907 2.005
35.0 40.0 16.0:3.385 1.831 1.487
41.0 37.0 16.0:0.114 0.217 1.739
40.0 60.0 21.0:0.908 0.585 1.144
35.0 69.0 23.0:4.591 1.882 3.351
53.0 52.0 11.0:4.177 0.418 1.729
65.0 55.0 14.0:2.025 1.699 1.162
5.0 5.0 16.0:3.147 0.795 1.232,5.085 0.496 1.576
11.0 14.0 18.0:4.67 0.271 1.787,1.837 1.059 1.011
6.0 38.0 16.0:2.843 0.171 3.381
47.0 47.0 13.0:5.138 1.674 1.423
37.0 31.0 14.0:4.75 1.333 1.242
57.0 29.0 18.0:5.693 0.148 2.106,3.184 1.048 1.432
36.0 26.0 18.0:5.676 1.874 1.702
12.0 24.0 13.0:4.356 0.141 2.071,2.575 1.267 2.538
24.0 58.0 19.0:3.405 0.371 3.551
62.0 77.0 20.0:4.819 0.696 3.022
49.0 73.0 25.0:6.07 1.858 1.698
67.0 5.0 25.0:0.62 0.69 1.168
57.0 68.0 15.0:4.706 1.18 1.522
47.0 16.0 25.0:0.694 0.33 1.175
49.0 11.0 18.0:1.309 1.814 1.058
49.0 42.0 13.0:5.782 1.857 2.059
53.0 43.0 14.0:6.199 0.3 2.302
57.0 48.0 23.0:0.934 1.996 1.323
15.0 47.0 16.0:4.493 0.619 2.517,2.899 0.146 1.683,0.947 0.265 2.516
14.0 37.0 11.0:0.485 1.362 4.497
26.0 35.0 15.0:2.016 1.476 1.209
18.0 24.0 22.0:3.698 1.738 2.728
25.0 24.0 20.0:1.154 0.618 1.718
22.0 27.0 11.0:5.588 0.581 1.121,3.274 1.624 1.484
25.0 21.0 12.0:2.66 0.381 2.633
18.0 18.0 17.0:2.591 1.356 1.908
41.0 49.0 10.0:2.044 0.252 1.965,1.192 0.216 1.362
35.0 17.0 7.0:4.649 0.489 1.246
25.0 30.0 3.0:3.125 0.326 1.045
20.0 50.0 5.0:0.085 0.239 1.46
10.0 43.0 9.0:5.414 1.281 1.995
30.0 5.0 8.0:5.192 0.32 1.278
5.0 30.0 2.0:2.65 0.54 1.98
45.0 65.0 9.0:2.63 1.94 2.379
65.0 35.0 3.0:5.847 0.875 1.076
65.0 20.0 6.0:5.739 0.258 1.008,2.873 0.48 1.715
64.0 42.0 9.0:4.572 1.994 1.247
63.0 65.0 8.0:1.359 1.139 1.853,5.279 0.597 1.909
2.0 60.0 5.0:4.649 1.454 3.659
20.0 20.0 8.0:4.31 0.972 1.361
40.0 25.0 9.0:1.019 1.792 2.118
42.0 7.0 5.0:3.054 0.162 1.25,5.309 0.537 3.324
24.0 12.0 5.0:3.558 0.668 1.482
23.0 3.0 7.0:5.376 1.057 1.614
2.0 48.0 1.0:6.03 1.07 1.647
49.0 58.0 10.0:0.009 1.46 1.949
27.0 43.0 9.0:4.026 0.963 1.117
63.0 23.0 2.0:3.188 0.831 4.53
53.0 12.0 6.0:1.258 0.854 2.495
32.0 12.0 7.0:0.939 0.154 1.107
17.0 34.0 3.0:1.247 1.159 1.044,5.098 0.141 2.326
27.0 69.0 10.0:2.999 0.735 1.497
15.0 77.0 9.0:3.573 0.314 1.098
37.0 47.0 6.0:4.82 1.283 2.448
37.0 56.0 5.0:3.369 0.632 3.211
44.0 17.0 9.0:2.216 1.352 2.803
46.0 13.0 8.0:4.092 1.346 1.642
61.0 52.0 3.0:3.689 0.818 3.289
56.0 37.0 6.0:0.752 1.928 3.774
11.0 31.0 7.0:3.411 0.779 2.177
26.0 52.0 9.0:0.391 1.477 1.006
31.0 67.0 3.0:2.396 0.167 3.236,4.082 0.498 2.711
15.0 19.0 1.0:2.9 0.234 1.841
22.0 22.0 2.0:2.006 0.684 2.056,4.268 1.189 1.271
19.0 21.0 10.0:0.452 0.784 3.299
20.0 26.0 9.0:2.992 1.009 3.769