100, 1
35.000 35.000 0
35.000 35.000 0
15.0 30.0 26.0:2.282 1.538 1.14
55.0 5.0 29.0:2.287 1.186 2.13
31.0 52.0 27.0:2.865 0.282 1.053
60.0 12.0 31.0:1.98 0.767 1.932
8.0 56.0 27.0:0.675 0.307 1.692
13.0 52.0 36.0:0.465 0.795 2.284
6.0 68.0 30.0:6.152 0.293 1.921
21.0 24.0 28.0:3.645 0.342 1.293,1.516 0.482 1.024
56.0 39.0 36.0:4.475 0.425 3.038
55.0 54.0 26.0:2.763 1.442 1.199
16.0 22.0 41.0:0.108 0.882 1.165
4.0 18.0 35.0:2.468 0.332 1.119,1.059 0.131 1.677
28.0 18.0 26.0:0.262 0.161 1.335,3.905 0.884 1.311
26.0 27.0 27.0:2.812 0.975 1.039,4.464 0.44 3.342
55.0 45.0 13.0:0.113 0.52 1.65
55.0 20.0 19.0:5.538 0.128 1.855
55.0 60.0 16.0:0.573 0.945 2.123
30.0 60.0 16.0:4.937 0.392 2.088
20.0 65.0 12.0:0.302 1.617 1.706
50.0 35.0 19.0:2.096 0.725 1.232
30.0 25.0 23.0:3.037 0.326 1.318
15.0 10.0 20.0:5.939 0.285 1.389
10.0 20.0 19.0:0.57 0.779 1.218
20.0 40.0 12.0:1.44 0.643 1.385,2.53 0.34 1.082
15.0 60.0 17.0:3.697 0.213 5.005,5.33 0.898 1.063
45.0 20.0 11.0:2.425 1.759 1.102
45.0 10.0 18.0:1.308 1.284 1.151
45.0 30.0 17.0:1.991 1.952 1.21
35.0 40.0 16.0:4.946 0.35 2.586,1.255 0.237 1.938
41.0 37.0 16.0:5.408 1.796 1.083
40.0 60.0 21.0:0.698 0.413 3.345,4.072 0.591 1.184,2.411 0.639 1.001
35.0 69.0 23.0:2.717 0.93 1.784
53.0 52.0 11.0:3.687 0.347 4.326,1.261 1.182 2.829
65.0 55.0 14.0:4.426 0.706 3.221
5.0 5.0 16.0:0.229 1.719 1.662
11.0 14.0 18.0:5.533 0.436 1.226,1.27 0.716 1.043
6.0 38.0 16.0:2.325 1.222 1.344
47.0 47.0 13.0:0.276 1.024 1.025
37.0 31.0 14.0:1.279 0.346 1.529,5.365 0.499 2.503
57.0 29.0 18.0:0.263 0.242 1.392,4.532 1.492 1.169
36.0 26.0 18.0:0.334 1.869 2.011
12.0 24.0 13.0:3.727 0.939 1.028
24.0 58.0 19.0:1.995 0.398 1.35
62.0 77.0 20.0:3.254 0.181 1.109,0.902 0.305 3.548
49.0 73.0 25.0:3.3 0.669 1.379,4.99 0.636 1.565
67.0 5.0 25.0:3.209 0.308 1.669,1.52 0.763 1.64
57.0 68.0 15.0:5.175 0.937 1.172
47.0 16.0 25.0:0.34 0.595 1.137
49.0 11.0 18.0:3.182 0.641 1.229
49.0 42.0 13.0:1.905 0.356 1.902
53.0 43.0 14.0:4.246 1.169 3.906,2.262 0.766 1.699
57.0 48.0 23.0:3.175 0.313 2.018
15.0 47.0 16.0:5.923 0.704 1.068
14.0 37.0 11.0:5.523 0.168 1.016,2.71 1.766 1.632
26.0 35.0 15.0:2.015 0.33 1.23
18.0 24.0 22.0:5.363 0.669 1.821
25.0 24.0 20.0:3.799 0.603 1.072
22.0 27.0 11.0:0.659 0.224 2.201,3.58 1.323 1.221
25.0 21.0 12.0:0.22 0.965 1.849
18.0 18.0 17.0:4.965 1.918 2.133
41.0 49.0 10.0:5.92 0.925 2.382
35.0 17.0 7.0:5.734 1.395 2.24
25.0 30.0 3.0:1.852 1.02 1.223,4.916 0.15 1.06
20.0 50.0 5.0:5.839 0.315 1.347,4.827 0.599 1.818
10.0 43.0 9.0:0.883 1.366 4.667
30.0 5.0 8.0:0.05 1.619 1.572
5.0 30.0 2.0:2.076 1.489 2.407
45.0 65.0 9.0:2.797 0.377 1.446
65.0 35.0 3.0:1.919 1.683 2.126
65.0 20.0 6.0:4.347 1.146 1.102
64.0 42.0 9.0:1.456 0.863 1.172
63.0 65.0 8.0:4.229 1.28 3.934
2.0 60.0 5.0:5.748 0.19 1.386
20.0 20.0 8.0:4.0 1.605 1.656
40.0 25.0 9.0:5.223 0.669 1.138
42.0 7.0 5.0:1.227 0.374 2.304,3.595 0.234 1.644
24.0 12.0 5.0:6.251 1.776 1.188
23.0 3.0 7.0:4.892 1.269 1.21
2.0 48.0 1.0:1.824 0.511 1.228,4.6 0.205 1.368
49.0 58.0 10.0:2.295 1.706 1.11
27.0 43.0 9.0:6.007 0.133 1.936,3.538 1.844 2.414
63.0 23.0 2.0:0.171 0.927 2.805
53.0 12.0 6.0:6.239 1.636 2.463
32.0 12.0 7.0:6.179 0.176 3.449
17.0 34.0 3.0:1.619 0.268 4.194
27.0 69.0 10.0:5.088 1.934 1.283
15.0 77.0 9.0:2.03 1.119 2.516
37.0 47.0 6.0:0.365 1.653 1.652
37.0 56.0 5.0:4.431 1.795 2.18
44.0 17.0 9.0:0.883 0.231 1.563,2.585 0.779 2.716
46.0 13.0 8.0:2.935 1.476 1.177
61.0 52.0 3.0:0.301 1.268 1.709
56.0 37.0 6.0:2.646 1.299 1.129
11.0 31.0 7.0:2.003 0.651 1.759
26.0 52.0 9.0:0.748 0.137 1.466,4.067 1.293 8.73
31.0 67.0 3.0:3.626 1.453 2.297
15.0 19.0 1.0:1.812 1.714 1.613
22.0 22.0 2.0:1.842 1.66 1.292,5.311 0.511 1.214
19.0 21.0 10.0:1.559 0.926 1.562,3.962 0.193 3.522
20.0 26.0 9.0:1.262 1.545 2.828