100 1
35.000 35.000 0
35.000 35.000 0
15.0 30.0 26.0:2.597 0.747 2.648
55.0 5.0 29.0:6.202 1.84 1.048
31.0 52.0 27.0:3.196 0.154 1.334
60.0 12.0 31.0:2.734 0.176 1.325
8.0 56.0 27.0:1.815 0.742 1.381,5.38 0.295 1.154
13.0 52.0 36.0:0.284 1.079 1.29
6.0 68.0 30.0:4.508 0.428 1.976,1.496 0.187 1.109
21.0 24.0 28.0:5.273 1.915 2.556
56.0 39.0 36.0:0.805 0.352 1.217,3.202 0.299 1.748
55.0 54.0 26.0:0.035 1.513 1.324
16.0 22.0 41.0:1.561 0.987 1.672
4.0 18.0 35.0:5.744 2.009 1.4
28.0 18.0 26.0:2.695 0.797 5.55,1.496 0.165 1.346
26.0 27.0 27.0:5.72 1.604 1.336
55.0 45.0 13.0:0.281 1.102 2.577
55.0 20.0 19.0:1.197 0.388 1.95
55.0 60.0 16.0:1.419 0.784 4.763
30.0 60.0 16.0:1.82 0.236 3.81,4.439 0.128 1.185
20.0 65.0 12.0:3.055 0.369 1.503
50.0 35.0 19.0:2.673 1.346 1.688
30.0 25.0 23.0:2.821 0.91 1.001,5.844 0.181 3.184
15.0 10.0 20.0:5.535 1.87 1.421
10.0 20.0 19.0:5.22 2.004 1.69
20.0 40.0 12.0:0.567 1.332 1.252
15.0 60.0 17.0:1.907 1.271 4.028
45.0 20.0 11.0:3.95 1.635 1.829
45.0 10.0 18.0:1.284 0.763 1.022
45.0 30.0 17.0:5.008 0.453 1.796
35.0 40.0 16.0:6.012 1.585 1.192
41.0 37.0 16.0:1.194 0.221 1.095,2.789 1.166 1.522
40.0 60.0 21.0:3.685 0.982 1.354
35.0 69.0 23.0:4.184 1.106 3.04
53.0 52.0 11.0:2.387 0.482 1.225
65.0 55.0 14.0:0.43 1.445 3.965
5.0 5.0 16.0:4.593 0.719 1.134
11.0 14.0 18.0:4.454 1.155 3.404
6.0 38.0 16.0:3.965 1.993 1.619
47.0 47.0 13.0:4.105 0.468 1.997
37.0 31.0 14.0:5.293 0.196 1.893,0.909 0.547 1.109
57.0 29.0 18.0:3.634 1.516 3.234
36.0 26.0 18.0:4.274 0.718 1.704
12.0 24.0 13.0:1.138 1.939 2.263
24.0 58.0 19.0:0.83 0.678 1.681,4.974 0.954 1.193
62.0 77.0 20.0:1.95 0.837 2.379
49.0 73.0 25.0:0.707 1.066 4.071
67.0 5.0 25.0:3.203 0.237 1.156,1.031 0.861 1.991
57.0 68.0 15.0:3.915 0.189 3.462
47.0 16.0 25.0:0.831 1.447 1.079
49.0 11.0 18.0:1.485 0.634 1.043
49.0 42.0 13.0:3.062 0.283 1.232,5.697 0.25 1.094
53.0 43.0 14.0:1.453 1.372 2.195
57.0 48.0 23.0:4.513 0.433 1.988
15.0 47.0 16.0:3.885 1.967 1.129
14.0 37.0 11.0:1.371 0.904 1.144
26.0 35.0 15.0:0.946 0.806 1.245,3.029 0.208 2.565
18.0 24.0 22.0:5.791 0.76 2.859
25.0 24.0 20.0:2.31 0.34 1.89
22.0 27.0 11.0:6.008 0.759 1.67
25.0 21.0 12.0:4.864 0.142 2.154,3.651 0.226 1.7
18.0 18.0 17.0:0.818 1.723 1.592
41.0 49.0 10.0:5.882 0.626 1.727
35.0 17.0 7.0:4.57 1.512 1.911
25.0 30.0 3.0:0.202 0.466 1.157
20.0 50.0 5.0:5.456 0.799 1.723,2.568 0.475 2.827
10.0 43.0 9.0:6.209 0.69 1.691
30.0 5.0 8.0:2.192 0.178 1.093
5.0 30.0 2.0:6.199 1.219 1.726
45.0 65.0 9.0:4.979 0.467 2.521,2.159 0.558 1.48
65.0 35.0 3.0:5.581 1.019 1.005
65.0 20.0 6.0:6.261 0.357 1.521
64.0 42.0 9.0:5.59 0.278 1.977
63.0 65.0 8.0:5.395 0.674 1.872
2.0 60.0 5.0:0.817 0.49 2.626
20.0 20.0 8.0:3.204 0.551 1.61,4.837 1.021 1.1
40.0 25.0 9.0:2.389 0.215 1.055
42.0 7.0 5.0:3.743 0.866 1.223,1.979 0.755 1.426
24.0 12.0 5.0:4.582 0.832 1.302,1.153 0.326 1.419
23.0 3.0 7.0:5.001 1.387 1.052
2.0 48.0 1.0:0.023 0.919 1.031
49.0 58.0 10.0:3.121 0.312 1.681,4.021 0.448 1.74
27.0 43.0 9.0:3.646 1.888 2.382
63.0 23.0 2.0:1.163 1.766 2.081
53.0 12.0 6.0:3.592 0.208 1.319
32.0 12.0 7.0:2.322 0.74 2.168,4.067 0.182 1.564
17.0 34.0 3.0:5.556 0.126 2.138
27.0 69.0 10.0:4.178 0.699 1.493
15.0 77.0 9.0:3.681 0.325 2.494
37.0 47.0 6.0:3.156 0.595 2.48,1.855 0.202 1.843
37.0 56.0 5.0:5.451 1.65 2.493
44.0 17.0 9.0:2.537 1.407 1.777
46.0 13.0 8.0:4.437 1.656 2.096
61.0 52.0 3.0:4.839 0.258 1.544,5.661 0.205 1.361
56.0 37.0 6.0:6.048 0.782 2.831
11.0 31.0 7.0:3.18 0.257 2.584
26.0 52.0 9.0:0.496 1.007 2.069
31.0 67.0 3.0:1.889 0.298 1.01
15.0 19.0 1.0:5.402 1.749 1.097
22.0 22.0 2.0:1.535 0.335 2.675
19.0 21.0 10.0:3.451 1.845 2.566,0.35 0.278 1.951
20.0 26.0 9.0:1.655 0.969 1.579