100, 1
35.000 35.000 0
35.000 35.000 0
15.0 30.0 26.0:2.257 1.907 1.6
55.0 5.0 29.0:5.816 1.786 1.714
31.0 52.0 27.0:4.743 1.498 1.565
60.0 12.0 31.0:4.393 0.555 2.002
8.0 56.0 27.0:1.761 1.301 3.065,4.528 0.596 2.226
13.0 52.0 36.0:0.691 0.721 4.592
6.0 68.0 30.0:0.578 0.858 1.687
21.0 24.0 28.0:1.761 0.256 2.555,4.39 1.829 1.146
56.0 39.0 36.0:4.298 1.031 1.085
55.0 54.0 26.0:4.203 1.352 3.746
16.0 22.0 41.0:4.473 0.349 1.124
4.0 18.0 35.0:1.343 0.358 1.658
28.0 18.0 26.0:5.295 0.601 1.002,3.048 0.735 1.281
26.0 27.0 27.0:2.922 1.142 1.621
55.0 45.0 13.0:2.031 0.298 4.571,4.088 1.649 1.316
55.0 20.0 19.0:1.931 0.342 1.665
55.0 60.0 16.0:5.41 0.198 1.407,3.15 1.614 2.2
30.0 60.0 16.0:4.223 1.641 2.277
20.0 65.0 12.0:0.413 0.748 1.87
50.0 35.0 19.0:0.92 0.607 1.49,2.972 0.199 4.192
30.0 25.0 23.0:2.391 1.751 2.217
15.0 10.0 20.0:1.812 0.265 1.147
10.0 20.0 19.0:4.154 0.333 1.375,3.244 0.254 2.227
20.0 40.0 12.0:3.791 1.513 3.261
15.0 60.0 17.0:3.58 0.162 1.756,1.839 0.966 1.44
45.0 20.0 11.0:0.346 0.294 1.879,1.667 0.425 1.022
45.0 10.0 18.0:3.912 0.516 1.116
45.0 30.0 17.0:2.468 1.088 1.595
35.0 40.0 16.0:5.849 0.643 1.661
41.0 37.0 16.0:2.672 0.173 1.309,0.589 0.498 1.943,3.185 0.31 5.404
40.0 60.0 21.0:2.179 0.722 2.329,4.178 0.228 1.474
35.0 69.0 23.0:4.248 1.216 2.163
53.0 52.0 11.0:3.85 0.321 1.173
65.0 55.0 14.0:5.628 0.297 1.042
5.0 5.0 16.0:5.804 1.254 2.37
11.0 14.0 18.0:1.467 0.853 2.258
6.0 38.0 16.0:4.896 0.29 2.103
47.0 47.0 13.0:0.486 0.542 1.434
37.0 31.0 14.0:0.913 0.483 1.126
57.0 29.0 18.0:4.801 0.594 1.885,5.754 0.154 2.744
36.0 26.0 18.0:2.197 0.84 1.434
12.0 24.0 13.0:5.62 1.0 1.207
24.0 58.0 19.0:3.017 1.324 2.314,5.55 0.198 2.956
62.0 77.0 20.0:4.56 0.201 1.367,1.411 0.336 1.286
49.0 73.0 25.0:4.878 0.509 1.251
67.0 5.0 25.0:0.051 0.178 2.021
57.0 68.0 15.0:3.494 0.516 2.265
47.0 16.0 25.0:1.851 0.939 2.527,5.014 0.523 1.001
49.0 11.0 18.0:4.485 0.462 1.605
49.0 42.0 13.0:5.034 0.838 5.638
53.0 43.0 14.0:0.212 1.704 1.591
57.0 48.0 23.0:1.014 0.187 4.107,4.293 0.3 1.839,2.55 1.071 1.118
15.0 47.0 16.0:0.256 1.734 1.084
14.0 37.0 11.0:0.945 1.911 2.285
26.0 35.0 15.0:1.652 1.116 2.116
18.0 24.0 22.0:5.858 0.578 1.988
25.0 24.0 20.0:1.298 1.469 2.19
22.0 27.0 11.0:4.63 0.588 1.892,2.506 0.22 1.514
25.0 21.0 12.0:5.22 1.45 5.081
18.0 18.0 17.0:3.805 0.181 4.002
41.0 49.0 10.0:5.625 0.844 2.585
35.0 17.0 7.0:4.663 1.823 1.698
25.0 30.0 3.0:2.393 1.975 1.726
20.0 50.0 5.0:2.337 1.253 1.749
10.0 43.0 9.0:2.087 0.96 1.007
30.0 5.0 8.0:4.868 1.026 2.414,1.103 0.171 1.355
5.0 30.0 2.0:1.166 0.407 1.929
45.0 65.0 9.0:2.42 1.817 2.124
65.0 35.0 3.0:5.132 0.347 3.155
65.0 20.0 6.0:6.203 1.312 2.642
64.0 42.0 9.0:5.787 1.741 1.16
63.0 65.0 8.0:1.953 0.796 1.334
2.0 60.0 5.0:0.392 1.824 2.68
20.0 20.0 8.0:3.403 0.719 1.665
40.0 25.0 9.0:3.116 1.956 2.321
42.0 7.0 5.0:4.563 1.354 1.054
24.0 12.0 5.0:3.576 1.394 3.192
23.0 3.0 7.0:4.571 0.668 1.609
2.0 48.0 1.0:2.814 0.499 1.197
49.0 58.0 10.0:1.642 2.009 1.536
27.0 43.0 9.0:2.833 0.178 3.743
63.0 23.0 2.0:6.092 0.888 1.035
53.0 12.0 6.0:1.274 0.155 3.137,6.03 0.16 1.121
32.0 12.0 7.0:4.404 1.296 2.993
17.0 34.0 3.0:1.081 1.822 1.269
27.0 69.0 10.0:1.981 0.129 1.275
15.0 77.0 9.0:5.918 0.364 1.127,4.491 0.248 1.167
37.0 47.0 6.0:5.144 1.401 1.446
37.0 56.0 5.0:4.576 1.563 2.216
44.0 17.0 9.0:1.76 0.996 2.113,5.019 0.182 2.768
46.0 13.0 8.0:3.631 0.959 1.413
61.0 52.0 3.0:4.786 1.407 1.136
56.0 37.0 6.0:4.188 0.266 1.445,0.935 0.585 1.732
11.0 31.0 7.0:2.217 1.552 1.843
26.0 52.0 9.0:5.171 1.214 1.013
31.0 67.0 3.0:1.88 1.567 1.122
15.0 19.0 1.0:2.709 0.898 1.343,4.399 0.2 1.838
22.0 22.0 2.0:1.358 1.324 2.762
19.0 21.0 10.0:4.493 1.015 3.545,0.859 0.842 1.443
20.0 26.0 9.0:0.983 1.926 2.79