100 1
35.000 35.000 0
35.000 35.000 0
15.0 30.0 26.0:1.239 0.709 1.414,5.354 0.536 1.276
55.0 5.0 29.0:5.492 0.584 1.09,3.034 0.251 1.035
31.0 52.0 27.0:3.633 0.42 1.259
60.0 12.0 31.0:5.843 1.76 2.196
8.0 56.0 27.0:3.402 0.945 1.08
13.0 52.0 36.0:5.201 1.603 1.494
6.0 68.0 30.0:1.67 0.206 1.227
21.0 24.0 28.0:6.004 1.873 1.122
56.0 39.0 36.0:5.875 0.534 1.076
55.0 54.0 26.0:5.47 1.704 2.021
16.0 22.0 41.0:5.976 1.038 1.319
4.0 18.0 35.0:5.699 0.983 5.804
28.0 18.0 26.0:3.471 0.479 2.603
26.0 27.0 27.0:2.173 1.256 2.396
55.0 45.0 13.0:1.267 0.611 2.367,4.967 0.639 1.025
55.0 20.0 19.0:2.904 0.154 1.437
55.0 60.0 16.0:1.575 0.966 1.911,3.437 0.504 1.193
30.0 60.0 16.0:3.669 0.439 1.406
20.0 65.0 12.0:5.566 0.799 2.7
50.0 35.0 19.0:3.576 0.37 3.276,1.512 0.305 1.277
30.0 25.0 23.0:1.962 0.584 1.163
15.0 10.0 20.0:2.936 0.917 3.85
10.0 20.0 19.0:0.698 1.819 1.572
20.0 40.0 12.0:0.362 1.955 1.417
15.0 60.0 17.0:4.886 0.507 1.198,3.309 0.313 1.602
45.0 20.0 11.0:0.195 1.121 3.263
45.0 10.0 18.0:5.261 0.756 2.19,2.357 0.274 2.217
45.0 30.0 17.0:4.693 0.14 1.663,2.229 0.504 1.256
35.0 40.0 16.0:6.031 0.254 2.361
41.0 37.0 16.0:1.952 0.575 2.184
40.0 60.0 21.0:2.797 0.191 2.342
35.0 69.0 23.0:1.068 1.655 1.625
53.0 52.0 11.0:5.517 1.848 1.399
65.0 55.0 14.0:4.167 0.386 1.1
5.0 5.0 16.0:4.582 0.911 1.452,0.841 0.191 1.215
11.0 14.0 18.0:2.068 1.321 1.279
6.0 38.0 16.0:0.257 0.242 3.686
47.0 47.0 13.0:0.997 1.177 1.094
37.0 31.0 14.0:4.201 1.988 1.593
57.0 29.0 18.0:4.713 0.178 1.425,2.633 0.217 2.087
36.0 26.0 18.0:0.849 1.116 2.265
12.0 24.0 13.0:5.204 0.322 2.483
24.0 58.0 19.0:5.512 1.055 2.401
62.0 77.0 20.0:3.816 1.896 2.869,1.176 0.359 1.266
49.0 73.0 25.0:5.172 0.319 1.184,0.737 0.69 1.179
67.0 5.0 25.0:0.496 1.412 1.172
57.0 68.0 15.0:3.018 1.995 4.231
47.0 16.0 25.0:5.24 0.95 2.374
49.0 11.0 18.0:0.518 0.985 2.179
49.0 42.0 13.0:3.873 1.03 2.295
53.0 43.0 14.0:3.517 0.264 1.018,5.114 0.89 1.92
57.0 48.0 23.0:3.884 0.859 1.437
15.0 47.0 16.0:2.565 0.695 1.949
14.0 37.0 11.0:0.93 1.905 2.517
26.0 35.0 15.0:2.72 1.433 1.461
18.0 24.0 22.0:4.594 0.993 6.811,2.062 0.425 2.714
25.0 24.0 20.0:1.065 1.279 1.396
22.0 27.0 11.0:0.019 0.88 1.238
25.0 21.0 12.0:0.374 0.258 3.931
18.0 18.0 17.0:5.008 0.928 2.463
41.0 49.0 10.0:1.043 0.174 2.684,2.968 0.402 1.233
35.0 17.0 7.0:2.173 0.59 1.26,3.971 1.131 1.551
25.0 30.0 3.0:0.26 1.002 1.653
20.0 50.0 5.0:5.595 1.346 1.004
10.0 43.0 9.0:0.297 0.501 1.559
30.0 5.0 8.0:1.72 0.699 2.053,3.511 0.562 1.034,5.022 0.186 2.874
5.0 30.0 2.0:5.271 0.845 2.93,3.042 1.277 1.562
45.0 65.0 9.0:5.955 1.599 1.259
65.0 35.0 3.0:0.262 0.819 1.973
65.0 20.0 6.0:5.124 1.793 1.301
64.0 42.0 9.0:3.474 0.271 2.246
63.0 65.0 8.0:4.6 0.967 1.709
2.0 60.0 5.0:6.283 1.595 1.677
20.0 20.0 8.0:0.615 1.41 1.311
40.0 25.0 9.0:1.788 1.705 3.219
42.0 7.0 5.0:6.024 0.953 1.959
24.0 12.0 5.0:4.102 0.333 1.69,0.942 0.518 1.361
23.0 3.0 7.0:0.975 0.163 1.618,4.676 0.296 1.323
2.0 48.0 1.0:5.515 0.872 4.731
49.0 58.0 10.0:4.796 0.726 1.4,0.532 0.256 1.515
27.0 43.0 9.0:0.291 0.77 3.193
63.0 23.0 2.0:2.208 1.982 1.705
53.0 12.0 6.0:5.285 0.529 1.928,0.69 0.612 1.27,2.301 0.58 1.713
32.0 12.0 7.0:1.521 1.051 1.573
17.0 34.0 3.0:4.295 0.306 1.149,3.378 0.181 1.348
27.0 69.0 10.0:3.0 1.374 1.589
15.0 77.0 9.0:0.967 0.558 2.931
37.0 47.0 6.0:2.933 0.876 1.003
37.0 56.0 5.0:5.396 1.347 4.047
44.0 17.0 9.0:0.793 0.38 1.165
46.0 13.0 8.0:3.118 1.159 1.067
61.0 52.0 3.0:2.07 1.1 1.187
56.0 37.0 6.0:4.495 0.912 1.343
11.0 31.0 7.0:6.217 1.146 1.385
26.0 52.0 9.0:1.386 1.009 1.118
31.0 67.0 3.0:3.634 0.365 1.456
15.0 19.0 1.0:2.026 0.46 1.447
22.0 22.0 2.0:5.46 0.299 4.45,3.932 0.716 1.379
19.0 21.0 10.0:2.977 0.501 2.905
20.0 26.0 9.0:0.013 0.853 2.779