100 1
35.000 35.000 0
35.000 35.000 0
15.0 30.0 26.0:2.498 0.704 1.712
55.0 5.0 29.0:3.56 0.698 1.362,0.447 0.286 1.618
31.0 52.0 27.0:5.679 0.635 1.238
60.0 12.0 31.0:2.355 1.239 1.052,4.978 0.209 2.535
8.0 56.0 27.0:2.672 0.663 1.903
13.0 52.0 36.0:2.513 1.451 1.031,4.529 0.427 2.999
6.0 68.0 30.0:1.61 0.543 1.794
21.0 24.0 28.0:3.78 0.51 2.707,1.35 0.277 1.727
56.0 39.0 36.0:1.146 1.386 1.302
55.0 54.0 26.0:2.698 1.443 4.764
16.0 22.0 41.0:3.891 0.156 1.092,3.178 0.508 1.373
4.0 18.0 35.0:5.11 1.518 1.412
28.0 18.0 26.0:3.676 0.152 2.455,1.931 1.176 1.068
26.0 27.0 27.0:0.68 1.889 1.854
55.0 45.0 13.0:5.62 0.387 1.726,4.738 0.157 1.526
55.0 20.0 19.0:1.762 1.034 2.915
55.0 60.0 16.0:3.66 0.207 1.17
30.0 60.0 16.0:2.888 0.333 1.074,3.756 0.485 1.731
20.0 65.0 12.0:4.037 1.42 1.085
50.0 35.0 19.0:6.042 0.304 1.104
30.0 25.0 23.0:1.77 1.498 3.726,4.247 0.442 1.769
15.0 10.0 20.0:1.576 0.846 1.412
10.0 20.0 19.0:1.616 1.345 1.425
20.0 40.0 12.0:5.708 0.92 1.437
15.0 60.0 17.0:0.167 0.395 2.93
45.0 20.0 11.0:6.241 0.95 2.509
45.0 10.0 18.0:5.967 1.972 3.029
45.0 30.0 17.0:5.793 0.268 5.071
35.0 40.0 16.0:6.099 0.27 1.276
41.0 37.0 16.0:4.114 1.159 1.742
40.0 60.0 21.0:1.407 1.275 1.38,5.575 0.161 1.289
35.0 69.0 23.0:2.79 0.838 2.557,5.299 0.405 1.205
53.0 52.0 11.0:3.918 0.394 3.056,1.966 0.417 2.262
65.0 55.0 14.0:3.513 0.583 1.142
5.0 5.0 16.0:1.711 0.93 1.446
11.0 14.0 18.0:0.7 0.187 1.369
6.0 38.0 16.0:3.723 1.146 2.347
47.0 47.0 13.0:1.499 0.132 1.283,4.031 1.817 1.597
37.0 31.0 14.0:0.958 0.3 3.214,4.596 0.147 1.204
57.0 29.0 18.0:1.305 1.61 2.934
36.0 26.0 18.0:5.736 0.526 1.814,4.774 0.212 1.191
12.0 24.0 13.0:0.783 1.979 1.546
24.0 58.0 19.0:0.013 1.212 1.981
62.0 77.0 20.0:5.639 0.528 1.88
49.0 73.0 25.0:3.007 0.529 2.261
67.0 5.0 25.0:2.998 0.734 1.699,4.812 0.83 3.016
57.0 68.0 15.0:0.703 0.511 1.908
47.0 16.0 25.0:5.005 0.201 1.128,3.239 1.115 1.506
49.0 11.0 18.0:5.654 0.314 1.762
49.0 42.0 13.0:1.871 1.757 4.417,4.368 0.175 1.25
53.0 43.0 14.0:1.27 0.598 1.073,2.991 0.432 1.238
57.0 48.0 23.0:1.315 0.382 4.799
15.0 47.0 16.0:1.125 1.654 3.935
14.0 37.0 11.0:3.086 1.251 1.443
26.0 35.0 15.0:2.478 0.552 1.777,5.781 0.49 1.01
18.0 24.0 22.0:0.543 0.348 2.869
25.0 24.0 20.0:5.694 1.363 1.193
22.0 27.0 11.0:3.398 0.584 3.408
25.0 21.0 12.0:1.102 0.661 3.54
18.0 18.0 17.0:4.008 1.1 1.156,1.487 1.389 1.09
41.0 49.0 10.0:4.288 0.461 1.929,1.25 0.207 2.261
35.0 17.0 7.0:5.271 0.768 1.676
25.0 30.0 3.0:4.512 0.814 1.563
20.0 50.0 5.0:2.8 0.94 1.061
10.0 43.0 9.0:1.472 1.414 1.009,4.983 1.098 3.286
30.0 5.0 8.0:1.675 0.412 1.097,3.396 1.055 1.116
5.0 30.0 2.0:1.463 0.805 2.755,5.355 0.683 1.265
45.0 65.0 9.0:5.855 0.165 1.856
65.0 35.0 3.0:0.913 0.282 2.781,2.252 0.38 1.209
65.0 20.0 6.0:0.283 0.533 1.131
64.0 42.0 9.0:2.952 0.688 1.585
63.0 65.0 8.0:5.999 0.678 1.202
2.0 60.0 5.0:5.194 0.289 2.765,4.275 0.429 1.093
20.0 20.0 8.0:4.056 1.179 1.739
40.0 25.0 9.0:0.273 0.704 1.33
42.0 7.0 5.0:2.829 0.449 2.326
24.0 12.0 5.0:5.363 1.905 1.133
23.0 3.0 7.0:0.84 0.305 1.381,5.959 0.132 1.61
2.0 48.0 1.0:3.124 0.523 2.686,2.052 0.151 1.737
49.0 58.0 10.0:2.748 0.639 2.01,0.894 0.331 1.422
27.0 43.0 9.0:5.821 0.45 1.833,1.066 0.912 2.799
63.0 23.0 2.0:6.1 1.742 2.306
53.0 12.0 6.0:0.395 0.895 1.54
32.0 12.0 7.0:3.869 0.74 1.13,0.343 0.191 2.571
17.0 34.0 3.0:3.379 1.032 1.466
27.0 69.0 10.0:0.341 1.668 3.179
15.0 77.0 9.0:3.153 0.666 2.939
37.0 47.0 6.0:2.028 0.992 2.013
37.0 56.0 5.0:2.073 0.809 1.538
44.0 17.0 9.0:2.11 0.408 3.472,3.436 0.415 3.157
46.0 13.0 8.0:3.389 0.935 3.621
61.0 52.0 3.0:5.357 0.253 2.862
56.0 37.0 6.0:5.833 0.34 1.795
11.0 31.0 7.0:3.707 0.438 1.442
26.0 52.0 9.0:3.914 1.325 1.453
31.0 67.0 3.0:5.334 1.3 3.223
15.0 19.0 1.0:0.434 0.185 1.346,5.412 0.148 1.885
22.0 22.0 2.0:5.882 1.453 1.74
19.0 21.0 10.0:4.223 0.137 1.114,2.905 0.46 1.713
20.0 26.0 9.0:4.701 1.194 2.114,1.781 0.582 2.317