100 1
35.000 35.000 0
35.000 35.000 0
15.0 30.0 26.0:3.001 0.461 2.113
55.0 5.0 29.0:5.378 1.275 1.082
31.0 52.0 27.0:0.173 1.6 6.147
60.0 12.0 31.0:0.747 1.23 1.916
8.0 56.0 27.0:5.66 0.201 1.15,2.216 0.196 1.334
13.0 52.0 36.0:3.516 1.429 1.185
6.0 68.0 30.0:2.291 1.763 1.796
21.0 24.0 28.0:0.096 0.61 1.642
56.0 39.0 36.0:1.726 1.809 1.049
55.0 54.0 26.0:6.001 1.016 1.359
16.0 22.0 41.0:1.479 0.608 1.075,3.745 0.801 1.204
4.0 18.0 35.0:4.263 0.932 1.486
28.0 18.0 26.0:3.091 0.235 2.718
26.0 27.0 27.0:0.242 1.058 1.826
55.0 45.0 13.0:1.994 0.62 1.088,3.849 0.885 1.125
55.0 20.0 19.0:3.367 0.155 1.608,1.949 1.044 1.143
55.0 60.0 16.0:5.893 1.627 1.846
30.0 60.0 16.0:0.917 0.696 2.737,5.222 0.409 2.155
20.0 65.0 12.0:4.532 0.727 2.651,1.899 0.235 4.186
50.0 35.0 19.0:5.029 0.783 1.309
30.0 25.0 23.0:3.994 1.817 2.415
15.0 10.0 20.0:6.029 0.302 3.346
10.0 20.0 19.0:2.467 0.527 1.062,0.851 0.59 1.645
20.0 40.0 12.0:5.443 1.451 1.315
15.0 60.0 17.0:6.063 0.243 1.732
45.0 20.0 11.0:0.255 1.272 1.943
45.0 10.0 18.0:4.243 1.74 2.316
45.0 30.0 17.0:2.739 0.463 2.308
35.0 40.0 16.0:4.572 1.326 4.111,2.444 0.371 2.12
41.0 37.0 16.0:3.307 1.077 1.521
40.0 60.0 21.0:1.773 1.286 2.983
35.0 69.0 23.0:1.772 1.594 1.415
53.0 52.0 11.0:5.355 0.261 2.173
65.0 55.0 14.0:4.834 1.403 1.944
5.0 5.0 16.0:0.757 0.784 1.658
11.0 14.0 18.0:0.399 1.886 1.61
6.0 38.0 16.0:2.462 0.253 1.953,1.627 0.431 2.735
47.0 47.0 13.0:2.941 1.524 1.491
37.0 31.0 14.0:0.57 1.487 1.588
57.0 29.0 18.0:1.6 0.28 1.77
36.0 26.0 18.0:0.695 1.565 1.289
12.0 24.0 13.0:2.971 0.308 3.11,1.893 0.289 1.383
24.0 58.0 19.0:5.629 0.847 1.065
62.0 77.0 20.0:5.648 0.389 1.656
49.0 73.0 25.0:5.756 1.688 1.783
67.0 5.0 25.0:2.16 1.482 1.981
57.0 68.0 15.0:3.727 1.159 1.608
47.0 16.0 25.0:3.664 1.273 1.451
49.0 11.0 18.0:3.6 0.192 1.475,5.663 0.335 2.911,2.721 0.227 1.106
49.0 42.0 13.0:5.377 1.887 2.865
53.0 43.0 14.0:1.608 0.514 1.019
57.0 48.0 23.0:4.41 0.273 1.146
15.0 47.0 16.0:4.126 0.729 1.41,1.532 0.263 1.681
14.0 37.0 11.0:1.416 1.149 3.506,4.409 0.152 1.197,5.905 0.356 1.275
26.0 35.0 15.0:0.701 0.357 1.116
18.0 24.0 22.0:3.138 1.429 1.028
25.0 24.0 20.0:4.079 1.686 2.358
22.0 27.0 11.0:2.642 0.927 1.15
25.0 21.0 12.0:2.686 0.174 1.313,3.987 1.014 2.703
18.0 18.0 17.0:2.8 1.766 2.057
41.0 49.0 10.0:4.73 0.783 1.565
35.0 17.0 7.0:1.236 1.587 1.413
25.0 30.0 3.0:5.484 1.412 1.636
20.0 50.0 5.0:4.961 1.806 2.592
10.0 43.0 9.0:3.333 0.348 1.973,5.366 0.617 4.45
30.0 5.0 8.0:4.611 0.352 5.01
5.0 30.0 2.0:2.779 1.116 1.644
45.0 65.0 9.0:3.621 0.554 1.796,1.288 1.165 2.372
65.0 35.0 3.0:1.779 0.489 2.321
65.0 20.0 6.0:3.484 0.385 1.094
64.0 42.0 9.0:1.313 1.9 2.404
63.0 65.0 8.0:2.194 0.734 1.533,5.638 0.355 1.98
2.0 60.0 5.0:4.215 0.592 1.516,0.42 0.131 3.563
20.0 20.0 8.0:3.174 0.701 1.513
40.0 25.0 9.0:6.152 1.025 3.134
42.0 7.0 5.0:0.822 0.927 1.657
24.0 12.0 5.0:3.725 1.397 2.078,1.076 0.431 1.055
23.0 3.0 7.0:3.612 0.836 1.066
2.0 48.0 1.0:4.994 0.196 1.827,3.054 0.99 1.375
49.0 58.0 10.0:5.342 0.162 4.689
27.0 43.0 9.0:1.442 1.489 1.614
63.0 23.0 2.0:3.791 1.53 1.27
53.0 12.0 6.0:3.291 1.115 1.871
32.0 12.0 7.0:1.759 1.823 1.552
17.0 34.0 3.0:2.566 0.25 1.248,5.637 0.64 1.94
27.0 69.0 10.0:5.176 1.609 1.443
15.0 77.0 9.0:4.064 1.287 1.29
37.0 47.0 6.0:4.445 1.491 1.64,2.316 0.41 4.281
37.0 56.0 5.0:5.283 0.456 2.229
44.0 17.0 9.0:2.038 0.126 1.866
46.0 13.0 8.0:3.309 0.343 1.12,2.033 0.643 1.637
61.0 52.0 3.0:1.692 0.96 1.014
56.0 37.0 6.0:0.289 1.494 1.573
11.0 31.0 7.0:2.208 1.638 1.125
26.0 52.0 9.0:5.792 0.37 1.118
31.0 67.0 3.0:2.833 0.614 1.728
15.0 19.0 1.0:5.262 0.147 7.074,2.078 1.363 2.007
22.0 22.0 2.0:3.323 0.909 1.439,0.922 0.534 1.535
19.0 21.0 10.0:1.84 0.444 1.82,4.442 1.014 1.226
20.0 26.0 9.0:6.149 1.384 2.155