100 1
35.000 35.000 0
35.000 35.000 0
15.0 30.0 26.0:1.411 0.248 1.06
55.0 5.0 29.0:0.757 1.49 1.605
31.0 52.0 27.0:4.281 0.789 1.09
60.0 12.0 31.0:0.282 0.784 1.166
8.0 56.0 27.0:2.025 0.313 2.872,5.174 0.184 1.422
13.0 52.0 36.0:4.919 0.184 2.174
6.0 68.0 30.0:5.105 1.113 1.799,1.206 0.386 1.04
21.0 24.0 28.0:1.047 1.236 1.109
56.0 39.0 36.0:0.793 1.532 1.338
55.0 54.0 26.0:1.259 1.602 1.942
16.0 22.0 41.0:5.999 1.39 1.842
4.0 18.0 35.0:3.805 1.112 1.726
28.0 18.0 26.0:1.951 0.498 1.104
26.0 27.0 27.0:4.715 0.684 1.372
55.0 45.0 13.0:6.211 0.269 2.902
55.0 20.0 19.0:5.831 1.76 1.067
55.0 60.0 16.0:2.78 0.252 3.326
30.0 60.0 16.0:5.346 1.735 1.538
20.0 65.0 12.0:1.645 0.365 1.277,4.029 1.64 1.462
50.0 35.0 19.0:1.597 1.873 4.178
30.0 25.0 23.0:3.077 1.644 6.107
15.0 10.0 20.0:0.007 0.617 1.008
10.0 20.0 19.0:1.456 0.349 1.934,3.772 1.747 2.394
20.0 40.0 12.0:4.792 0.186 1.281,1.155 1.125 1.113
15.0 60.0 17.0:4.703 0.718 1.453
45.0 20.0 11.0:2.609 1.878 1.637
45.0 10.0 18.0:0.816 0.39 1.878,3.999 0.233 1.031
45.0 30.0 17.0:2.882 1.87 4.965
35.0 40.0 16.0:0.67 1.855 5.083
41.0 37.0 16.0:5.515 0.606 2.218
40.0 60.0 21.0:3.336 0.485 3.597
35.0 69.0 23.0:1.51 1.622 1.131
53.0 52.0 11.0:2.409 0.326 3.192
65.0 55.0 14.0:2.367 0.842 2.236
5.0 5.0 16.0:1.559 0.488 1.034
11.0 14.0 18.0:3.049 0.514 2.702,4.693 0.582 1.27
6.0 38.0 16.0:3.738 1.194 1.172
47.0 47.0 13.0:4.948 1.028 1.018
37.0 31.0 14.0:1.001 0.343 1.404,4.103 0.796 2.742
57.0 29.0 18.0:0.252 0.719 1.771
36.0 26.0 18.0:3.264 1.131 1.653
12.0 24.0 13.0:1.119 0.944 3.409,5.973 0.246 1.226
24.0 58.0 19.0:2.194 0.756 2.03,1.269 0.154 1.442,5.24 0.471 1.323
62.0 77.0 20.0:3.407 0.712 1.183
49.0 73.0 25.0:4.308 1.236 2.556
67.0 5.0 25.0:2.521 0.464 1.136
57.0 68.0 15.0:4.126 0.2 1.697,2.647 0.262 1.594,1.191 0.949 1.118
47.0 16.0 25.0:3.381 0.837 1.051,0.201 0.181 2.971
49.0 11.0 18.0:5.746 0.89 1.548
49.0 42.0 13.0:0.661 0.619 1.799,2.12 0.514 1.101
53.0 43.0 14.0:6.009 1.521 1.384
57.0 48.0 23.0:4.113 0.206 2.179
15.0 47.0 16.0:2.65 0.282 2.062,3.406 0.138 2.177,1.258 0.129 1.078
14.0 37.0 11.0:3.584 0.679 2.927,5.292 0.482 3.213
26.0 35.0 15.0:1.146 1.559 1.31
18.0 24.0 22.0:2.341 0.379 1.116,0.793 0.476 1.289,4.269 1.025 1.389
25.0 24.0 20.0:2.313 1.177 1.059
22.0 27.0 11.0:4.109 0.464 1.75,1.049 0.651 1.426,2.926 0.223 1.176
25.0 21.0 12.0:5.16 0.827 1.899,1.353 0.375 1.857
18.0 18.0 17.0:4.676 0.261 2.914
41.0 49.0 10.0:1.26 0.455 1.139
35.0 17.0 7.0:4.887 1.627 1.333
25.0 30.0 3.0:6.108 0.227 3.441
20.0 50.0 5.0:5.35 1.743 4.803
10.0 43.0 9.0:0.46 1.528 1.586
30.0 5.0 8.0:4.968 1.111 1.777
5.0 30.0 2.0:5.943 1.179 1.973
45.0 65.0 9.0:6.194 0.655 1.102
65.0 35.0 3.0:4.412 0.203 1.066
65.0 20.0 6.0:3.21 1.392 1.224
64.0 42.0 9.0:1.809 0.266 1.138,5.518 0.265 1.272
63.0 65.0 8.0:5.684 0.36 1.233
2.0 60.0 5.0:5.739 1.328 1.636
20.0 20.0 8.0:5.503 0.507 1.123,2.075 1.563 1.737
40.0 25.0 9.0:0.049 1.513 1.672
42.0 7.0 5.0:0.238 0.393 3.172
24.0 12.0 5.0:5.795 0.977 2.519
23.0 3.0 7.0:0.374 0.245 2.576,4.002 0.21 1.06,1.216 0.241 1.1
2.0 48.0 1.0:1.088 0.388 1.123
49.0 58.0 10.0:1.754 1.898 2.104
27.0 43.0 9.0:5.66 1.06 1.124
63.0 23.0 2.0:3.19 0.488 1.183
53.0 12.0 6.0:2.104 0.511 1.095,4.092 0.598 1.283
32.0 12.0 7.0:2.717 0.238 1.371
17.0 34.0 3.0:0.773 0.758 4.521
27.0 69.0 10.0:1.024 0.699 1.764
15.0 77.0 9.0:2.478 0.14 3.132
37.0 47.0 6.0:1.737 1.117 1.556,4.209 0.131 1.064
37.0 56.0 5.0:1.007 0.399 1.131
44.0 17.0 9.0:5.131 1.362 1.737
46.0 13.0 8.0:2.083 0.334 1.329
61.0 52.0 3.0:4.119 0.297 1.95,2.976 0.218 2.699
56.0 37.0 6.0:4.918 1.576 2.018
11.0 31.0 7.0:3.778 0.786 1.161
26.0 52.0 9.0:4.999 1.545 1.089
31.0 67.0 3.0:0.678 0.32 1.837
15.0 19.0 1.0:3.07 1.701 2.291
22.0 22.0 2.0:3.149 0.129 1.05,5.265 0.198 1.705
19.0 21.0 10.0:2.452 0.38 1.239
20.0 26.0 9.0:1.886 0.175 1.261