100, 1
35.000 35.000 0
35.000 35.000 0
15.0 30.0 26.0:6.083 0.165 1.169,1.748 0.916 1.221
55.0 5.0 29.0:1.092 0.793 1.871,3.838 1.24 2.849
31.0 52.0 27.0:5.229 0.392 1.801,1.726 0.674 3.721
60.0 12.0 31.0:1.107 1.747 1.312
8.0 56.0 27.0:5.051 0.632 1.274
13.0 52.0 36.0:0.302 1.266 1.956
6.0 68.0 30.0:3.883 0.758 1.021
21.0 24.0 28.0:0.046 1.41 1.808
56.0 39.0 36.0:5.862 1.076 2.467
55.0 54.0 26.0:4.363 0.392 2.55,0.326 0.142 1.29
16.0 22.0 41.0:0.365 0.742 1.752
4.0 18.0 35.0:1.843 0.726 1.277
28.0 18.0 26.0:1.992 0.887 1.173
26.0 27.0 27.0:5.674 0.62 1.064
55.0 45.0 13.0:6.035 0.849 1.527
55.0 20.0 19.0:2.849 1.306 1.893
55.0 60.0 16.0:1.405 0.129 1.215
30.0 60.0 16.0:0.346 0.819 1.652
20.0 65.0 12.0:4.698 0.427 1.677,1.912 0.539 1.124
50.0 35.0 19.0:0.39 1.197 1.144
30.0 25.0 23.0:4.463 0.285 1.134,3.343 0.464 1.927
15.0 10.0 20.0:4.279 0.552 1.579,1.715 0.642 3.023
10.0 20.0 19.0:1.384 0.953 1.593,5.419 0.308 1.639
20.0 40.0 12.0:2.978 0.136 2.375
15.0 60.0 17.0:0.298 1.916 1.518
45.0 20.0 11.0:5.743 0.4 1.906
45.0 10.0 18.0:1.978 0.607 3.021,3.274 0.231 2.046
45.0 30.0 17.0:2.221 0.15 3.703
35.0 40.0 16.0:2.891 0.15 1.016,0.813 0.729 2.212
41.0 37.0 16.0:3.083 0.29 1.054,1.667 0.689 1.933
40.0 60.0 21.0:1.72 0.92 1.526,4.023 1.31 1.221
35.0 69.0 23.0:1.876 0.171 1.02
53.0 52.0 11.0:3.643 0.325 2.815
65.0 55.0 14.0:1.487 1.556 2.073
5.0 5.0 16.0:0.625 0.171 2.479,3.428 1.362 1.024
11.0 14.0 18.0:0.326 0.811 1.613
6.0 38.0 16.0:2.165 1.272 1.143
47.0 47.0 13.0:1.306 1.332 1.776
37.0 31.0 14.0:0.418 0.939 3.33
57.0 29.0 18.0:4.828 1.117 5.586,1.726 1.2 5.697
36.0 26.0 18.0:5.641 0.363 1.346,4.506 0.398 4.682
12.0 24.0 13.0:4.343 0.882 2.473,0.473 0.421 3.044
24.0 58.0 19.0:3.026 0.604 1.734,0.667 0.288 2.89
62.0 77.0 20.0:2.858 0.162 1.463
49.0 73.0 25.0:2.176 1.656 1.325
67.0 5.0 25.0:0.756 0.772 2.019
57.0 68.0 15.0:0.572 1.953 1.175
47.0 16.0 25.0:2.801 0.223 1.387
49.0 11.0 18.0:5.972 1.021 3.11
49.0 42.0 13.0:0.095 0.379 1.132
53.0 43.0 14.0:0.809 1.051 2.47
57.0 48.0 23.0:3.519 1.591 1.238
15.0 47.0 16.0:0.475 0.132 1.919,3.506 1.616 1.518,5.833 0.39 1.401
14.0 37.0 11.0:3.362 0.521 1.038
26.0 35.0 15.0:0.632 0.389 1.118,3.147 0.183 2.21
18.0 24.0 22.0:1.858 0.177 1.402,4.105 1.08 1.374
25.0 24.0 20.0:1.09 0.88 1.027
22.0 27.0 11.0:5.652 0.214 1.029,2.429 1.429 1.507
25.0 21.0 12.0:3.96 1.73 3.128
18.0 18.0 17.0:0.917 0.364 1.409
41.0 49.0 10.0:1.991 0.52 5.539
35.0 17.0 7.0:4.078 1.521 1.517
25.0 30.0 3.0:0.485 0.361 1.415
20.0 50.0 5.0:1.77 0.181 1.503
10.0 43.0 9.0:5.528 1.317 1.329
30.0 5.0 8.0:1.924 1.098 2.58
5.0 30.0 2.0:1.823 0.268 2.205
45.0 65.0 9.0:0.103 0.381 1.099
65.0 35.0 3.0:2.601 1.752 1.288
65.0 20.0 6.0:2.808 0.176 1.831,4.345 0.319 2.089
64.0 42.0 9.0:0.952 1.601 1.402
63.0 65.0 8.0:1.014 1.455 1.741
2.0 60.0 5.0:0.89 1.498 1.589
20.0 20.0 8.0:1.087 0.604 1.005,4.577 0.221 3.967
40.0 25.0 9.0:1.99 1.501 3.329
42.0 7.0 5.0:0.112 0.536 1.134
24.0 12.0 5.0:2.855 0.53 2.114,0.34 0.291 1.745
23.0 3.0 7.0:5.255 0.217 1.164,2.133 1.611 2.166
2.0 48.0 1.0:4.451 1.385 1.726
49.0 58.0 10.0:4.455 1.512 5.298
27.0 43.0 9.0:5.793 1.651 2.561
63.0 23.0 2.0:0.979 1.148 2.08
53.0 12.0 6.0:2.232 1.102 2.279
32.0 12.0 7.0:1.663 1.087 1.152
17.0 34.0 3.0:0.612 1.969 1.562
27.0 69.0 10.0:0.013 1.153 1.007
15.0 77.0 9.0:2.861 1.3 1.395
37.0 47.0 6.0:3.395 1.182 1.08
37.0 56.0 5.0:2.116 0.809 2.449,4.745 0.576 2.171
44.0 17.0 9.0:2.226 0.147 2.924
46.0 13.0 8.0:3.864 0.527 2.929
61.0 52.0 3.0:5.359 0.361 2.098,4.517 0.39 2.534
56.0 37.0 6.0:4.744 0.885 1.214
11.0 31.0 7.0:4.461 1.604 1.382
26.0 52.0 9.0:1.12 1.987 1.122
31.0 67.0 3.0:1.366 0.185 1.463,3.297 0.518 1.965
15.0 19.0 1.0:4.793 0.192 1.823
22.0 22.0 2.0:1.559 1.835 1.006
19.0 21.0 10.0:4.632 0.325 1.055,5.74 0.52 1.113
20.0 26.0 9.0:4.986 1.753 1.573