100, 1
35.000 35.000 0
35.000 35.000 0
15.0 30.0 26.0:4.549 0.507 2.827,1.682 1.495 3.463
55.0 5.0 29.0:0.616 1.742 1.571
31.0 52.0 27.0:0.485 1.68 1.058
60.0 12.0 31.0:2.969 1.243 1.116,1.252 0.338 1.046
8.0 56.0 27.0:3.954 1.424 4.54,1.801 0.586 1.454
13.0 52.0 36.0:4.273 0.454 1.006
6.0 68.0 30.0:2.266 0.647 1.399
21.0 24.0 28.0:4.956 1.341 1.218
56.0 39.0 36.0:0.288 0.82 1.398
55.0 54.0 26.0:2.635 0.397 1.005,1.58 0.178 1.246
16.0 22.0 41.0:3.477 0.34 2.846
4.0 18.0 35.0:3.608 0.904 6.896
28.0 18.0 26.0:0.528 1.331 1.256
26.0 27.0 27.0:4.816 0.311 2.767
55.0 45.0 13.0:3.948 0.272 1.14
55.0 20.0 19.0:4.868 0.351 1.79
55.0 60.0 16.0:5.626 1.744 1.44
30.0 60.0 16.0:4.107 2.009 1.662
20.0 65.0 12.0:0.715 0.729 2.554
50.0 35.0 19.0:2.054 1.146 1.879
30.0 25.0 23.0:1.184 1.204 2.35
15.0 10.0 20.0:0.892 1.383 1.043
10.0 20.0 19.0:4.294 0.365 2.226,0.516 0.183 2.716,2.325 0.433 2.124
20.0 40.0 12.0:2.177 1.346 1.028
15.0 60.0 17.0:6.233 1.01 1.921
45.0 20.0 11.0:3.567 0.388 1.861,2.97 0.209 1.133
45.0 10.0 18.0:5.793 0.754 2.306
45.0 30.0 17.0:5.714 0.483 2.217
35.0 40.0 16.0:2.408 0.143 1.678
41.0 37.0 16.0:1.377 1.625 1.167
40.0 60.0 21.0:0.724 0.779 1.283
35.0 69.0 23.0:3.297 0.158 1.874
53.0 52.0 11.0:4.671 0.839 1.301,1.621 1.388 2.427
65.0 55.0 14.0:1.216 1.921 1.683
5.0 5.0 16.0:0.39 1.051 4.862
11.0 14.0 18.0:5.318 1.717 2.448
6.0 38.0 16.0:5.431 0.137 1.547,2.717 0.238 1.509
47.0 47.0 13.0:5.16 0.502 1.631,4.366 0.18 4.152
37.0 31.0 14.0:0.709 0.314 1.738,2.047 0.498 1.439,5.801 0.24 4.873
57.0 29.0 18.0:0.139 1.347 1.22
36.0 26.0 18.0:2.36 1.135 3.657
12.0 24.0 13.0:4.228 1.554 3.07
24.0 58.0 19.0:5.007 1.548 1.165
62.0 77.0 20.0:4.943 0.205 1.099
49.0 73.0 25.0:3.786 0.174 1.5,4.889 0.392 1.828,0.953 0.189 1.493
67.0 5.0 25.0:3.692 1.59 2.117
57.0 68.0 15.0:1.2 0.25 1.266,2.864 1.364 1.01
47.0 16.0 25.0:3.634 1.854 1.403
49.0 11.0 18.0:3.645 0.13 1.533
49.0 42.0 13.0:2.919 1.367 1.584,5.492 0.54 1.653
53.0 43.0 14.0:5.092 1.301 1.121
57.0 48.0 23.0:0.21 1.277 1.394
15.0 47.0 16.0:5.251 0.991 1.487,0.856 0.595 1.232
14.0 37.0 11.0:4.987 1.136 3.099
26.0 35.0 15.0:1.257 1.122 1.038
18.0 24.0 22.0:0.149 0.161 2.644
25.0 24.0 20.0:3.108 0.155 2.418
22.0 27.0 11.0:5.12 0.582 1.75
25.0 21.0 12.0:5.304 0.259 2.28
18.0 18.0 17.0:2.476 0.673 1.342
41.0 49.0 10.0:0.708 1.5 2.288
35.0 17.0 7.0:1.189 0.163 2.257
25.0 30.0 3.0:3.488 1.337 8.991,5.799 0.256 2.663
20.0 50.0 5.0:4.272 0.837 1.187
10.0 43.0 9.0:4.974 1.768 1.364
30.0 5.0 8.0:1.563 0.188 1.087
5.0 30.0 2.0:4.768 1.851 1.016
45.0 65.0 9.0:4.374 0.903 2.62
65.0 35.0 3.0:6.205 1.767 1.331
65.0 20.0 6.0:2.793 0.258 1.369
64.0 42.0 9.0:1.268 1.413 2.626
63.0 65.0 8.0:0.626 1.875 1.827
2.0 60.0 5.0:1.064 0.254 1.588
20.0 20.0 8.0:1.25 0.653 3.439,3.904 0.868 5.73
40.0 25.0 9.0:3.678 0.439 2.753,5.634 0.269 1.888
42.0 7.0 5.0:1.979 0.441 4.119
24.0 12.0 5.0:2.579 0.726 1.495
23.0 3.0 7.0:2.308 1.635 1.062
2.0 48.0 1.0:4.18 0.56 2.646
49.0 58.0 10.0:1.001 0.227 2.691
27.0 43.0 9.0:1.675 1.685 1.08
63.0 23.0 2.0:0.924 0.388 2.973,2.47 0.936 1.524
53.0 12.0 6.0:2.09 1.332 1.479
32.0 12.0 7.0:0.626 0.401 4.454,5.418 0.843 2.236
17.0 34.0 3.0:5.981 0.208 1.73
27.0 69.0 10.0:5.998 0.78 1.106
15.0 77.0 9.0:1.891 0.237 3.005
37.0 47.0 6.0:1.474 0.297 1.017,3.258 0.56 2.383
37.0 56.0 5.0:4.119 1.435 1.751,2.206 0.474 1.077
44.0 17.0 9.0:1.509 0.536 2.088,3.326 0.383 1.846
46.0 13.0 8.0:4.68 1.622 2.575
61.0 52.0 3.0:0.544 1.782 1.399
56.0 37.0 6.0:4.273 0.508 1.547
11.0 31.0 7.0:3.529 1.493 1.181
26.0 52.0 9.0:4.988 0.788 1.041
31.0 67.0 3.0:1.017 0.65 4.041,3.83 1.615 1.34
15.0 19.0 1.0:0.068 0.182 2.577
22.0 22.0 2.0:4.528 0.711 3.103
19.0 21.0 10.0:0.503 0.93 2.631
20.0 26.0 9.0:0.274 0.745 1.53