100, 1
35.000 35.000 0
35.000 35.000 0
15.0 30.0 26.0:1.697 0.219 1.149,0.699 0.569 2.968,5.282 0.383 4.765
55.0 5.0 29.0:4.495 0.505 2.003
31.0 52.0 27.0:5.486 0.515 1.762,3.434 0.266 2.704,2.092 0.191 1.357
60.0 12.0 31.0:3.861 1.619 1.632,0.608 0.279 4.852
8.0 56.0 27.0:0.809 0.864 2.074
13.0 52.0 36.0:2.923 0.853 1.434
6.0 68.0 30.0:0.708 1.026 1.074
21.0 24.0 28.0:6.081 0.547 1.084
56.0 39.0 36.0:3.451 0.618 1.115
55.0 54.0 26.0:0.184 0.896 1.115
16.0 22.0 41.0:4.616 0.837 1.784
4.0 18.0 35.0:1.98 1.047 1.731
28.0 18.0 26.0:1.226 1.094 1.191
26.0 27.0 27.0:5.019 0.235 2.736,2.196 0.419 2.64
55.0 45.0 13.0:6.056 0.731 2.524
55.0 20.0 19.0:2.271 0.623 1.336
55.0 60.0 16.0:5.117 0.577 1.679,1.612 0.682 1.522
30.0 60.0 16.0:0.982 0.773 1.078
20.0 65.0 12.0:2.051 1.685 1.742
50.0 35.0 19.0:5.233 1.27 2.631
30.0 25.0 23.0:3.38 2.008 1.03
15.0 10.0 20.0:2.59 0.68 4.054
10.0 20.0 19.0:2.266 1.629 1.124
20.0 40.0 12.0:5.732 1.038 2.301
15.0 60.0 17.0:0.979 1.767 1.167
45.0 20.0 11.0:0.772 1.323 4.312
45.0 10.0 18.0:3.684 1.52 1.754
45.0 30.0 17.0:4.927 1.658 1.329
35.0 40.0 16.0:5.524 0.559 2.213,4.381 0.328 1.33,1.368 0.436 1.108
41.0 37.0 16.0:0.936 0.309 1.527
40.0 60.0 21.0:5.383 0.853 2.031,2.148 0.416 3.171
35.0 69.0 23.0:0.151 0.199 1.182
53.0 52.0 11.0:1.559 0.708 1.044
65.0 55.0 14.0:6.124 1.928 3.291
5.0 5.0 16.0:2.28 1.423 1.918,4.093 0.133 1.313
11.0 14.0 18.0:4.336 0.134 1.401
6.0 38.0 16.0:5.571 0.482 5.11
47.0 47.0 13.0:1.231 0.59 3.053,4.654 1.35 2.323
37.0 31.0 14.0:3.851 0.814 2.936,0.306 0.221 1.029
57.0 29.0 18.0:2.938 0.571 1.27
36.0 26.0 18.0:5.193 1.548 1.924
12.0 24.0 13.0:6.122 0.956 1.537
24.0 58.0 19.0:1.017 1.331 1.503
62.0 77.0 20.0:5.177 0.835 1.576
49.0 73.0 25.0:3.811 1.953 1.119
67.0 5.0 25.0:0.472 1.669 1.688
57.0 68.0 15.0:5.57 0.386 1.052,3.198 0.13 1.606,4.529 0.513 1.86
47.0 16.0 25.0:4.94 1.726 2.343
49.0 11.0 18.0:3.419 0.173 3.924
49.0 42.0 13.0:5.41 1.702 1.262
53.0 43.0 14.0:3.252 1.921 1.084
57.0 48.0 23.0:2.993 1.391 4.211
15.0 47.0 16.0:1.412 0.495 1.147,2.819 0.85 4.238,3.886 0.176 1.637
14.0 37.0 11.0:4.181 0.215 1.897
26.0 35.0 15.0:6.159 0.639 2.043
18.0 24.0 22.0:1.381 0.464 2.48
25.0 24.0 20.0:2.475 0.553 2.146
22.0 27.0 11.0:6.162 0.854 1.15
25.0 21.0 12.0:2.609 0.246 2.665,3.373 0.39 1.598
18.0 18.0 17.0:1.271 0.925 2.076,4.943 0.251 1.561
41.0 49.0 10.0:4.282 1.069 1.391,2.353 0.674 2.616
35.0 17.0 7.0:0.137 1.373 1.129
25.0 30.0 3.0:0.969 0.352 2.208,2.697 0.386 1.736
20.0 50.0 5.0:5.483 0.474 3.309,3.363 0.393 2.848
10.0 43.0 9.0:2.243 0.937 1.238
30.0 5.0 8.0:3.826 0.378 1.416
5.0 30.0 2.0:5.887 0.304 1.178
45.0 65.0 9.0:2.134 0.758 1.192
65.0 35.0 3.0:5.779 0.522 1.051
65.0 20.0 6.0:1.321 0.213 2.902,3.858 1.169 1.088
64.0 42.0 9.0:0.539 0.429 1.588
63.0 65.0 8.0:3.867 0.825 1.088
2.0 60.0 5.0:0.937 1.796 4.313
20.0 20.0 8.0:0.508 1.71 4.368
40.0 25.0 9.0:3.286 0.243 1.105
42.0 7.0 5.0:5.854 0.821 1.484
24.0 12.0 5.0:1.13 0.531 1.992,2.812 0.192 2.133
23.0 3.0 7.0:2.806 0.447 1.924,1.465 0.138 1.563
2.0 48.0 1.0:3.929 2.003 1.247
49.0 58.0 10.0:1.175 0.455 1.036
27.0 43.0 9.0:3.109 1.249 1.437,5.298 0.77 2.435
63.0 23.0 2.0:2.093 1.768 1.195
53.0 12.0 6.0:0.89 0.351 1.189
32.0 12.0 7.0:4.708 1.669 1.291
17.0 34.0 3.0:3.154 0.682 1.987
27.0 69.0 10.0:5.273 1.341 1.221
15.0 77.0 9.0:4.039 0.986 2.224
37.0 47.0 6.0:1.25 0.183 1.186
37.0 56.0 5.0:4.803 1.519 1.224
44.0 17.0 9.0:5.866 1.326 1.833
46.0 13.0 8.0:1.616 0.147 1.653,3.665 0.32 1.208
61.0 52.0 3.0:4.544 0.134 1.13,3.318 0.191 3.052
56.0 37.0 6.0:5.255 1.464 1.58
11.0 31.0 7.0:5.352 0.192 1.014
26.0 52.0 9.0:3.642 1.966 1.482
31.0 67.0 3.0:5.219 1.418 1.783
15.0 19.0 1.0:2.298 0.635 3.809
22.0 22.0 2.0:3.73 0.951 1.133
19.0 21.0 10.0:0.37 1.168 1.936
20.0 26.0 9.0:1.56 1.85 1.296