100, 1
35.000 35.000 0
35.000 35.000 0
15.0 30.0 26.0:0.462 1.708 1.267
55.0 5.0 29.0:3.726 0.212 1.073
31.0 52.0 27.0:3.732 1.23 1.256
60.0 12.0 31.0:4.032 0.176 1.431
8.0 56.0 27.0:3.831 1.108 3.193
13.0 52.0 36.0:1.682 0.672 1.039
6.0 68.0 30.0:5.551 1.617 1.456
21.0 24.0 28.0:0.201 0.396 1.576
56.0 39.0 36.0:2.186 0.424 1.187
55.0 54.0 26.0:2.21 1.717 3.589
16.0 22.0 41.0:5.315 0.227 1.145,2.952 0.602 2.233
4.0 18.0 35.0:4.195 0.806 1.109
28.0 18.0 26.0:3.035 1.536 1.477,5.301 0.137 2.056
26.0 27.0 27.0:3.858 1.96 1.173
55.0 45.0 13.0:3.644 0.14 1.779
55.0 20.0 19.0:5.204 0.925 1.015,3.311 0.577 1.616
55.0 60.0 16.0:2.054 0.199 2.048,4.511 0.976 1.414
30.0 60.0 16.0:4.348 0.642 1.416
20.0 65.0 12.0:5.398 0.184 1.484,2.128 0.75 4.966
50.0 35.0 19.0:2.386 0.458 2.204,1.07 0.742 1.167
30.0 25.0 23.0:4.882 0.585 3.614
15.0 10.0 20.0:1.558 0.287 1.88
10.0 20.0 19.0:4.848 0.13 2.074
20.0 40.0 12.0:2.44 0.631 4.379
15.0 60.0 17.0:5.064 0.814 1.628
45.0 20.0 11.0:5.698 0.158 4.046,4.739 0.296 1.69
45.0 10.0 18.0:0.532 1.322 2.349
45.0 30.0 17.0:2.118 0.161 1.259
35.0 40.0 16.0:1.825 1.569 2.408
41.0 37.0 16.0:2.625 1.347 2.118
40.0 60.0 21.0:2.303 0.215 3.295,3.759 1.156 1.717
35.0 69.0 23.0:6.259 0.191 2.111
53.0 52.0 11.0:0.488 1.871 1.343
65.0 55.0 14.0:0.447 1.124 2.171
5.0 5.0 16.0:2.171 0.589 1.252
11.0 14.0 18.0:5.826 0.611 2.269
6.0 38.0 16.0:1.655 0.53 1.747
47.0 47.0 13.0:4.357 1.829 1.628
37.0 31.0 14.0:4.656 0.284 2.153,2.426 0.575 5.144
57.0 29.0 18.0:1.825 1.111 1.782
36.0 26.0 18.0:1.389 0.64 1.135,5.328 0.381 3.207
12.0 24.0 13.0:5.266 2.0 2.814
24.0 58.0 19.0:4.036 1.86 1.306,1.566 0.476 2.418
62.0 77.0 20.0:3.568 1.829 2.197
49.0 73.0 25.0:2.087 0.244 1.831
67.0 5.0 25.0:3.269 0.563 1.604
57.0 68.0 15.0:1.772 0.331 3.936,2.946 0.232 1.258
47.0 16.0 25.0:3.098 0.936 3.148,1.418 0.35 1.216
49.0 11.0 18.0:2.888 1.668 1.159
49.0 42.0 13.0:2.59 0.131 1.773
53.0 43.0 14.0:4.385 0.436 1.702
57.0 48.0 23.0:4.828 0.575 1.574
15.0 47.0 16.0:0.904 0.271 1.013,3.998 1.388 1.159
14.0 37.0 11.0:3.116 1.064 1.171
26.0 35.0 15.0:0.087 0.834 2.092
18.0 24.0 22.0:5.372 1.028 1.649
25.0 24.0 20.0:3.166 1.359 1.431
22.0 27.0 11.0:5.029 0.467 1.516
25.0 21.0 12.0:3.684 1.526 2.942
18.0 18.0 17.0:1.728 0.639 1.191
41.0 49.0 10.0:4.258 1.382 1.786
35.0 17.0 7.0:3.895 0.413 1.214
25.0 30.0 3.0:4.821 0.862 4.692
20.0 50.0 5.0:1.243 0.295 2.918,2.647 0.292 1.293,5.97 0.287 1.345
10.0 43.0 9.0:5.373 0.85 1.559,1.68 0.842 1.314
30.0 5.0 8.0:2.264 0.434 2.73,1.085 0.659 3.391
5.0 30.0 2.0:0.613 1.584 3.149
45.0 65.0 9.0:1.595 1.778 2.754
65.0 35.0 3.0:1.022 1.994 1.529
65.0 20.0 6.0:5.276 1.114 1.991
64.0 42.0 9.0:1.991 0.21 1.302,5.757 0.246 3.366,0.871 0.192 1.166
63.0 65.0 8.0:0.242 1.265 3.415
2.0 60.0 5.0:2.229 0.146 1.721
20.0 20.0 8.0:3.151 1.166 1.216
40.0 25.0 9.0:1.183 1.428 3.441
42.0 7.0 5.0:4.366 1.546 2.27
24.0 12.0 5.0:2.218 1.216 1.769
23.0 3.0 7.0:4.203 0.542 1.205,5.684 0.343 2.567
2.0 48.0 1.0:5.266 0.26 1.141
49.0 58.0 10.0:2.613 1.196 1.533
27.0 43.0 9.0:0.122 0.493 1.571
63.0 23.0 2.0:3.108 0.706 1.088
53.0 12.0 6.0:4.366 0.478 1.268,1.819 0.832 5.156
32.0 12.0 7.0:1.78 0.288 1.721
17.0 34.0 3.0:2.792 1.184 3.975
27.0 69.0 10.0:4.884 1.419 1.58
15.0 77.0 9.0:3.198 1.372 3.688
37.0 47.0 6.0:0.21 1.136 1.614
37.0 56.0 5.0:0.385 0.543 1.037
44.0 17.0 9.0:3.385 0.177 3.739
46.0 13.0 8.0:3.859 0.324 1.291
61.0 52.0 3.0:1.483 1.408 2.471
56.0 37.0 6.0:3.857 0.482 2.117,1.147 0.663 3.402
11.0 31.0 7.0:5.382 0.57 2.282,2.645 1.327 1.102
26.0 52.0 9.0:1.362 1.936 2.574
31.0 67.0 3.0:0.482 1.059 1.185
15.0 19.0 1.0:2.516 1.135 1.633
22.0 22.0 2.0:1.958 0.716 1.593
19.0 21.0 10.0:5.463 0.703 1.248,2.21 1.048 2.098
20.0 26.0 9.0:3.144 0.643 1.513