100 1
35.000 35.000 0
35.000 35.000 0
15.0 30.0 26.0:3.751 0.794 1.229
55.0 5.0 29.0:2.057 0.327 1.026
31.0 52.0 27.0:3.551 1.26 1.164
60.0 12.0 31.0:5.283 1.293 1.078
8.0 56.0 27.0:1.03 1.827 1.681
13.0 52.0 36.0:1.662 1.264 1.785
6.0 68.0 30.0:4.358 0.578 2.757
21.0 24.0 28.0:4.311 0.948 1.911
56.0 39.0 36.0:6.073 0.455 2.792
55.0 54.0 26.0:5.886 0.447 1.657
16.0 22.0 41.0:2.287 0.762 1.716,4.487 0.372 3.19
4.0 18.0 35.0:4.916 1.931 1.209
28.0 18.0 26.0:2.795 1.982 4.12,6.064 0.174 1.796
26.0 27.0 27.0:4.077 0.374 1.088,2.57 0.165 1.31
55.0 45.0 13.0:4.869 1.176 2.284
55.0 20.0 19.0:5.872 0.718 1.192
55.0 60.0 16.0:2.374 0.444 2.733,4.589 0.889 3.516
30.0 60.0 16.0:0.104 1.677 2.648
20.0 65.0 12.0:4.447 1.03 1.704
50.0 35.0 19.0:2.851 1.679 4.182,5.783 0.154 2.661
30.0 25.0 23.0:5.897 0.195 2.517
15.0 10.0 20.0:2.825 1.538 1.394
10.0 20.0 19.0:0.825 1.907 1.683
20.0 40.0 12.0:1.319 1.288 1.507
15.0 60.0 17.0:1.608 1.203 1.531
45.0 20.0 11.0:3.354 0.154 2.557
45.0 10.0 18.0:1.45 1.808 2.528
45.0 30.0 17.0:0.438 1.552 2.287
35.0 40.0 16.0:0.102 1.743 2.107
41.0 37.0 16.0:0.936 0.987 1.741
40.0 60.0 21.0:2.026 1.216 2.879,4.03 0.726 2.075
35.0 69.0 23.0:3.386 0.633 1.568,1.847 0.648 1.106
53.0 52.0 11.0:4.011 1.571 1.11,5.937 0.284 1.945
65.0 55.0 14.0:0.312 1.737 1.082
5.0 5.0 16.0:3.786 1.059 2.28,0.609 0.517 1.159
11.0 14.0 18.0:6.181 1.616 2.239
6.0 38.0 16.0:4.935 1.006 1.166,1.397 0.553 1.029
47.0 47.0 13.0:5.659 1.074 1.614
37.0 31.0 14.0:0.369 1.607 1.586
57.0 29.0 18.0:6.241 2.004 1.19
36.0 26.0 18.0:5.34 0.991 2.167
12.0 24.0 13.0:1.754 1.101 1.552
24.0 58.0 19.0:1.221 1.431 1.434
62.0 77.0 20.0:4.036 0.338 2.562,1.536 1.205 1.796
49.0 73.0 25.0:5.35 1.744 1.511
67.0 5.0 25.0:1.168 0.313 2.028
57.0 68.0 15.0:3.923 0.803 1.345
47.0 16.0 25.0:1.66 0.881 2.738
49.0 11.0 18.0:0.769 1.415 1.177
49.0 42.0 13.0:1.888 1.833 2.842
53.0 43.0 14.0:3.875 1.782 1.874
57.0 48.0 23.0:4.435 1.984 1.04
15.0 47.0 16.0:5.981 0.799 1.455
14.0 37.0 11.0:2.127 0.806 1.447
26.0 35.0 15.0:4.171 0.127 1.429
18.0 24.0 22.0:1.254 0.641 1.398
25.0 24.0 20.0:1.585 0.248 1.445,3.42 1.067 1.917
22.0 27.0 11.0:1.535 0.253 1.942
25.0 21.0 12.0:3.896 1.326 1.382
18.0 18.0 17.0:4.202 1.472 1.384
41.0 49.0 10.0:3.561 0.464 1.145,4.531 0.223 1.369
35.0 17.0 7.0:0.773 0.956 3.843
25.0 30.0 3.0:5.376 0.504 1.611,3.193 0.37 1.24
20.0 50.0 5.0:2.729 0.522 2.018
10.0 43.0 9.0:6.093 0.705 2.736
30.0 5.0 8.0:1.541 0.599 1.408
5.0 30.0 2.0:5.207 0.886 2.662
45.0 65.0 9.0:4.414 0.932 1.712
65.0 35.0 3.0:3.425 0.219 1.127
65.0 20.0 6.0:3.99 0.947 1.88,0.923 0.234 2.066
64.0 42.0 9.0:1.992 0.876 1.21
63.0 65.0 8.0:2.122 1.222 2.263
2.0 60.0 5.0:2.78 0.884 1.45
20.0 20.0 8.0:0.465 0.189 3.331,1.792 0.52 2.291
40.0 25.0 9.0:3.123 0.168 2.943
42.0 7.0 5.0:4.84 1.845 2.384
24.0 12.0 5.0:0.606 0.191 3.092
23.0 3.0 7.0:0.85 1.204 1.412
2.0 48.0 1.0:6.243 0.201 1.051
49.0 58.0 10.0:2.058 0.539 4.947,3.857 1.055 2.051
27.0 43.0 9.0:5.641 0.333 1.117
63.0 23.0 2.0:3.019 1.29 1.949
53.0 12.0 6.0:3.08 0.179 1.015,1.47 0.535 1.591
32.0 12.0 7.0:2.937 1.427 3.497
17.0 34.0 3.0:1.272 0.315 1.154
27.0 69.0 10.0:1.541 1.277 2.33
15.0 77.0 9.0:5.375 1.156 2.457
37.0 47.0 6.0:3.09 1.039 3.473,5.988 0.183 2.585
37.0 56.0 5.0:5.866 1.377 1.266
44.0 17.0 9.0:2.613 0.388 3.581
46.0 13.0 8.0:5.247 1.699 1.067
61.0 52.0 3.0:2.604 0.355 1.06
56.0 37.0 6.0:3.393 0.428 1.409,2.481 0.393 1.177
11.0 31.0 7.0:5.307 0.755 1.614
26.0 52.0 9.0:0.076 1.993 6.229
31.0 67.0 3.0:5.149 0.96 2.323
15.0 19.0 1.0:4.395 0.699 1.45,1.724 0.229 1.048,2.933 0.453 1.624
22.0 22.0 2.0:3.914 0.149 1.84,0.592 0.397 1.768
19.0 21.0 10.0:5.581 1.122 1.196
20.0 26.0 9.0:3.086 0.384 1.682