100 1
35.000 35.000 0
35.000 35.000 0
15.0 30.0 26.0:4.581 0.604 1.032,1.639 1.42 1.18
55.0 5.0 29.0:3.725 0.157 2.764
31.0 52.0 27.0:2.995 1.826 3.712
60.0 12.0 31.0:0.058 0.13 1.54
8.0 56.0 27.0:2.311 0.477 1.223
13.0 52.0 36.0:3.711 1.921 5.349
6.0 68.0 30.0:1.164 0.163 3.88,6.005 0.148 4.281
21.0 24.0 28.0:0.925 0.681 1.681
56.0 39.0 36.0:5.405 0.758 2.339
55.0 54.0 26.0:2.285 0.58 3.529
16.0 22.0 41.0:4.438 1.685 1.584
4.0 18.0 35.0:0.012 0.433 2.683
28.0 18.0 26.0:5.666 1.789 1.329
26.0 27.0 27.0:5.801 0.332 2.463,3.887 1.167 1.387
55.0 45.0 13.0:3.514 0.276 1.6
55.0 20.0 19.0:1.191 0.755 1.181
55.0 60.0 16.0:0.064 0.614 3.176
30.0 60.0 16.0:2.73 1.015 2.175
20.0 65.0 12.0:5.537 0.555 1.309
50.0 35.0 19.0:6.235 0.554 4.402
30.0 25.0 23.0:1.843 1.882 1.433
15.0 10.0 20.0:1.099 0.213 1.313
10.0 20.0 19.0:5.483 0.354 1.826
20.0 40.0 12.0:6.283 1.365 2.231
15.0 60.0 17.0:0.605 0.868 2.048
45.0 20.0 11.0:4.506 0.875 2.664
45.0 10.0 18.0:3.405 0.732 3.842
45.0 30.0 17.0:3.937 0.204 2.524
35.0 40.0 16.0:1.613 1.422 1.688
41.0 37.0 16.0:4.672 0.142 2.627,2.746 0.461 2.372
40.0 60.0 21.0:0.17 0.738 1.486
35.0 69.0 23.0:3.589 1.3 1.201
53.0 52.0 11.0:3.418 1.877 1.425
65.0 55.0 14.0:4.304 0.576 1.38
5.0 5.0 16.0:4.198 0.306 3.18,1.808 0.455 1.618
11.0 14.0 18.0:1.416 0.128 1.256
6.0 38.0 16.0:0.158 0.307 1.358
47.0 47.0 13.0:1.65 0.62 3.622,3.163 0.445 2.556
37.0 31.0 14.0:4.787 1.517 1.626
57.0 29.0 18.0:1.489 0.396 1.279,5.803 0.319 2.7
36.0 26.0 18.0:4.829 0.654 1.014
12.0 24.0 13.0:6.131 1.587 3.782
24.0 58.0 19.0:2.082 0.325 2.04
62.0 77.0 20.0:3.647 0.556 1.647,1.255 1.056 1.047
49.0 73.0 25.0:4.136 0.367 2.436,5.715 0.338 1.666
67.0 5.0 25.0:6.234 0.135 1.539
57.0 68.0 15.0:4.48 0.915 1.128
47.0 16.0 25.0:4.511 1.223 1.123
49.0 11.0 18.0:3.531 0.647 1.091,2.109 0.217 1.214
49.0 42.0 13.0:0.154 0.662 2.614
53.0 43.0 14.0:0.63 1.273 1.828
57.0 48.0 23.0:4.992 0.248 1.461
15.0 47.0 16.0:1.751 0.514 1.275
14.0 37.0 11.0:4.877 1.012 1.78
26.0 35.0 15.0:1.973 0.934 3.257,5.202 0.259 1.288
18.0 24.0 22.0:4.846 0.454 1.959
25.0 24.0 20.0:1.934 1.515 1.952
22.0 27.0 11.0:2.371 0.279 1.212,5.508 0.164 1.288
25.0 21.0 12.0:4.924 1.089 1.017
18.0 18.0 17.0:0.109 0.238 1.411
41.0 49.0 10.0:6.051 0.685 4.184
35.0 17.0 7.0:4.55 0.626 1.733
25.0 30.0 3.0:3.557 0.207 1.183,4.475 0.572 1.277
20.0 50.0 5.0:1.262 1.903 2.146
10.0 43.0 9.0:5.217 0.217 2.304,1.243 0.172 2.065
30.0 5.0 8.0:0.052 0.267 1.596
5.0 30.0 2.0:4.31 0.545 2.865
45.0 65.0 9.0:5.223 1.392 1.074
65.0 35.0 3.0:3.01 1.715 1.101
65.0 20.0 6.0:3.367 0.446 1.987,5.682 0.466 1.704
64.0 42.0 9.0:1.231 0.766 2.509
63.0 65.0 8.0:2.405 0.127 2.04
2.0 60.0 5.0:2.957 1.777 1.03
20.0 20.0 8.0:0.724 0.201 1.985,2.363 0.917 3.651
40.0 25.0 9.0:1.561 0.202 4.0
42.0 7.0 5.0:6.249 0.567 1.617
24.0 12.0 5.0:0.913 0.645 1.861,4.462 1.46 1.044
23.0 3.0 7.0:2.105 1.055 2.025,5.081 1.144 1.969
2.0 48.0 1.0:4.761 0.611 1.057,2.322 0.333 1.394
49.0 58.0 10.0:0.587 0.384 1.431,1.385 0.356 1.157
27.0 43.0 9.0:4.596 0.235 1.198,2.153 0.972 1.06
63.0 23.0 2.0:1.026 1.075 1.409
53.0 12.0 6.0:2.474 0.306 1.145,5.129 0.421 1.904
32.0 12.0 7.0:5.596 1.839 1.408
17.0 34.0 3.0:5.984 0.517 3.353
27.0 69.0 10.0:1.241 1.142 1.187
15.0 77.0 9.0:2.74 0.888 1.766,1.308 0.42 1.223
37.0 47.0 6.0:5.655 0.234 4.136,2.124 1.05 1.501,3.835 0.414 1.935
37.0 56.0 5.0:1.356 0.379 2.397,5.054 0.158 2.805
44.0 17.0 9.0:2.925 0.18 1.257
46.0 13.0 8.0:6.248 0.276 1.046
61.0 52.0 3.0:1.869 1.187 2.086
56.0 37.0 6.0:5.452 0.69 1.053,2.117 0.594 2.219
11.0 31.0 7.0:3.393 0.423 1.214
26.0 52.0 9.0:4.106 1.124 1.538
31.0 67.0 3.0:2.998 0.27 1.873
15.0 19.0 1.0:4.588 0.449 1.202
22.0 22.0 2.0:5.178 0.896 2.521,0.36 0.232 1.695
19.0 21.0 10.0:3.306 0.771 1.0,1.34 0.169 3.123
20.0 26.0 9.0:2.611 0.778 1.351