100, 1
35.000 35.000 0
35.000 35.000 0
15.0 30.0 26.0:6.149 1.384 2.155
55.0 5.0 29.0:1.411 0.174 4.126,0.847 0.233 1.703
31.0 52.0 27.0:5.118 0.701 2.144,3.768 0.524 1.4
60.0 12.0 31.0:3.153 1.465 1.95,5.271 0.199 2.087
8.0 56.0 27.0:0.282 0.695 2.116
13.0 52.0 36.0:3.138 0.439 1.196,1.083 0.267 1.721
6.0 68.0 30.0:2.025 0.313 2.872,5.174 0.184 1.422
21.0 24.0 28.0:4.919 0.184 2.174
56.0 39.0 36.0:5.105 1.113 1.799,1.206 0.386 1.04
55.0 54.0 26.0:1.047 1.236 1.109
16.0 22.0 41.0:0.793 1.532 1.338
4.0 18.0 35.0:1.259 1.913 4.096
28.0 18.0 26.0:3.805 0.816 1.308
26.0 27.0 27.0:2.077 1.329 2.31
55.0 45.0 13.0:4.715 0.469 1.959
55.0 20.0 19.0:0.971 0.921 1.42
55.0 60.0 16.0:5.831 1.76 1.067
30.0 60.0 16.0:2.78 0.669 1.149
20.0 65.0 12.0:2.385 1.727 1.812
50.0 35.0 19.0:5.346 1.735 1.538
30.0 25.0 23.0:1.645 1.074 2.42,5.174 0.365 3.046
15.0 10.0 20.0:1.522 0.39 4.071,0.675 0.266 1.973,2.324 0.41 2.92
10.0 20.0 19.0:6.021 0.766 3.059
20.0 40.0 12.0:6.245 0.127 2.321
15.0 60.0 17.0:1.456 1.747 2.438
45.0 20.0 11.0:4.171 0.219 5.636,1.541 1.324 1.623
45.0 10.0 18.0:5.977 0.25 2.324,2.289 0.634 4.108
45.0 30.0 17.0:1.368 0.176 2.012,2.96 0.243 3.919
35.0 40.0 16.0:1.597 1.788 1.031
41.0 37.0 16.0:2.882 1.137 1.113
40.0 60.0 21.0:5.515 0.606 2.218
35.0 69.0 23.0:3.336 0.485 3.597
53.0 52.0 11.0:1.51 1.021 1.593
65.0 55.0 14.0:0.771 0.581 1.79,4.511 0.645 3.192
5.0 5.0 16.0:2.367 0.449 1.754
11.0 14.0 18.0:1.217 0.42 1.108,4.457 0.382 1.687
6.0 38.0 16.0:2.033 1.998 4.481
47.0 47.0 13.0:0.209 1.734 2.374
37.0 31.0 14.0:2.414 0.974 2.549
57.0 29.0 18.0:4.459 0.274 1.704,1.985 0.343 2.742
36.0 26.0 18.0:0.252 0.719 1.771
12.0 24.0 13.0:3.264 0.402 1.894
24.0 58.0 19.0:3.014 0.296 1.143,4.721 0.944 1.226
62.0 77.0 20.0:2.194 1.541 1.037
49.0 73.0 25.0:4.04 0.867 2.157,2.244 0.712 1.396
67.0 5.0 25.0:4.474 1.424 1.513
57.0 68.0 15.0:1.929 1.819 1.589
47.0 16.0 25.0:0.801 1.699 1.081
49.0 11.0 18.0:4.126 0.309 1.16,2.647 0.2 1.874
49.0 42.0 13.0:3.154 0.223 1.032
53.0 43.0 14.0:0.418 1.761 1.807
57.0 48.0 23.0:2.651 1.248 1.412
15.0 47.0 16.0:2.142 1.881 1.857
14.0 37.0 11.0:4.113 0.206 2.179
26.0 35.0 15.0:2.65 0.322 1.017,3.406 0.282 1.005
18.0 24.0 22.0:4.112 0.188 2.846
25.0 24.0 20.0:2.009 0.301 1.466,5.596 0.407 2.138
22.0 27.0 11.0:1.545 0.222 1.459,3.888 0.486 2.161
25.0 21.0 12.0:4.192 1.294 1.183
18.0 18.0 17.0:1.929 0.651 1.118
41.0 49.0 10.0:3.314 0.277 1.242
35.0 17.0 7.0:3.279 0.971 2.363
25.0 30.0 3.0:1.26 1.266 2.504
20.0 50.0 5.0:5.563 1.163 1.077
10.0 43.0 9.0:3.608 1.588 3.389,5.736 0.213 1.437
30.0 5.0 8.0:6.143 0.187 2.766
5.0 30.0 2.0:2.785 0.327 1.209
45.0 65.0 9.0:4.968 0.841 3.917
65.0 35.0 3.0:0.113 1.032 1.328
65.0 20.0 6.0:6.194 0.655 1.102
64.0 42.0 9.0:4.412 1.907 1.095
63.0 65.0 8.0:4.436 0.178 1.43
2.0 60.0 5.0:3.21 1.873 1.34
20.0 20.0 8.0:0.955 0.242 3.35
40.0 25.0 9.0:6.191 0.289 1.5
42.0 7.0 5.0:5.904 0.731 4.687
24.0 12.0 5.0:5.503 0.507 1.123,2.075 1.563 1.737
23.0 3.0 7.0:0.049 0.496 2.733
2.0 48.0 1.0:3.445 0.296 1.414
49.0 58.0 10.0:1.611 1.227 1.274
27.0 43.0 9.0:5.795 1.405 2.013
63.0 23.0 2.0:0.827 0.21 1.137
53.0 12.0 6.0:4.984 0.29 1.901,0.364 0.137 1.123
32.0 12.0 7.0:1.754 1.481 3.311
17.0 34.0 3.0:3.19 0.792 1.772
27.0 69.0 10.0:2.032 1.949 2.402
15.0 77.0 9.0:2.104 1.096 1.11
37.0 47.0 6.0:0.569 0.622 1.283
37.0 56.0 5.0:2.717 0.311 1.818
44.0 17.0 9.0:1.948 0.529 5.543,0.639 0.236 1.664
46.0 13.0 8.0:3.029 0.279 1.603,6.097 0.168 3.062,2.147 0.246 1.534
61.0 52.0 3.0:3.356 1.697 1.186
56.0 37.0 6.0:2.478 0.14 3.132
11.0 31.0 7.0:1.737 1.117 1.556,4.209 0.131 1.064
26.0 52.0 9.0:1.007 0.235 1.779
31.0 67.0 3.0:1.926 0.5 1.235
15.0 19.0 1.0:1.759 1.918 1.642
22.0 22.0 2.0:1.127 0.834 2.699
19.0 21.0 10.0:4.918 0.747 2.207
20.0 26.0 9.0:5.323 1.069 1.92