100 1
35.000 35.000 0
35.000 35.000 0
15.0 30.0 26.0:1.113 0.429 3.021,4.359 0.351 2.134,2.761 0.144 1.404
55.0 5.0 29.0:2.638 1.274 1.604
31.0 52.0 27.0:6.032 1.054 2.018
60.0 12.0 31.0:3.23 0.132 1.525,4.399 0.504 1.334
8.0 56.0 27.0:4.509 0.567 2.514,5.514 0.199 1.387
13.0 52.0 36.0:4.549 1.134 2.696,1.682 0.507 3.569
6.0 68.0 30.0:5.273 1.762 1.446
21.0 24.0 28.0:0.616 1.742 1.571
56.0 39.0 36.0:0.485 1.186 2.443
55.0 54.0 26.0:0.355 0.747 1.679
16.0 22.0 41.0:2.969 1.243 1.116,1.252 0.338 1.046
4.0 18.0 35.0:3.954 0.206 1.489,1.801 1.424 2.057
28.0 18.0 26.0:6.101 1.162 2.676
26.0 27.0 27.0:2.266 0.149 2.554
55.0 45.0 13.0:1.148 0.163 1.544,4.234 0.496 1.3
55.0 20.0 19.0:0.4 0.889 3.286
55.0 60.0 16.0:3.608 0.904 6.896
30.0 60.0 16.0:0.528 1.331 1.256
20.0 65.0 12.0:4.816 0.598 1.99,1.202 0.817 1.171
50.0 35.0 19.0:3.105 1.389 1.253,0.819 0.304 2.377
30.0 25.0 23.0:3.432 0.282 2.2
15.0 10.0 20.0:5.626 0.82 2.061
10.0 20.0 19.0:1.481 0.226 1.396,3.042 0.729 1.155
20.0 40.0 12.0:1.145 0.668 2.199,3.673 0.308 2.35
15.0 60.0 17.0:0.892 1.793 1.699
45.0 20.0 11.0:0.264 1.169 1.267
45.0 10.0 18.0:4.439 1.505 2.124
45.0 30.0 17.0:2.177 1.556 1.469
35.0 40.0 16.0:0.174 1.987 4.569
41.0 37.0 16.0:3.567 0.898 1.101
40.0 60.0 21.0:3.627 0.237 1.862
35.0 69.0 23.0:5.793 0.754 2.306
53.0 52.0 11.0:5.714 0.581 2.557
65.0 55.0 14.0:1.377 0.189 1.53
5.0 5.0 16.0:0.967 0.228 1.133,3.206 0.779 1.541
11.0 14.0 18.0:3.297 0.949 1.298
6.0 38.0 16.0:4.867 0.314 1.064
47.0 47.0 13.0:0.19 0.588 1.467
37.0 31.0 14.0:2.767 1.751 1.566
57.0 29.0 18.0:0.79 0.607 2.187
36.0 26.0 18.0:0.414 0.225 1.215,2.939 0.491 1.401
12.0 24.0 13.0:3.279 0.143 2.419,2.231 0.72 2.406
24.0 58.0 19.0:1.243 1.11 2.454
62.0 77.0 20.0:5.538 1.805 1.509
49.0 73.0 25.0:4.228 1.554 3.07
67.0 5.0 25.0:5.007 1.584 2.812
57.0 68.0 15.0:2.258 0.342 1.181
47.0 16.0 25.0:4.091 0.99 1.061,1.724 0.266 1.079
49.0 11.0 18.0:2.472 0.959 2.914
49.0 42.0 13.0:4.226 0.311 1.148
53.0 43.0 14.0:1.466 1.523 1.647
57.0 48.0 23.0:5.95 0.75 1.221
15.0 47.0 16.0:2.082 0.835 1.979
14.0 37.0 11.0:1.353 0.63 1.226
26.0 35.0 15.0:2.919 0.54 2.663,5.492 0.681 2.344
18.0 24.0 22.0:0.21 1.277 1.394
25.0 24.0 20.0:5.251 0.991 1.487,0.856 0.595 1.232
22.0 27.0 11.0:4.987 1.136 3.099
25.0 21.0 12.0:1.257 0.399 2.087
18.0 18.0 17.0:1.283 0.234 1.615,0.237 0.144 1.045
41.0 49.0 10.0:2.787 2.01 3.151
35.0 17.0 7.0:5.798 1.491 2.859
25.0 30.0 3.0:5.126 1.538 1.256
20.0 50.0 5.0:5.079 0.225 2.706,1.82 0.332 2.069
10.0 43.0 9.0:4.551 0.376 1.185
30.0 5.0 8.0:1.189 0.163 2.257
5.0 30.0 2.0:3.488 1.337 8.991,5.799 0.256 2.663
45.0 65.0 9.0:4.272 1.248 1.131
65.0 35.0 3.0:3.309 0.287 2.569
65.0 20.0 6.0:1.563 0.188 1.087
64.0 42.0 9.0:4.768 0.138 2.941
63.0 65.0 8.0:4.463 0.557 3.485
2.0 60.0 5.0:2.793 0.324 1.105
20.0 20.0 8.0:6.08 0.908 3.303
40.0 25.0 9.0:1.064 0.254 1.588
42.0 7.0 5.0:1.25 0.647 1.782,3.904 0.653 1.356
24.0 12.0 5.0:5.735 0.995 3.271
23.0 3.0 7.0:1.82 1.522 1.378,4.522 0.38 1.344
2.0 48.0 1.0:3.499 0.626 1.052
49.0 58.0 10.0:2.308 0.175 1.463
27.0 43.0 9.0:1.001 0.227 2.691
63.0 23.0 2.0:1.675 1.685 1.08
53.0 12.0 6.0:0.924 0.388 2.973,2.47 0.936 1.524
32.0 12.0 7.0:2.09 1.332 1.479
17.0 34.0 3.0:0.626 0.401 4.454,5.418 0.843 2.236
27.0 69.0 10.0:5.981 1.876 1.358
15.0 77.0 9.0:0.451 0.365 1.463,5.437 0.821 1.017
37.0 47.0 6.0:4.119 1.435 1.751,2.206 0.474 1.077
37.0 56.0 5.0:1.509 0.536 2.088,3.326 0.383 1.846
44.0 17.0 9.0:4.68 1.622 2.575
46.0 13.0 8.0:0.544 1.782 1.399
61.0 52.0 3.0:4.273 0.906 2.068,2.117 0.175 1.181
56.0 37.0 6.0:4.988 0.277 2.978,3.152 1.006 4.041
11.0 31.0 7.0:0.068 0.406 2.275
26.0 52.0 9.0:1.108 1.449 2.18
31.0 67.0 3.0:1.675 1.876 1.651
15.0 19.0 1.0:6.052 0.853 1.545
22.0 22.0 2.0:0.391 0.432 1.07
19.0 21.0 10.0:3.791 0.928 1.898
20.0 26.0 9.0:1.819 0.365 1.196