100 1
35.000 35.000 0
35.000 35.000 0
15.0 30.0 26.0:2.144 0.849 1.953,0.488 0.454 1.102
55.0 5.0 29.0:5.423 0.727 1.138,3.224 0.952 1.226
31.0 52.0 27.0:3.397 1.113 1.626
60.0 12.0 31.0:3.364 0.906 2.839
8.0 56.0 27.0:0.708 0.185 3.523,3.889 1.915 1.45
13.0 52.0 36.0:5.324 0.881 2.533
6.0 68.0 30.0:0.184 0.896 1.115
21.0 24.0 28.0:4.616 0.837 1.784
56.0 39.0 36.0:1.98 1.047 1.731
55.0 54.0 26.0:1.226 0.623 2.05
16.0 22.0 41.0:3.502 1.45 1.322,1.095 0.527 2.736,5.265 0.235 2.64
4.0 18.0 35.0:6.056 0.261 1.251
28.0 18.0 26.0:2.956 1.408 1.449,1.12 0.39 1.211
26.0 27.0 27.0:2.571 0.744 1.694
55.0 45.0 13.0:1.791 1.49 1.585,4.237 0.577 1.522
55.0 20.0 19.0:0.982 0.372 1.218
55.0 60.0 16.0:3.1 0.189 1.395
30.0 60.0 16.0:5.758 0.831 1.243
20.0 65.0 12.0:5.233 1.463 8.041
50.0 35.0 19.0:2.59 1.687 1.487
30.0 25.0 23.0:2.779 0.753 2.571
15.0 10.0 20.0:5.987 0.613 3.017
10.0 20.0 19.0:5.732 0.88 1.001
20.0 40.0 12.0:4.572 0.136 1.36,3.31 0.271 1.771
15.0 60.0 17.0:5.758 0.223 2.012,2.971 0.268 1.163
45.0 20.0 11.0:0.772 0.257 2.379
45.0 10.0 18.0:3.267 1.873 2.748
45.0 30.0 17.0:4.927 0.679 3.113,3.077 0.426 2.195
35.0 40.0 16.0:2.323 0.436 1.33
41.0 37.0 16.0:0.936 0.309 1.527
40.0 60.0 21.0:5.383 0.516 1.883
35.0 69.0 23.0:4.042 1.681 2.076,1.784 0.144 1.09
53.0 52.0 11.0:3.135 0.282 1.436
65.0 55.0 14.0:1.559 0.136 1.613
5.0 5.0 16.0:4.491 0.234 1.48
11.0 14.0 18.0:3.938 0.661 2.054,5.647 0.548 2.552
6.0 38.0 16.0:0.057 0.41 2.693
47.0 47.0 13.0:6.101 0.562 1.056
37.0 31.0 14.0:2.009 1.961 1.218
57.0 29.0 18.0:2.442 1.642 1.949
36.0 26.0 18.0:0.685 0.148 4.791,5.376 0.726 1.474
12.0 24.0 13.0:3.387 0.368 1.47
24.0 58.0 19.0:5.193 1.548 1.924
62.0 77.0 20.0:6.122 0.956 1.537
49.0 73.0 25.0:1.017 0.38 1.016,2.889 1.331 2.236
67.0 5.0 25.0:2.484 1.841 1.078
57.0 68.0 15.0:4.293 0.672 1.243
47.0 16.0 25.0:3.811 1.071 3.587
49.0 11.0 18.0:6.163 1.81 2.384
49.0 42.0 13.0:0.705 0.574 1.385,3.77 0.189 3.133
53.0 43.0 14.0:3.901 0.614 1.711
57.0 48.0 23.0:1.576 0.13 1.416
15.0 47.0 16.0:0.321 1.417 1.739
14.0 37.0 11.0:3.419 0.416 2.298
26.0 35.0 15.0:0.364 1.587 1.92
18.0 24.0 22.0:5.946 1.224 1.06
25.0 24.0 20.0:5.41 0.436 6.059
22.0 27.0 11.0:1.449 1.874 3.014
25.0 21.0 12.0:6.094 0.932 1.193
18.0 18.0 17.0:0.507 0.182 1.384
41.0 49.0 10.0:2.993 1.738 3.346
35.0 17.0 7.0:6.03 0.352 1.398
25.0 30.0 3.0:0.858 0.732 1.048
20.0 50.0 5.0:2.092 1.453 1.077
10.0 43.0 9.0:0.253 0.241 4.649,4.068 0.346 1.367
30.0 5.0 8.0:2.105 1.383 2.74
5.0 30.0 2.0:2.475 0.553 2.146
45.0 65.0 9.0:6.162 0.854 1.15
65.0 35.0 3.0:2.609 0.246 2.665,3.373 0.39 1.598
65.0 20.0 6.0:1.271 0.925 2.076,4.943 0.251 1.561
64.0 42.0 9.0:4.282 0.674 1.022,2.353 0.488 2.464
63.0 65.0 8.0:0.969 0.352 2.208,2.697 0.386 1.736
2.0 60.0 5.0:5.483 0.853 1.377
20.0 20.0 8.0:1.611 1.722 2.848
40.0 25.0 9.0:2.243 0.336 1.281,3.623 1.004 1.416
42.0 7.0 5.0:5.887 0.144 1.858,5.226 0.304 1.61
24.0 12.0 5.0:1.026 1.512 1.06
23.0 3.0 7.0:1.519 0.436 1.819
2.0 48.0 1.0:2.173 0.171 2.683,0.767 0.166 2.783
49.0 58.0 10.0:1.321 1.379 2.15
27.0 43.0 9.0:5.345 0.34 1.332,0.528 0.199 1.588
63.0 23.0 2.0:3.867 1.109 3.562
53.0 12.0 6.0:3.273 1.111 2.548
32.0 12.0 7.0:0.937 0.674 1.28
17.0 34.0 3.0:5.823 0.392 2.201
27.0 69.0 10.0:0.508 1.71 4.368
15.0 77.0 9.0:3.286 0.174 1.139
37.0 47.0 6.0:4.705 0.223 1.732
37.0 56.0 5.0:1.13 0.531 1.992,2.812 0.192 2.133
44.0 17.0 9.0:2.806 0.447 1.924,1.465 0.138 1.563
46.0 13.0 8.0:3.929 2.003 1.247
61.0 52.0 3.0:1.175 0.455 1.036
56.0 37.0 6.0:3.109 1.249 1.437,5.298 0.77 2.435
11.0 31.0 7.0:2.093 1.768 1.195
26.0 52.0 9.0:0.89 0.263 1.36
31.0 67.0 3.0:1.083 1.723 2.078
15.0 19.0 1.0:5.539 0.162 1.013
22.0 22.0 2.0:1.586 0.789 1.154
19.0 21.0 10.0:5.273 1.341 1.221
20.0 26.0 9.0:4.039 1.422 1.39