100, 1
35.000 35.000 0
35.000 35.000 0
15.0 30.0 26.0:2.343 0.256 1.016,4.383 0.795 1.1
55.0 5.0 29.0:5.627 1.801 1.306
31.0 52.0 27.0:2.182 1.521 1.311,3.993 0.275 1.092
60.0 12.0 31.0:4.98 0.908 1.089,2.388 1.072 2.371
8.0 56.0 27.0:4.915 1.176 1.3
13.0 52.0 36.0:1.43 0.191 1.102
6.0 68.0 30.0:3.704 0.149 1.139
21.0 24.0 28.0:0.667 0.672 1.183
56.0 39.0 36.0:5.647 1.333 2.062
55.0 54.0 26.0:3.948 0.189 1.434
16.0 22.0 41.0:5.947 1.451 1.147
4.0 18.0 35.0:3.463 0.815 1.714
28.0 18.0 26.0:3.746 1.479 4.009
26.0 27.0 27.0:4.393 0.562 3.345
55.0 45.0 13.0:4.42 1.227 1.675
55.0 20.0 19.0:1.07 1.512 2.758
55.0 60.0 16.0:0.826 1.535 1.592
30.0 60.0 16.0:0.099 0.319 1.076
20.0 65.0 12.0:4.075 1.295 2.074
50.0 35.0 19.0:2.228 1.89 2.393,5.028 0.346 1.437
30.0 25.0 23.0:0.246 1.035 1.646
15.0 10.0 20.0:4.453 1.763 2.392
10.0 20.0 19.0:2.751 0.882 1.376
20.0 40.0 12.0:4.296 0.665 1.835,1.373 0.476 1.354
15.0 60.0 17.0:4.383 1.745 1.564
45.0 20.0 11.0:0.514 1.426 1.013
45.0 10.0 18.0:0.056 0.334 2.218
45.0 30.0 17.0:5.258 1.201 2.276
35.0 40.0 16.0:5.318 0.805 1.36,1.85 0.199 1.722
41.0 37.0 16.0:1.788 1.912 1.412
40.0 60.0 21.0:2.524 0.202 1.398
35.0 69.0 23.0:4.708 1.135 1.156,1.831 1.213 1.35
53.0 52.0 11.0:2.004 0.208 2.739
65.0 55.0 14.0:2.967 1.171 2.136
5.0 5.0 16.0:3.639 0.364 1.282
11.0 14.0 18.0:0.575 0.34 1.165,4.298 0.247 3.648
6.0 38.0 16.0:1.999 0.603 3.197
47.0 47.0 13.0:6.23 0.151 1.379
37.0 31.0 14.0:3.916 0.467 1.838,1.815 0.331 2.011,5.731 0.549 1.111
57.0 29.0 18.0:4.789 0.702 1.179
36.0 26.0 18.0:3.227 1.015 1.313
12.0 24.0 13.0:5.352 0.305 1.098,3.155 1.206 4.177
24.0 58.0 19.0:0.189 1.149 1.165
62.0 77.0 20.0:1.003 0.25 1.714
49.0 73.0 25.0:5.813 0.606 2.514
67.0 5.0 25.0:2.481 0.555 4.656
57.0 68.0 15.0:0.281 0.137 1.579
47.0 16.0 25.0:1.343 0.599 1.79
49.0 11.0 18.0:1.287 0.815 3.098
49.0 42.0 13.0:5.791 0.847 4.706
53.0 43.0 14.0:0.167 0.809 1.102
57.0 48.0 23.0:4.723 0.755 1.215
15.0 47.0 16.0:2.984 0.129 1.016,4.231 1.11 2.133
14.0 37.0 11.0:3.205 0.408 2.436
26.0 35.0 15.0:4.872 0.647 2.467
18.0 24.0 22.0:0.118 0.16 5.074
25.0 24.0 20.0:0.817 0.311 1.114,5.816 0.164 1.257
22.0 27.0 11.0:1.74 0.135 1.847
25.0 21.0 12.0:4.856 0.674 1.21
18.0 18.0 17.0:2.657 1.967 1.42
41.0 49.0 10.0:2.677 0.671 6.256
35.0 17.0 7.0:3.279 0.139 2.129
25.0 30.0 3.0:0.129 0.424 1.499
20.0 50.0 5.0:3.289 1.415 1.942,5.883 0.228 1.426
10.0 43.0 9.0:3.106 1.684 3.392
30.0 5.0 8.0:2.694 0.167 2.472,3.389 0.382 1.587,1.781 0.329 2.947
5.0 30.0 2.0:5.507 0.284 1.115,0.703 0.538 2.668
45.0 65.0 9.0:0.222 1.16 1.112
65.0 35.0 3.0:1.842 1.714 1.449
65.0 20.0 6.0:4.824 1.263 1.882,1.832 0.587 2.056
64.0 42.0 9.0:4.03 0.764 1.203
63.0 65.0 8.0:2.373 0.462 1.149
2.0 60.0 5.0:0.15 1.918 1.21
20.0 20.0 8.0:4.9 1.846 2.065
40.0 25.0 9.0:2.222 0.167 2.334
42.0 7.0 5.0:0.98 1.287 1.636
24.0 12.0 5.0:3.322 0.556 1.167
23.0 3.0 7.0:2.72 1.012 2.235
2.0 48.0 1.0:0.362 0.449 3.389
49.0 58.0 10.0:3.661 0.415 1.484
27.0 43.0 9.0:0.727 1.879 3.13
63.0 23.0 2.0:3.307 0.513 2.474,2.008 0.252 1.016
53.0 12.0 6.0:2.287 1.797 2.477
32.0 12.0 7.0:5.672 1.254 1.246
17.0 34.0 3.0:6.045 0.371 3.235
27.0 69.0 10.0:5.21 1.309 4.044
15.0 77.0 9.0:1.914 1.96 1.34
37.0 47.0 6.0:4.044 0.982 2.805
37.0 56.0 5.0:5.866 0.453 1.16
44.0 17.0 9.0:4.896 1.694 2.184
46.0 13.0 8.0:6.161 0.479 1.63
61.0 52.0 3.0:1.242 0.646 1.976,3.559 0.245 2.046
56.0 37.0 6.0:2.028 1.196 1.9
11.0 31.0 7.0:5.122 0.607 4.365,0.216 0.198 2.072,1.556 0.283 1.503
26.0 52.0 9.0:3.18 0.595 2.506,1.241 0.453 1.38
31.0 67.0 3.0:2.382 0.144 1.407
15.0 19.0 1.0:5.934 0.219 1.061,2.834 0.289 2.582,4.676 0.745 3.448
22.0 22.0 2.0:2.892 1.775 3.634
19.0 21.0 10.0:5.712 1.945 1.075
20.0 26.0 9.0:3.487 0.293 5.744