100 1
35.000 35.000 0
35.000 35.000 0
15.0 30.0 26.0:3.594 0.557 2.012
55.0 5.0 29.0:1.191 1.809 1.694
31.0 52.0 27.0:0.231 1.761 1.254
60.0 12.0 31.0:1.295 0.273 2.946,4.507 1.597 1.678
8.0 56.0 27.0:1.538 1.658 2.476
13.0 52.0 36.0:1.346 0.608 1.36,5.115 0.153 2.962
6.0 68.0 30.0:0.062 1.129 2.636
21.0 24.0 28.0:4.649 0.161 1.08,2.481 0.406 1.315
56.0 39.0 36.0:5.049 0.151 4.254,3.773 0.161 1.018
55.0 54.0 26.0:1.512 1.51 2.007
16.0 22.0 41.0:0.966 0.335 1.37,4.56 0.967 2.921
4.0 18.0 35.0:4.825 0.252 1.102,2.181 0.253 6.643,0.827 0.55 1.623
28.0 18.0 26.0:1.445 1.799 2.571
26.0 27.0 27.0:0.103 1.823 1.259
55.0 45.0 13.0:3.175 1.017 1.844,5.402 0.269 3.161
55.0 20.0 19.0:4.104 0.569 2.609
55.0 60.0 16.0:3.703 1.903 1.421
30.0 60.0 16.0:4.191 1.179 2.131
20.0 65.0 12.0:1.01 0.824 4.658,2.667 0.385 2.51
50.0 35.0 19.0:4.781 1.377 1.026
30.0 25.0 23.0:4.449 1.784 1.566
15.0 10.0 20.0:5.731 0.267 4.268,1.515 0.647 2.381
10.0 20.0 19.0:4.554 0.977 1.678
20.0 40.0 12.0:1.743 0.132 1.288,4.167 1.454 2.957
15.0 60.0 17.0:0.139 1.289 3.482
45.0 20.0 11.0:1.897 1.402 1.332,3.824 0.285 1.829
45.0 10.0 18.0:4.836 1.944 1.143
45.0 30.0 17.0:1.57 1.064 1.477
35.0 40.0 16.0:2.338 1.755 1.155
41.0 37.0 16.0:3.324 0.291 1.528
40.0 60.0 21.0:2.008 0.636 1.681
35.0 69.0 23.0:4.435 0.757 1.171
53.0 52.0 11.0:4.053 0.446 1.184,1.558 0.223 1.733
65.0 55.0 14.0:4.609 1.642 1.027
5.0 5.0 16.0:2.265 0.539 1.482,5.371 0.512 1.89
11.0 14.0 18.0:1.879 0.357 1.129
6.0 38.0 16.0:1.977 0.201 1.112
47.0 47.0 13.0:4.115 0.352 1.12,1.639 1.056 1.58
37.0 31.0 14.0:2.925 1.767 1.018
57.0 29.0 18.0:2.864 1.158 1.572
36.0 26.0 18.0:5.565 0.439 4.279,1.871 0.38 1.563
12.0 24.0 13.0:1.078 0.605 3.718
24.0 58.0 19.0:4.694 0.987 1.209,1.527 1.396 1.116
62.0 77.0 20.0:0.52 1.277 1.175
49.0 73.0 25.0:1.552 0.404 2.236
67.0 5.0 25.0:0.458 0.134 1.248
57.0 68.0 15.0:0.497 1.05 2.579
47.0 16.0 25.0:6.019 0.969 4.347
49.0 11.0 18.0:4.709 0.53 2.45,3.699 0.468 1.148
49.0 42.0 13.0:3.046 0.45 2.741
53.0 43.0 14.0:2.956 0.211 3.65
57.0 48.0 23.0:1.255 0.399 1.506
15.0 47.0 16.0:2.987 0.474 2.489
14.0 37.0 11.0:1.704 1.083 1.702,4.187 0.964 2.02
26.0 35.0 15.0:3.167 0.555 2.011,1.255 0.214 1.906
18.0 24.0 22.0:2.723 0.806 1.791
25.0 24.0 20.0:3.442 0.761 1.757
22.0 27.0 11.0:4.881 0.383 1.976
25.0 21.0 12.0:3.307 0.583 1.433
18.0 18.0 17.0:1.957 0.458 2.4
41.0 49.0 10.0:2.487 0.754 1.135
35.0 17.0 7.0:6.108 0.712 1.547
25.0 30.0 3.0:5.584 1.819 1.847
20.0 50.0 5.0:1.574 1.814 1.78
10.0 43.0 9.0:2.154 1.103 5.886,5.618 0.249 2.098
30.0 5.0 8.0:1.718 0.348 1.941
5.0 30.0 2.0:5.081 0.452 1.356
45.0 65.0 9.0:4.84 0.821 2.743
65.0 35.0 3.0:2.031 1.65 1.321
65.0 20.0 6.0:2.702 0.275 2.474
64.0 42.0 9.0:1.463 1.618 2.269
63.0 65.0 8.0:2.262 0.618 1.732
2.0 60.0 5.0:4.7 0.723 1.518,3.38 0.53 1.602
20.0 20.0 8.0:0.72 0.49 2.119
40.0 25.0 9.0:5.863 1.63 2.008
42.0 7.0 5.0:0.447 0.842 1.061
24.0 12.0 5.0:3.049 1.602 1.166
23.0 3.0 7.0:5.598 1.776 1.607
2.0 48.0 1.0:5.277 0.164 1.136
49.0 58.0 10.0:3.467 0.576 1.191,0.494 0.403 1.599
27.0 43.0 9.0:1.748 1.784 2.894
63.0 23.0 2.0:2.432 0.502 3.041
53.0 12.0 6.0:2.538 0.511 2.337
32.0 12.0 7.0:4.016 0.373 1.038
17.0 34.0 3.0:2.026 0.556 1.137,3.554 0.475 1.189
27.0 69.0 10.0:5.223 0.617 2.249,3.182 0.192 1.153
15.0 77.0 9.0:0.481 1.783 1.228
37.0 47.0 6.0:3.804 0.337 1.439
37.0 56.0 5.0:2.132 0.233 2.191
44.0 17.0 9.0:3.084 0.927 2.344,5.954 0.175 2.216
46.0 13.0 8.0:1.406 1.401 1.452
61.0 52.0 3.0:5.227 0.218 2.834,2.648 1.691 2.518
56.0 37.0 6.0:4.708 0.919 5.781,2.504 0.517 1.081
11.0 31.0 7.0:3.878 1.795 2.246
26.0 52.0 9.0:5.218 1.118 2.454
31.0 67.0 3.0:2.656 1.886 2.128
15.0 19.0 1.0:0.247 0.931 1.077
22.0 22.0 2.0:5.244 1.987 3.238
19.0 21.0 10.0:5.241 0.962 2.012
20.0 26.0 9.0:0.75 0.176 2.433,4.256 0.294 2.097