100 1
35.000 35.000 0
35.000 35.000 0
15.0 30.0 26.0:3.767 1.463 3.401
55.0 5.0 29.0:5.78 0.169 2.666
31.0 52.0 27.0:1.77 1.266 1.434
60.0 12.0 31.0:0.264 0.697 2.148
8.0 56.0 27.0:3.13 0.377 1.149
13.0 52.0 36.0:4.449 0.255 1.543,5.395 0.177 1.633,2.964 0.411 1.947
6.0 68.0 30.0:2.707 1.263 1.177
21.0 24.0 28.0:3.437 0.343 1.191,2.142 0.475 2.347
56.0 39.0 36.0:5.19 1.68 2.155
55.0 54.0 26.0:3.857 0.635 1.597
16.0 22.0 41.0:2.611 0.708 1.656
4.0 18.0 35.0:5.766 1.273 3.284
28.0 18.0 26.0:4.631 1.423 3.891
26.0 27.0 27.0:3.897 0.179 1.671
55.0 45.0 13.0:1.719 0.135 1.344,4.078 0.554 1.699
55.0 20.0 19.0:3.752 0.332 1.059,6.008 0.227 2.806
55.0 60.0 16.0:4.534 0.207 4.02
30.0 60.0 16.0:0.72 1.949 1.657
20.0 65.0 12.0:5.769 0.615 5.03
50.0 35.0 19.0:3.586 0.793 1.321
30.0 25.0 23.0:6.055 1.283 1.441
15.0 10.0 20.0:2.604 0.763 1.685
10.0 20.0 19.0:4.005 1.602 2.603
20.0 40.0 12.0:1.522 1.171 2.115
15.0 60.0 17.0:0.222 1.815 1.057
45.0 20.0 11.0:0.375 0.447 1.361
45.0 10.0 18.0:3.917 1.354 1.366
45.0 30.0 17.0:4.964 0.432 1.368
35.0 40.0 16.0:3.155 0.496 1.095
41.0 37.0 16.0:1.451 0.192 3.315
40.0 60.0 21.0:6.227 0.317 2.367
35.0 69.0 23.0:5.433 0.77 2.541
53.0 52.0 11.0:0.253 0.157 1.848,4.559 0.612 2.25
65.0 55.0 14.0:4.753 0.853 2.696,0.895 0.878 1.95
5.0 5.0 16.0:2.657 1.573 3.643
11.0 14.0 18.0:1.718 0.254 1.194
6.0 38.0 16.0:5.643 0.772 1.371
47.0 47.0 13.0:6.173 1.143 1.785
37.0 31.0 14.0:1.548 0.156 1.82
57.0 29.0 18.0:5.202 1.745 2.047
36.0 26.0 18.0:2.033 1.207 1.181,5.172 1.085 1.774
12.0 24.0 13.0:1.219 0.728 1.747,3.595 1.453 1.559
24.0 58.0 19.0:5.025 0.913 1.549,2.173 0.408 1.175
62.0 77.0 20.0:5.733 0.354 1.136,2.078 0.635 1.097
49.0 73.0 25.0:2.12 0.624 1.036
67.0 5.0 25.0:3.384 1.096 2.143
57.0 68.0 15.0:4.419 0.722 1.14
47.0 16.0 25.0:3.372 0.266 1.395
49.0 11.0 18.0:5.803 0.326 2.396,2.649 1.009 1.931
49.0 42.0 13.0:3.589 0.272 1.139
53.0 43.0 14.0:6.17 0.364 3.507
57.0 48.0 23.0:1.879 0.891 1.095
15.0 47.0 16.0:5.945 0.582 1.008
14.0 37.0 11.0:4.906 0.942 1.059
26.0 35.0 15.0:2.065 0.779 1.555
18.0 24.0 22.0:4.996 0.63 1.054
25.0 24.0 20.0:0.705 0.513 1.002,3.717 1.344 2.746
22.0 27.0 11.0:3.975 0.821 1.034
25.0 21.0 12.0:5.633 0.128 1.118,0.337 0.178 1.869
18.0 18.0 17.0:5.422 0.828 2.524,3.001 0.326 1.792
41.0 49.0 10.0:3.981 0.567 5.588
35.0 17.0 7.0:0.529 0.366 1.661,5.791 0.395 1.383
25.0 30.0 3.0:1.772 1.182 4.137,5.146 0.424 2.695
20.0 50.0 5.0:1.769 0.837 1.099
10.0 43.0 9.0:3.705 1.012 3.768
30.0 5.0 8.0:4.803 0.135 1.288
5.0 30.0 2.0:2.773 0.216 1.546
45.0 65.0 9.0:2.429 0.147 1.463
65.0 35.0 3.0:1.929 0.964 1.991,3.046 0.131 1.251
65.0 20.0 6.0:0.753 1.736 1.563
64.0 42.0 9.0:1.317 0.211 2.552,4.05 1.31 1.933
63.0 65.0 8.0:4.433 1.832 2.58
2.0 60.0 5.0:4.726 1.174 1.448,1.414 0.203 1.091
20.0 20.0 8.0:1.838 0.137 1.0,3.547 1.338 1.269
40.0 25.0 9.0:0.703 1.71 1.189
42.0 7.0 5.0:1.389 1.443 1.032
24.0 12.0 5.0:2.354 0.365 1.607
23.0 3.0 7.0:1.612 0.527 2.93
2.0 48.0 1.0:3.299 1.653 1.388
49.0 58.0 10.0:0.771 0.268 1.343
27.0 43.0 9.0:1.687 1.186 3.062
63.0 23.0 2.0:1.509 0.673 1.179
53.0 12.0 6.0:4.667 0.597 3.283
32.0 12.0 7.0:4.057 0.5 2.11,2.608 0.208 2.705
17.0 34.0 3.0:4.668 1.612 1.081
27.0 69.0 10.0:5.911 1.837 1.823
15.0 77.0 9.0:2.894 0.737 1.279,0.853 0.198 1.224
37.0 47.0 6.0:4.137 0.839 1.713,1.785 0.341 1.166
37.0 56.0 5.0:2.728 1.471 2.579,5.453 0.34 10.915
44.0 17.0 9.0:5.052 0.959 1.007,3.585 0.361 2.259
46.0 13.0 8.0:0.029 1.931 1.09
61.0 52.0 3.0:3.559 0.853 1.656
56.0 37.0 6.0:0.222 0.18 1.006,5.733 0.254 1.016
11.0 31.0 7.0:0.016 1.516 2.845
26.0 52.0 9.0:0.559 0.442 4.14,2.517 0.96 2.538
31.0 67.0 3.0:3.722 1.112 1.853
15.0 19.0 1.0:3.234 1.535 1.022,0.645 0.49 1.049
22.0 22.0 2.0:3.971 1.186 2.576,1.504 0.576 3.746
19.0 21.0 10.0:0.487 0.767 1.773
20.0 26.0 9.0:1.743 0.144 1.774,3.195 0.143 1.982