100 1
35.000 35.000 0
35.000 35.000 0
15.0 30.0 26.0:3.229 1.362 4.646
55.0 5.0 29.0:3.187 1.644 1.66
31.0 52.0 27.0:5.449 0.965 1.041
60.0 12.0 31.0:2.016 0.17 3.328,0.659 0.323 1.667
8.0 56.0 27.0:3.063 0.49 1.985
13.0 52.0 36.0:0.014 0.824 1.446
6.0 68.0 30.0:4.485 1.742 3.304
21.0 24.0 28.0:4.174 0.327 1.036
56.0 39.0 36.0:6.068 0.564 1.154
55.0 54.0 26.0:0.099 0.719 1.133
16.0 22.0 41.0:3.517 0.524 2.752,1.656 1.062 1.175,5.223 0.654 3.872
4.0 18.0 35.0:1.677 0.889 1.478
28.0 18.0 26.0:4.023 1.318 2.062
26.0 27.0 27.0:2.955 1.633 1.08
55.0 45.0 13.0:3.704 0.219 3.29,0.815 0.283 1.014
55.0 20.0 19.0:4.728 1.103 1.99
55.0 60.0 16.0:1.862 1.852 2.606
30.0 60.0 16.0:0.856 1.548 1.286
20.0 65.0 12.0:3.463 1.942 1.907
50.0 35.0 19.0:4.393 1.89 1.464
30.0 25.0 23.0:1.335 1.216 1.187,4.581 0.768 2.732
15.0 10.0 20.0:2.837 0.244 2.781
10.0 20.0 19.0:2.807 0.2 1.74
20.0 40.0 12.0:0.099 1.014 1.064
15.0 60.0 17.0:1.241 0.187 2.045,3.261 0.259 2.335
45.0 20.0 11.0:3.761 0.167 2.611
45.0 10.0 18.0:1.381 0.534 1.735,4.723 0.157 2.753
45.0 30.0 17.0:3.917 0.986 1.499
35.0 40.0 16.0:2.989 0.495 3.468
41.0 37.0 16.0:2.751 1.17 1.568
40.0 60.0 21.0:3.557 0.438 2.047,1.875 1.202 3.387
35.0 69.0 23.0:5.71 1.321 1.028
53.0 52.0 11.0:2.709 0.195 2.559
65.0 55.0 14.0:0.082 0.132 1.236
5.0 5.0 16.0:4.425 1.109 1.494
11.0 14.0 18.0:3.698 1.574 1.09
6.0 38.0 16.0:1.788 0.14 4.408
47.0 47.0 13.0:5.541 0.509 1.096
37.0 31.0 14.0:2.524 1.325 2.212,0.559 0.442 1.156
57.0 29.0 18.0:2.004 0.334 1.1
36.0 26.0 18.0:2.893 1.104 2.152,5.179 0.734 2.136
12.0 24.0 13.0:3.639 0.204 1.242,1.47 1.171 1.144
24.0 58.0 19.0:0.958 0.48 5.776
62.0 77.0 20.0:0.201 0.361 2.596
49.0 73.0 25.0:3.916 1.754 1.233
67.0 5.0 25.0:3.565 1.357 1.721,0.659 0.28 2.076
57.0 68.0 15.0:3.858 0.709 1.304
47.0 16.0 25.0:1.688 1.671 1.697
49.0 11.0 18.0:4.393 1.887 2.841,0.585 0.149 1.538
49.0 42.0 13.0:4.239 1.943 1.603
53.0 43.0 14.0:1.003 0.25 1.714
57.0 48.0 23.0:5.813 0.232 1.502,2.506 0.31 1.458
15.0 47.0 16.0:1.124 0.509 1.166,6.121 0.162 1.014
14.0 37.0 11.0:3.621 0.338 1.229
26.0 35.0 15.0:3.239 0.914 2.488
18.0 24.0 22.0:5.791 1.951 1.174
25.0 24.0 20.0:6.129 1.002 1.629
22.0 27.0 11.0:0.602 0.167 2.143
25.0 21.0 12.0:3.041 0.739 3.316
18.0 18.0 17.0:1.213 0.49 3.095
41.0 49.0 10.0:2.984 1.289 2.119
35.0 17.0 7.0:0.029 1.621 2.071
25.0 30.0 3.0:0.101 0.805 2.494
20.0 50.0 5.0:0.118 0.16 5.074
10.0 43.0 9.0:0.817 1.785 3.6
30.0 5.0 8.0:1.201 0.164 1.497,3.497 0.22 1.257
5.0 30.0 2.0:1.74 1.394 2.482
45.0 65.0 9.0:1.155 0.384 2.511
65.0 35.0 3.0:6.191 0.406 2.408
65.0 20.0 6.0:2.154 0.357 2.967,4.085 0.652 1.133
64.0 42.0 9.0:2.746 1.156 1.549
63.0 65.0 8.0:3.279 1.008 1.021
2.0 60.0 5.0:5.468 0.295 3.754,2.468 0.83 1.787
20.0 20.0 8.0:4.933 0.715 1.426
40.0 25.0 9.0:3.106 0.342 1.56,5.573 0.607 1.333
42.0 7.0 5.0:0.318 0.382 1.231
24.0 12.0 5.0:4.842 0.683 2.947
23.0 3.0 7.0:5.507 0.224 1.806,0.724 0.284 1.441
2.0 48.0 1.0:0.685 0.402 2.668
49.0 58.0 10.0:0.222 0.218 1.303,4.269 0.444 3.279
27.0 43.0 9.0:2.653 1.371 1.489
63.0 23.0 2.0:4.03 0.21 1.671
53.0 12.0 6.0:5.968 0.572 2.597
32.0 12.0 7.0:0.15 0.309 3.887
17.0 34.0 3.0:2.222 0.167 2.334
27.0 69.0 10.0:0.98 1.544 1.026
15.0 77.0 9.0:2.957 0.895 2.138
37.0 47.0 6.0:3.322 1.523 1.567,1.449 0.268 1.371
37.0 56.0 5.0:2.335 1.229 1.034
44.0 17.0 9.0:0.362 0.689 1.557
46.0 13.0 8.0:5.707 0.949 1.318
61.0 52.0 3.0:2.411 0.228 1.933,4.485 0.212 3.13
56.0 37.0 6.0:3.307 0.252 1.453,2.139 0.138 3.621
11.0 31.0 7.0:5.904 1.728 2.272
26.0 52.0 9.0:1.368 0.239 2.045
31.0 67.0 3.0:1.506 1.701 2.767
15.0 19.0 1.0:4.666 0.734 1.567
22.0 22.0 2.0:1.914 1.08 2.247
19.0 21.0 10.0:5.866 0.453 1.16
20.0 26.0 9.0:4.896 1.377 3.211