100 1
35.000 35.000 0
35.000 35.000 0
15.0 30.0 26.0:0.745 1.504 1.067
55.0 5.0 29.0:3.546 1.577 2.188
31.0 52.0 27.0:5.192 0.481 1.692
60.0 12.0 31.0:0.402 0.602 2.049
8.0 56.0 27.0:3.243 0.146 1.92
13.0 52.0 36.0:5.049 1.823 2.15
6.0 68.0 30.0:5.362 1.756 1.938
21.0 24.0 28.0:0.771 0.25 1.753
56.0 39.0 36.0:1.799 0.755 1.404
55.0 54.0 26.0:1.797 0.763 1.018,4.623 0.242 1.992
16.0 22.0 41.0:5.621 1.79 1.352
4.0 18.0 35.0:0.914 1.794 1.538
28.0 18.0 26.0:1.275 0.343 1.686,3.888 0.61 1.295
26.0 27.0 27.0:4.752 0.473 1.031
55.0 45.0 13.0:5.363 1.062 1.28
55.0 20.0 19.0:1.747 1.274 1.558,4.554 0.848 2.913
55.0 60.0 16.0:4.414 0.425 1.251,5.654 0.355 2.097
30.0 60.0 16.0:3.258 0.904 1.349
20.0 65.0 12.0:4.664 1.188 1.247
50.0 35.0 19.0:1.858 1.85 4.646,5.745 0.515 2.915
30.0 25.0 23.0:1.694 0.84 3.686,3.92 1.041 1.285
15.0 10.0 20.0:1.879 1.209 1.043,3.364 0.149 1.427
10.0 20.0 19.0:5.701 0.352 1.148,3.585 1.501 1.531
20.0 40.0 12.0:3.89 1.615 2.246
15.0 60.0 17.0:0.378 0.459 3.36
45.0 20.0 11.0:4.641 1.725 2.104
45.0 10.0 18.0:4.011 1.234 1.09,1.652 0.248 1.567
45.0 30.0 17.0:5.044 0.748 3.856
35.0 40.0 16.0:2.175 0.304 2.276,1.277 0.132 1.045
41.0 37.0 16.0:0.991 0.667 1.637
40.0 60.0 21.0:3.218 0.924 1.012
35.0 69.0 23.0:1.998 0.307 2.566
53.0 52.0 11.0:2.224 1.49 1.952,4.568 0.605 1.385,0.42 0.134 1.935
65.0 55.0 14.0:1.168 1.369 2.347
5.0 5.0 16.0:5.674 0.906 2.576
11.0 14.0 18.0:6.212 1.181 1.75
6.0 38.0 16.0:5.155 0.266 1.39
47.0 47.0 13.0:3.618 0.544 1.457
37.0 31.0 14.0:5.8 1.145 2.282
57.0 29.0 18.0:4.77 0.442 1.57
36.0 26.0 18.0:1.512 1.357 1.256,3.887 0.625 1.172
12.0 24.0 13.0:2.679 1.333 1.898
24.0 58.0 19.0:2.279 1.34 1.285
62.0 77.0 20.0:6.073 1.452 1.966
49.0 73.0 25.0:5.9 1.524 3.008
67.0 5.0 25.0:1.541 1.14 1.454,4.059 0.188 3.428
57.0 68.0 15.0:5.849 1.206 1.165
47.0 16.0 25.0:3.476 0.249 1.588,4.765 0.168 1.019
49.0 11.0 18.0:2.793 1.924 2.168
49.0 42.0 13.0:4.113 0.8 2.865,2.107 0.482 3.549,5.395 0.214 1.12
53.0 43.0 14.0:4.914 1.631 1.008
57.0 48.0 23.0:4.875 0.755 1.44,1.025 0.348 1.004
15.0 47.0 16.0:4.092 1.097 1.061
14.0 37.0 11.0:4.631 1.11 1.631
26.0 35.0 15.0:5.017 1.063 1.064
18.0 24.0 22.0:4.753 0.244 2.073
25.0 24.0 20.0:4.019 0.625 2.744,1.448 1.209 1.566
22.0 27.0 11.0:3.834 0.195 1.433
25.0 21.0 12.0:0.372 1.086 1.612
18.0 18.0 17.0:4.295 1.677 1.108
41.0 49.0 10.0:0.149 1.52 4.087
35.0 17.0 7.0:2.071 0.26 1.201,4.776 0.481 3.561
25.0 30.0 3.0:0.608 0.216 1.63,1.669 0.327 1.315
20.0 50.0 5.0:1.986 1.686 1.675
10.0 43.0 9.0:1.101 1.229 2.223
30.0 5.0 8.0:4.129 0.408 4.444
5.0 30.0 2.0:5.91 0.486 1.308
45.0 65.0 9.0:4.167 1.055 3.489,0.976 0.199 1.02
65.0 35.0 3.0:5.757 0.226 1.011,1.188 0.8 3.015
65.0 20.0 6.0:3.772 0.646 1.39
64.0 42.0 9.0:3.305 0.721 1.419
63.0 65.0 8.0:3.453 1.988 1.051
2.0 60.0 5.0:4.119 0.777 1.579
20.0 20.0 8.0:4.154 1.511 1.058
40.0 25.0 9.0:1.312 0.816 2.971,3.44 1.057 1.608
42.0 7.0 5.0:3.432 0.67 1.173
24.0 12.0 5.0:3.243 1.548 3.962,5.777 0.207 1.188
23.0 3.0 7.0:1.901 1.485 6.032
2.0 48.0 1.0:6.194 0.45 1.633
49.0 58.0 10.0:3.622 0.475 1.056
27.0 43.0 9.0:0.129 1.237 1.107
63.0 23.0 2.0:5.529 0.273 1.031
53.0 12.0 6.0:4.689 0.377 2.37
32.0 12.0 7.0:5.771 0.284 1.292,3.715 1.15 5.289
17.0 34.0 3.0:0.021 0.424 1.142
27.0 69.0 10.0:4.035 0.358 1.055
15.0 77.0 9.0:5.367 1.813 2.985
37.0 47.0 6.0:0.715 0.98 1.336
37.0 56.0 5.0:3.734 1.113 2.852
44.0 17.0 9.0:2.249 0.148 4.962
46.0 13.0 8.0:4.807 0.587 4.865
61.0 52.0 3.0:4.261 0.348 1.281,1.765 0.348 1.262
56.0 37.0 6.0:4.848 1.273 2.958,1.091 0.223 1.181
11.0 31.0 7.0:4.256 0.268 1.902
26.0 52.0 9.0:0.837 0.522 2.84,4.389 0.864 1.789
31.0 67.0 3.0:2.23 0.415 1.435
15.0 19.0 1.0:3.007 0.545 1.255
22.0 22.0 2.0:2.108 0.69 3.336
19.0 21.0 10.0:0.301 0.337 1.203
20.0 26.0 9.0:0.566 0.405 1.13,3.431 1.226 1.867