100 1
35.000 35.000 0
35.000 35.000 0
15.0 30.0 26.0:3.566 0.212 1.075
55.0 5.0 29.0:6.166 1.954 4.261
31.0 52.0 27.0:1.462 1.011 4.069,4.853 0.275 1.565
60.0 12.0 31.0:4.727 0.219 1.542
8.0 56.0 27.0:0.051 0.7 1.142
13.0 52.0 36.0:5.211 1.443 2.859
6.0 68.0 30.0:5.733 0.71 1.694
21.0 24.0 28.0:6.127 0.263 1.894
56.0 39.0 36.0:5.79 0.141 1.481
55.0 54.0 26.0:4.356 0.392 1.325
16.0 22.0 41.0:3.17 0.441 1.534
4.0 18.0 35.0:0.287 1.618 1.314
28.0 18.0 26.0:0.334 1.615 1.629
26.0 27.0 27.0:4.426 0.47 1.426,1.145 0.295 1.112
55.0 45.0 13.0:4.023 1.863 1.759
55.0 20.0 19.0:4.071 1.323 4.019
55.0 60.0 16.0:0.638 0.505 1.497
30.0 60.0 16.0:2.189 0.144 2.076
20.0 65.0 12.0:4.436 0.649 2.648,6.086 0.153 1.109
50.0 35.0 19.0:6.204 1.362 1.524
30.0 25.0 23.0:3.561 0.162 1.331
15.0 10.0 20.0:5.999 1.67 2.536
10.0 20.0 19.0:0.894 0.287 1.453,3.264 1.588 1.345
20.0 40.0 12.0:2.99 1.925 1.288
15.0 60.0 17.0:3.676 0.359 1.843
45.0 20.0 11.0:4.896 1.321 1.011
45.0 10.0 18.0:0.594 0.315 2.594,4.68 1.004 2.112
45.0 30.0 17.0:0.944 0.249 1.082,2.042 0.192 2.023,4.898 0.815 2.593
35.0 40.0 16.0:2.842 0.708 2.282
41.0 37.0 16.0:4.73 0.746 3.59
40.0 60.0 21.0:2.671 0.474 1.594
35.0 69.0 23.0:1.208 0.175 1.495,4.416 1.153 2.163
53.0 52.0 11.0:1.409 0.144 1.613
65.0 55.0 14.0:4.786 0.816 1.713
5.0 5.0 16.0:3.142 1.739 4.212
11.0 14.0 18.0:1.41 1.742 1.783
6.0 38.0 16.0:0.327 0.261 2.119,4.985 1.149 2.431
47.0 47.0 13.0:3.211 0.204 3.246
37.0 31.0 14.0:4.64 0.783 1.792
57.0 29.0 18.0:0.367 0.866 3.378
36.0 26.0 18.0:3.755 1.584 1.083
12.0 24.0 13.0:0.482 0.526 1.187
24.0 58.0 19.0:2.826 1.074 1.709
62.0 77.0 20.0:1.068 0.639 1.971,4.491 0.537 2.413
49.0 73.0 25.0:3.81 1.068 1.083
67.0 5.0 25.0:0.288 0.146 1.99,3.917 1.012 1.201
57.0 68.0 15.0:4.835 1.072 3.528,1.133 0.506 1.052
47.0 16.0 25.0:2.963 1.903 3.022
49.0 11.0 18.0:0.787 1.639 1.569
49.0 42.0 13.0:0.552 0.343 1.892,3.942 0.471 5.943
53.0 43.0 14.0:0.843 1.62 4.507
57.0 48.0 23.0:0.968 1.546 2.027
15.0 47.0 16.0:0.623 0.477 1.206,1.962 0.647 1.304
14.0 37.0 11.0:5.746 0.189 1.798
26.0 35.0 15.0:4.313 1.051 1.163,1.073 0.397 1.54
18.0 24.0 22.0:4.201 0.497 2.143
25.0 24.0 20.0:1.966 0.333 1.632
22.0 27.0 11.0:3.929 0.144 1.694,6.101 0.16 2.578
25.0 21.0 12.0:2.446 0.209 1.386
18.0 18.0 17.0:5.665 1.655 1.826
41.0 49.0 10.0:0.858 0.304 1.647,3.237 0.498 1.369
35.0 17.0 7.0:4.668 1.405 1.824
25.0 30.0 3.0:4.4 0.945 1.731,1.607 0.624 1.757
20.0 50.0 5.0:5.6 1.21 2.95
10.0 43.0 9.0:2.45 0.353 1.727
30.0 5.0 8.0:4.261 0.52 2.497
5.0 30.0 2.0:5.698 0.163 1.228,2.407 0.2 1.808
45.0 65.0 9.0:2.599 0.81 3.13
65.0 35.0 3.0:4.634 0.907 2.276
65.0 20.0 6.0:2.678 0.37 1.564
64.0 42.0 9.0:4.991 1.034 3.214,2.099 0.485 1.215,0.935 0.627 1.928
63.0 65.0 8.0:0.453 1.527 1.225
2.0 60.0 5.0:3.207 1.177 2.956
20.0 20.0 8.0:1.899 0.658 3.729
40.0 25.0 9.0:5.693 1.263 1.665
42.0 7.0 5.0:1.71 0.904 1.796
24.0 12.0 5.0:0.052 0.523 2.153
23.0 3.0 7.0:3.896 1.325 1.088
2.0 48.0 1.0:2.558 1.392 1.628,0.624 0.367 1.986,5.515 0.76 1.402
49.0 58.0 10.0:6.088 0.526 1.716
27.0 43.0 9.0:5.751 0.369 4.41,3.09 0.293 2.843
63.0 23.0 2.0:5.738 1.283 1.87
53.0 12.0 6.0:4.116 0.24 1.357
32.0 12.0 7.0:1.138 1.204 4.075
17.0 34.0 3.0:0.429 1.045 1.62
27.0 69.0 10.0:0.142 1.956 2.829
15.0 77.0 9.0:4.6 1.4 1.353
37.0 47.0 6.0:1.767 0.323 1.625,3.254 0.829 1.218
37.0 56.0 5.0:0.974 0.712 1.777
44.0 17.0 9.0:3.182 0.863 6.441,6.006 0.268 1.004
46.0 13.0 8.0:5.651 0.517 2.815,2.171 0.807 1.721
61.0 52.0 3.0:2.339 0.418 1.207,0.97 0.152 1.489
56.0 37.0 6.0:2.566 0.178 1.038
11.0 31.0 7.0:4.679 0.331 1.068
26.0 52.0 9.0:1.895 0.364 3.537
31.0 67.0 3.0:5.541 0.447 1.484,1.509 0.723 1.715
15.0 19.0 1.0:1.137 0.894 1.172,5.209 0.737 1.572
22.0 22.0 2.0:0.03 0.69 3.885
19.0 21.0 10.0:4.77 0.836 1.642,3.063 0.778 4.293
20.0 26.0 9.0:1.903 0.754 1.999