100, 1
35.000 35.000 0
35.000 35.000 0
15.0 30.0 26.0:0.638 0.505 1.497
55.0 5.0 29.0:2.189 0.463 3.067,5.215 0.144 4.4
31.0 52.0 27.0:4.141 0.746 1.1
60.0 12.0 31.0:2.666 0.153 2.616
8.0 56.0 27.0:6.204 1.362 1.524
13.0 52.0 36.0:3.561 0.206 1.014
6.0 68.0 30.0:1.771 0.151 1.782
21.0 24.0 28.0:5.999 1.789 1.488
56.0 39.0 36.0:4.931 1.624 1.733
55.0 54.0 26.0:5.351 0.55 1.345
16.0 22.0 41.0:2.99 1.925 1.288
4.0 18.0 35.0:3.676 0.359 1.843
28.0 18.0 26.0:4.896 0.134 2.366
26.0 27.0 27.0:1.221 0.442 2.112,3.826 1.445 2.432
55.0 45.0 13.0:0.944 1.401 1.082
55.0 20.0 19.0:0.495 0.698 2.398
55.0 60.0 16.0:2.671 0.69 2.213
30.0 60.0 16.0:0.374 0.592 1.254
20.0 65.0 12.0:3.849 0.709 2.495
50.0 35.0 19.0:4.786 1.254 3.15
30.0 25.0 23.0:3.244 1.769 1.886
15.0 10.0 20.0:3.142 1.627 5.108
10.0 20.0 19.0:6.03 0.55 1.785
20.0 40.0 12.0:4.904 0.245 2.577,3.413 0.168 1.743
15.0 60.0 17.0:0.925 1.146 1.715
45.0 20.0 11.0:4.437 1.299 2.607
45.0 10.0 18.0:0.367 0.817 1.781
45.0 30.0 17.0:1.153 1.741 1.028
35.0 40.0 16.0:3.755 1.584 1.083
41.0 37.0 16.0:0.482 1.477 2.031
40.0 60.0 21.0:1.073 1.452 2.025
35.0 69.0 23.0:1.068 0.639 1.971,4.491 0.537 2.413
53.0 52.0 11.0:3.81 1.068 1.083
65.0 55.0 14.0:0.288 1.277 1.949
5.0 5.0 16.0:3.948 1.687 1.199
11.0 14.0 18.0:2.11 0.733 1.134
6.0 38.0 16.0:5.47 1.195 2.972
47.0 47.0 13.0:0.552 0.155 1.374,3.942 0.343 1.576
37.0 31.0 14.0:3.708 0.247 1.167
57.0 29.0 18.0:0.623 0.477 1.206,1.962 0.647 1.304
36.0 26.0 18.0:5.746 0.189 1.798
12.0 24.0 13.0:4.313 0.287 1.214
24.0 58.0 19.0:0.946 1.135 1.375
62.0 77.0 20.0:3.405 0.532 4.539
49.0 73.0 25.0:0.15 0.133 2.578
67.0 5.0 25.0:2.446 1.725 5.981
57.0 68.0 15.0:0.858 0.814 3.715
47.0 16.0 25.0:1.161 0.742 2.358
49.0 11.0 18.0:3.398 0.905 6.254
49.0 42.0 13.0:4.4 0.624 3.219,1.607 0.821 2.207
53.0 43.0 14.0:2.45 0.818 4.058
57.0 48.0 23.0:2.167 0.779 1.081
15.0 47.0 16.0:5.698 0.348 1.092,2.407 0.163 2.099
14.0 37.0 11.0:1.279 0.631 1.719,3.482 0.171 2.407
26.0 35.0 15.0:5.537 1.297 1.826
18.0 24.0 22.0:4.53 1.782 1.272
25.0 24.0 20.0:4.991 0.263 1.388,2.099 1.034 1.53
22.0 27.0 11.0:5.597 0.186 1.819,1.217 0.388 1.225,3.799 1.527 1.153
25.0 21.0 12.0:3.207 1.177 2.956
18.0 18.0 17.0:1.899 0.658 3.729
41.0 49.0 10.0:5.693 1.97 2.286
35.0 17.0 7.0:5.24 0.415 1.144,3.051 0.469 1.796
25.0 30.0 3.0:0.052 1.164 1.968
20.0 50.0 5.0:4.084 0.136 1.105
10.0 43.0 9.0:4.877 0.76 1.986,1.487 0.724 1.402
30.0 5.0 8.0:6.088 0.806 4.254
5.0 30.0 2.0:1.493 0.293 1.04
45.0 65.0 9.0:5.738 1.283 1.87
65.0 35.0 3.0:4.116 0.24 1.357
65.0 20.0 6.0:1.138 1.794 1.071
64.0 42.0 9.0:3.944 0.716 1.023,1.921 0.562 1.895
63.0 65.0 8.0:2.197 1.14 1.499
2.0 60.0 5.0:5.211 1.387 1.73
20.0 20.0 8.0:3.284 0.317 3.703
40.0 25.0 9.0:4.121 0.571 2.064
42.0 7.0 5.0:3.394 1.998 3.296,0.966 0.129 1.419
24.0 12.0 5.0:3.214 1.549 1.721
23.0 3.0 7.0:2.339 0.269 2.8,5.58 0.418 1.034
2.0 48.0 1.0:1.175 0.622 3.064,4.604 0.735 1.038,2.43 0.178 1.624
49.0 58.0 10.0:4.679 0.331 1.068
27.0 43.0 9.0:1.895 1.67 1.35
63.0 23.0 2.0:2.409 0.299 1.811
53.0 12.0 6.0:0.994 1.504 2.262
32.0 12.0 7.0:2.813 1.38 3.475
17.0 34.0 3.0:4.77 0.836 1.642,3.063 0.778 4.293
27.0 69.0 10.0:1.903 1.478 1.355,3.97 0.454 1.605
15.0 77.0 9.0:4.392 0.943 3.304,1.203 0.413 2.404
37.0 47.0 6.0:5.011 0.224 1.116,2.197 0.326 5.249
37.0 56.0 5.0:4.316 0.198 1.941
44.0 17.0 9.0:5.754 0.893 1.015
46.0 13.0 8.0:3.508 0.547 4.234,5.856 0.177 1.391
61.0 52.0 3.0:5.47 1.552 2.506
56.0 37.0 6.0:6.101 1.851 1.653
11.0 31.0 7.0:1.957 0.234 1.707
26.0 52.0 9.0:0.848 1.764 1.169
31.0 67.0 3.0:2.043 1.401 1.01
15.0 19.0 1.0:2.89 0.146 1.628
22.0 22.0 2.0:2.021 0.677 1.673
19.0 21.0 10.0:0.518 1.065 2.65
20.0 26.0 9.0:0.478 1.939 1.631