100, 1
35.000 35.000 0
35.000 35.000 0
15.0 30.0 26.0:3.162 0.719 1.84,4.497 0.154 1.833
55.0 5.0 29.0:3.982 0.221 1.591
31.0 52.0 27.0:0.565 1.083 2.26
60.0 12.0 31.0:5.174 1.188 1.006
8.0 56.0 27.0:2.879 1.71 4.046
13.0 52.0 36.0:2.737 0.463 1.14
6.0 68.0 30.0:4.74 1.331 1.609
21.0 24.0 28.0:6.236 0.44 1.178
56.0 39.0 36.0:0.272 0.515 2.38
55.0 54.0 26.0:3.148 0.981 2.309
16.0 22.0 41.0:0.921 0.447 1.94
4.0 18.0 35.0:4.409 0.817 3.922
28.0 18.0 26.0:0.074 0.357 4.408
26.0 27.0 27.0:4.425 0.682 2.778,1.338 0.562 3.754
55.0 45.0 13.0:4.703 0.885 1.282
55.0 20.0 19.0:6.26 0.98 2.221
55.0 60.0 16.0:0.86 0.723 2.051
30.0 60.0 16.0:1.809 1.248 1.527
20.0 65.0 12.0:6.032 1.267 1.505
50.0 35.0 19.0:2.148 0.645 1.806
30.0 25.0 23.0:4.057 0.253 1.638,5.66 0.38 1.294
15.0 10.0 20.0:3.896 1.575 5.861
10.0 20.0 19.0:5.425 1.93 1.102
20.0 40.0 12.0:3.996 0.9 1.906
15.0 60.0 17.0:2.583 0.646 3.497
45.0 20.0 11.0:0.133 1.749 1.117
45.0 10.0 18.0:0.922 1.932 1.232
45.0 30.0 17.0:5.454 1.107 1.105
35.0 40.0 16.0:1.835 1.71 1.57
41.0 37.0 16.0:0.633 0.633 1.373
40.0 60.0 21.0:1.315 1.11 5.585
35.0 69.0 23.0:3.501 0.828 1.864,1.032 0.431 3.415
53.0 52.0 11.0:5.976 1.027 1.945
65.0 55.0 14.0:6.119 0.62 3.188
5.0 5.0 16.0:3.015 0.424 1.491
11.0 14.0 18.0:1.091 1.116 1.025
6.0 38.0 16.0:4.491 0.996 3.712
47.0 47.0 13.0:0.387 1.419 2.032
37.0 31.0 14.0:0.377 0.382 1.91
57.0 29.0 18.0:5.886 0.781 1.177
36.0 26.0 18.0:4.883 1.123 1.834
12.0 24.0 13.0:2.791 0.782 1.888
24.0 58.0 19.0:0.053 0.201 1.604
62.0 77.0 20.0:0.498 1.374 1.225
49.0 73.0 25.0:1.653 1.187 3.033
67.0 5.0 25.0:0.268 0.24 1.538
57.0 68.0 15.0:4.927 0.782 3.473,2.117 0.861 1.201
47.0 16.0 25.0:3.075 0.464 2.16
49.0 11.0 18.0:0.52 1.007 2.341
49.0 42.0 13.0:0.19 1.666 1.74
53.0 43.0 14.0:4.166 0.349 1.106
57.0 48.0 23.0:3.22 0.719 4.934
15.0 47.0 16.0:5.267 0.338 3.955
14.0 37.0 11.0:0.084 0.452 2.093
26.0 35.0 15.0:4.729 1.137 2.888
18.0 24.0 22.0:0.477 1.039 1.973
25.0 24.0 20.0:0.347 0.309 2.604
22.0 27.0 11.0:5.683 1.671 1.185
25.0 21.0 12.0:3.357 1.721 1.396
18.0 18.0 17.0:5.309 1.698 1.559
41.0 49.0 10.0:3.597 1.888 1.879
35.0 17.0 7.0:1.512 1.685 1.112
25.0 30.0 3.0:4.37 0.354 1.051
20.0 50.0 5.0:0.013 0.357 1.896
10.0 43.0 9.0:1.568 1.284 1.641
30.0 5.0 8.0:4.422 1.147 1.673
5.0 30.0 2.0:0.076 0.317 1.834
45.0 65.0 9.0:2.284 0.322 3.348
65.0 35.0 3.0:6.171 0.233 1.396
65.0 20.0 6.0:3.701 0.205 2.025
64.0 42.0 9.0:4.204 1.446 1.261
63.0 65.0 8.0:5.171 0.191 1.707
2.0 60.0 5.0:3.336 0.916 4.943
20.0 20.0 8.0:5.578 1.735 4.193
40.0 25.0 9.0:0.609 1.606 2.65
42.0 7.0 5.0:4.711 0.822 3.369
24.0 12.0 5.0:5.833 0.182 4.219,4.023 0.186 1.789
23.0 3.0 7.0:2.037 0.706 2.995
2.0 48.0 1.0:0.603 0.302 1.097,3.519 0.968 1.42
49.0 58.0 10.0:2.207 1.902 1.293,4.895 0.557 1.536
27.0 43.0 9.0:6.082 0.163 1.322,4.711 0.457 1.732,2.265 1.231 2.478
63.0 23.0 2.0:3.869 0.234 1.495,5.774 0.252 1.519
53.0 12.0 6.0:5.386 0.195 1.905
32.0 12.0 7.0:1.954 1.559 1.234
17.0 34.0 3.0:4.707 0.137 5.89,3.505 0.209 1.348
27.0 69.0 10.0:4.547 1.786 2.451
15.0 77.0 9.0:0.456 0.983 2.313
37.0 47.0 6.0:1.47 0.163 1.167,5.426 0.488 1.234,3.59 0.263 1.447
37.0 56.0 5.0:4.342 0.356 2.816,2.258 0.569 1.212
44.0 17.0 9.0:4.339 0.515 2.591
46.0 13.0 8.0:5.089 0.675 2.862,3.539 0.159 2.644
61.0 52.0 3.0:5.055 1.03 1.199,2.196 1.259 5.435
56.0 37.0 6.0:3.173 0.316 2.969
11.0 31.0 7.0:0.369 0.527 1.29
26.0 52.0 9.0:0.306 1.707 2.336
31.0 67.0 3.0:0.846 1.63 1.711
15.0 19.0 1.0:1.358 1.328 1.407
22.0 22.0 2.0:2.252 0.813 4.996
19.0 21.0 10.0:4.255 1.014 1.313
20.0 26.0 9.0:0.875 1.679 2.232