100, 1
35.000 35.000 0
35.000 35.000 0
15.0 30.0 26.0:1.892 0.462 1.659
55.0 5.0 29.0:5.236 1.825 3.528
31.0 52.0 27.0:2.287 0.666 1.275,4.487 0.762 1.029
60.0 12.0 31.0:3.212 1.408 4.132,5.58 0.679 1.209
8.0 56.0 27.0:2.795 0.174 2.047
13.0 52.0 36.0:0.308 0.407 1.864
6.0 68.0 30.0:1.94 1.818 2.8,4.542 0.427 1.192
21.0 24.0 28.0:2.374 0.444 2.733,4.589 0.889 3.516
56.0 39.0 36.0:0.104 0.559 3.156
55.0 54.0 26.0:5.412 0.225 1.596
16.0 22.0 41.0:3.902 1.253 1.581
4.0 18.0 35.0:2.851 1.778 3.163
28.0 18.0 26.0:0.224 1.479 1.02
26.0 27.0 27.0:4.725 1.403 1.162
55.0 45.0 13.0:2.825 0.32 1.141,1.828 0.492 4.362,5.232 0.834 1.683
55.0 20.0 19.0:1.319 0.194 1.296,4.61 0.259 2.198
55.0 60.0 16.0:6.001 0.85 1.302
30.0 60.0 16.0:1.45 1.808 2.528
20.0 65.0 12.0:0.438 1.264 1.871
50.0 35.0 19.0:5.8 0.524 1.042
30.0 25.0 23.0:3.777 0.83 1.389
15.0 10.0 20.0:4.421 0.726 1.678,1.946 1.576 2.075
10.0 20.0 19.0:3.386 0.503 1.551,1.847 0.633 1.786
20.0 40.0 12.0:2.722 1.068 1.184
15.0 60.0 17.0:0.312 1.737 1.082
45.0 20.0 11.0:3.786 1.059 2.28,0.609 0.517 1.159
45.0 10.0 18.0:6.181 0.534 2.539
45.0 30.0 17.0:2.301 0.268 1.029
35.0 40.0 16.0:5.659 1.303 5.064
41.0 37.0 16.0:4.029 0.709 1.061,2.341 0.457 2.958
40.0 60.0 21.0:5.704 0.809 1.863
35.0 69.0 23.0:1.731 1.225 2.978
53.0 52.0 11.0:2.828 0.959 2.06,4.326 0.424 1.552
65.0 55.0 14.0:1.221 0.185 1.438
5.0 5.0 16.0:2.211 1.076 2.2,4.045 0.338 1.796
11.0 14.0 18.0:5.35 1.744 1.511
6.0 38.0 16.0:1.168 1.077 1.712
47.0 47.0 13.0:1.66 0.881 2.738
37.0 31.0 14.0:0.769 1.415 1.177
57.0 29.0 18.0:1.888 0.647 3.812
36.0 26.0 18.0:2.315 1.529 2.439
12.0 24.0 13.0:5.803 1.221 5.712
24.0 58.0 19.0:0.249 0.227 1.708
62.0 77.0 20.0:2.127 1.125 3.473
49.0 73.0 25.0:1.254 0.989 1.291,2.635 0.297 1.145
67.0 5.0 25.0:4.007 0.543 1.917
57.0 68.0 15.0:1.535 0.389 4.294
47.0 16.0 25.0:0.876 0.81 1.933
49.0 11.0 18.0:3.834 1.028 2.598,1.577 0.431 1.382
49.0 42.0 13.0:4.202 0.481 1.346
53.0 43.0 14.0:1.93 0.223 1.906,5.155 0.248 1.369
57.0 48.0 23.0:0.773 0.435 2.935,4.106 1.839 1.71
15.0 47.0 16.0:2.098 0.681 1.24
14.0 37.0 11.0:2.729 0.522 2.018
26.0 35.0 15.0:6.093 0.909 1.117
18.0 24.0 22.0:5.176 0.55 1.115,1.327 0.379 1.501
25.0 24.0 20.0:5.518 1.875 2.524
22.0 27.0 11.0:4.591 0.356 1.855
25.0 21.0 12.0:3.425 0.219 1.127
18.0 18.0 17.0:3.99 0.503 1.129
41.0 49.0 10.0:3.676 1.722 4.386
35.0 17.0 7.0:3.433 0.555 2.225,1.191 0.509 2.263
25.0 30.0 3.0:2.78 0.188 1.079,3.46 0.433 1.423
20.0 50.0 5.0:5.673 0.78 2.471
10.0 43.0 9.0:5.931 1.326 1.101
30.0 5.0 8.0:0.85 1.204 1.412
5.0 30.0 2.0:6.243 0.166 1.952
45.0 65.0 9.0:3.974 1.714 1.655
65.0 35.0 3.0:3.482 1.013 1.513
65.0 20.0 6.0:3.08 0.179 1.015,1.47 0.535 1.591
64.0 42.0 9.0:2.937 1.427 3.497
63.0 65.0 8.0:1.272 0.315 1.154
2.0 60.0 5.0:1.541 1.292 2.076,4.583 1.598 1.502
20.0 20.0 8.0:4.257 0.417 2.707
40.0 25.0 9.0:3.09 1.995 1.071
42.0 7.0 5.0:5.753 1.44 3.467
24.0 12.0 5.0:5.866 1.13 1.068
23.0 3.0 7.0:1.466 0.288 2.358
2.0 48.0 1.0:2.613 0.388 3.581
49.0 58.0 10.0:5.247 1.699 1.067
27.0 43.0 9.0:2.604 0.174 1.502,1.428 0.863 1.992
63.0 23.0 2.0:1.771 0.506 2.862,3.536 0.825 1.03
53.0 12.0 6.0:3.038 0.505 1.869
32.0 12.0 7.0:2.882 0.343 1.641,1.173 0.135 6.155
17.0 34.0 3.0:3.12 0.721 1.886
27.0 69.0 10.0:4.395 0.724 1.124,1.724 0.699 1.356
15.0 77.0 9.0:2.278 0.72 2.07
37.0 47.0 6.0:0.186 0.92 3.192
37.0 56.0 5.0:0.475 0.67 1.433
44.0 17.0 9.0:5.371 0.639 2.265,3.105 0.417 1.89
46.0 13.0 8.0:1.036 1.856 1.725
61.0 52.0 3.0:1.17 0.91 1.018
56.0 37.0 6.0:0.83 0.665 1.839,4.839 0.955 1.069
11.0 31.0 7.0:4.841 1.23 1.903,0.365 0.352 1.23
26.0 52.0 9.0:1.762 0.182 1.701,0.418 0.298 2.86
31.0 67.0 3.0:5.953 0.401 1.809
15.0 19.0 1.0:2.31 0.773 2.635
22.0 22.0 2.0:4.4 0.613 1.162
19.0 21.0 10.0:2.985 0.668 1.31,5.066 1.138 1.387
20.0 26.0 9.0:1.746 1.359 2.709