100 1
35.000 35.000 0
35.000 35.000 0
15.0 30.0 26.0:1.946 0.864 1.875,4.793 0.273 1.246
55.0 5.0 29.0:1.43 1.484 1.403
31.0 52.0 27.0:2.503 0.779 2.87
60.0 12.0 31.0:3.842 0.147 1.576,2.825 0.178 1.908
8.0 56.0 27.0:4.244 0.307 1.304
13.0 52.0 36.0:1.025 0.907 1.427,5.295 0.255 1.401
6.0 68.0 30.0:3.776 0.203 1.924,1.985 0.49 1.127
21.0 24.0 28.0:1.943 1.14 2.376,3.97 0.719 1.208
56.0 39.0 36.0:0.096 0.817 1.406
55.0 54.0 26.0:3.137 0.571 1.555,5.225 0.148 1.089
16.0 22.0 41.0:2.024 1.603 1.472
4.0 18.0 35.0:4.8 0.152 1.039
28.0 18.0 26.0:0.736 1.046 1.535
26.0 27.0 27.0:5.334 0.765 1.788,1.785 1.224 1.381
55.0 45.0 13.0:0.958 1.832 2.275
55.0 20.0 19.0:2.873 0.155 1.321
55.0 60.0 16.0:3.153 0.204 2.32
30.0 60.0 16.0:0.756 0.293 1.566
20.0 65.0 12.0:2.276 0.19 1.716,3.507 0.158 1.029
50.0 35.0 19.0:0.374 0.57 1.064
30.0 25.0 23.0:2.422 0.307 1.128
15.0 10.0 20.0:2.732 1.813 1.346,5.215 0.466 1.836
10.0 20.0 19.0:0.863 0.574 2.026,2.197 0.226 5.35
20.0 40.0 12.0:1.302 1.855 3.0
15.0 60.0 17.0:3.871 0.333 3.02
45.0 20.0 11.0:3.194 1.159 1.82
45.0 10.0 18.0:6.148 0.47 1.936
45.0 30.0 17.0:1.909 0.192 1.705
35.0 40.0 16.0:0.346 0.14 2.341
41.0 37.0 16.0:1.183 0.137 3.075,1.675 0.265 1.277
40.0 60.0 21.0:5.994 0.28 1.292
35.0 69.0 23.0:5.452 1.191 2.842
53.0 52.0 11.0:6.039 1.161 1.644
65.0 55.0 14.0:5.013 1.548 1.933
5.0 5.0 16.0:4.177 0.157 1.873,1.709 0.207 1.225
11.0 14.0 18.0:2.966 0.256 5.936
6.0 38.0 16.0:0.755 0.662 1.916,5.161 0.197 1.259
47.0 47.0 13.0:2.619 0.661 1.694,4.039 0.341 1.01
37.0 31.0 14.0:3.848 0.228 1.926
57.0 29.0 18.0:5.258 0.777 1.193,1.436 1.387 1.166
36.0 26.0 18.0:5.687 1.568 1.813
12.0 24.0 13.0:0.598 0.168 1.138
24.0 58.0 19.0:1.489 0.524 2.56,5.714 0.293 1.384
62.0 77.0 20.0:4.103 0.138 1.849
49.0 73.0 25.0:3.284 1.26 1.669
67.0 5.0 25.0:1.46 1.213 1.351,4.264 0.402 1.319
57.0 68.0 15.0:3.139 0.805 1.221
47.0 16.0 25.0:2.424 1.606 1.123
49.0 11.0 18.0:1.759 0.913 1.977
49.0 42.0 13.0:6.048 0.431 2.267
53.0 43.0 14.0:4.617 0.271 2.004,2.597 0.828 1.509
57.0 48.0 23.0:4.847 0.966 1.722
15.0 47.0 16.0:3.162 0.949 2.331
14.0 37.0 11.0:6.152 1.485 2.596
26.0 35.0 15.0:3.249 0.392 1.175
18.0 24.0 22.0:5.759 0.665 3.736
25.0 24.0 20.0:1.197 0.911 2.157
22.0 27.0 11.0:4.492 1.671 1.632,2.093 0.423 1.35
25.0 21.0 12.0:5.704 0.213 4.365,2.839 1.502 1.425
18.0 18.0 17.0:3.485 1.457 2.84
41.0 49.0 10.0:0.219 0.148 1.915,3.562 0.779 2.008
35.0 17.0 7.0:5.824 0.698 2.288
25.0 30.0 3.0:5.031 1.746 3.348
20.0 50.0 5.0:2.06 0.173 1.684
10.0 43.0 9.0:3.362 1.596 1.997,0.414 0.254 1.445
30.0 5.0 8.0:2.127 0.565 1.222,3.033 0.258 1.083
5.0 30.0 2.0:2.938 0.203 1.545
45.0 65.0 9.0:2.283 0.866 1.145
65.0 35.0 3.0:0.192 0.976 1.378
65.0 20.0 6.0:5.295 1.998 1.695
64.0 42.0 9.0:1.976 0.243 1.085
63.0 65.0 8.0:2.021 1.725 1.9,4.967 0.309 1.128
2.0 60.0 5.0:1.683 1.325 2.054
20.0 20.0 8.0:0.394 0.621 3.017
40.0 25.0 9.0:3.376 1.927 1.861
42.0 7.0 5.0:0.267 1.512 1.038
24.0 12.0 5.0:2.654 0.406 1.204
23.0 3.0 7.0:3.68 1.739 1.549
2.0 48.0 1.0:2.285 0.734 1.989
49.0 58.0 10.0:3.144 1.24 1.008,5.532 0.388 1.386
27.0 43.0 9.0:1.236 0.923 1.766
63.0 23.0 2.0:2.449 1.282 1.699,5.03 1.179 1.044
53.0 12.0 6.0:2.689 0.129 1.046
32.0 12.0 7.0:0.185 0.136 1.886
17.0 34.0 3.0:3.412 0.138 1.109
27.0 69.0 10.0:5.255 0.271 1.026,2.844 1.009 2.011,0.782 0.496 1.033
15.0 77.0 9.0:0.693 1.356 1.592
37.0 47.0 6.0:3.065 0.156 1.167
37.0 56.0 5.0:2.049 1.277 2.084
44.0 17.0 9.0:1.071 0.674 4.054,5.038 0.421 2.621
46.0 13.0 8.0:3.684 0.233 1.392
61.0 52.0 3.0:6.042 0.914 1.632
56.0 37.0 6.0:0.255 0.256 2.099
11.0 31.0 7.0:3.829 0.737 1.217,1.368 1.133 2.317
26.0 52.0 9.0:4.799 0.352 2.218,3.283 0.858 2.644
31.0 67.0 3.0:3.599 0.489 2.076
15.0 19.0 1.0:3.284 1.04 1.961
22.0 22.0 2.0:4.627 1.45 1.064
19.0 21.0 10.0:5.959 0.287 2.532,2.554 1.782 1.545
20.0 26.0 9.0:3.769 0.61 2.406,1.421 1.337 2.561