100 1
35.000 35.000 0
35.000 35.000 0
15.0 30.0 26.0:0.747 0.364 1.147,2.916 1.762 1.008
55.0 5.0 29.0:1.516 0.503 7.043
31.0 52.0 27.0:0.6 0.448 2.129
60.0 12.0 31.0:2.919 0.863 1.305
8.0 56.0 27.0:3.905 0.819 1.592
13.0 52.0 36.0:2.057 0.139 1.72,5.162 0.785 1.167
6.0 68.0 30.0:4.477 0.617 1.047,5.925 0.135 2.183
21.0 24.0 28.0:4.687 1.097 2.598
56.0 39.0 36.0:3.596 0.676 1.647
55.0 54.0 26.0:1.542 1.04 1.605,4.02 0.528 2.297
16.0 22.0 41.0:3.088 0.427 1.454,5.692 0.35 2.713
4.0 18.0 35.0:2.624 1.518 1.928
28.0 18.0 26.0:3.835 1.89 1.347,5.948 0.127 2.281
26.0 27.0 27.0:2.699 0.715 1.411
55.0 45.0 13.0:1.964 1.724 2.052
55.0 20.0 19.0:3.245 1.488 2.787,1.329 0.155 1.368,5.174 0.297 2.84
55.0 60.0 16.0:5.042 0.139 2.016,3.708 0.252 1.472
30.0 60.0 16.0:0.049 1.297 1.08
20.0 65.0 12.0:1.843 1.17 1.569
50.0 35.0 19.0:5.944 1.574 1.218
30.0 25.0 23.0:2.774 0.531 2.176,0.853 0.301 1.119
15.0 10.0 20.0:3.165 1.582 1.051
10.0 20.0 19.0:2.35 1.04 2.393
20.0 40.0 12.0:3.07 0.995 1.14,1.156 0.441 2.741
15.0 60.0 17.0:2.958 1.809 3.082
45.0 20.0 11.0:2.695 1.42 2.716
45.0 10.0 18.0:3.486 1.028 2.202
45.0 30.0 17.0:4.2 0.825 1.2,1.47 1.238 1.244
35.0 40.0 16.0:2.674 1.988 2.21
41.0 37.0 16.0:0.106 1.139 1.259
40.0 60.0 21.0:1.036 0.132 1.998,4.926 0.32 1.701
35.0 69.0 23.0:6.064 1.274 1.764
53.0 52.0 11.0:1.85 0.138 1.205,4.694 1.505 1.693
65.0 55.0 14.0:1.706 1.863 1.556
5.0 5.0 16.0:5.54 1.169 3.604
11.0 14.0 18.0:4.166 0.763 1.103
6.0 38.0 16.0:2.614 0.926 1.577
47.0 47.0 13.0:3.373 0.192 1.838,2.044 0.428 5.022
37.0 31.0 14.0:4.429 1.432 1.656
57.0 29.0 18.0:0.232 0.379 1.493
36.0 26.0 18.0:3.191 0.752 3.188
12.0 24.0 13.0:0.565 1.442 2.644
24.0 58.0 19.0:0.716 0.29 4.63,2.587 0.43 1.847,4.625 1.522 1.405
62.0 77.0 20.0:2.592 0.394 1.157
49.0 73.0 25.0:2.313 0.314 1.61,5.01 0.219 2.782
67.0 5.0 25.0:2.123 0.917 2.463
57.0 68.0 15.0:2.567 0.787 1.369
47.0 16.0 25.0:5.539 1.815 1.275
49.0 11.0 18.0:6.055 0.755 1.565
49.0 42.0 13.0:2.079 1.532 1.357
53.0 43.0 14.0:5.693 1.441 3.281
57.0 48.0 23.0:0.216 0.312 2.031
15.0 47.0 16.0:3.265 1.191 2.015
14.0 37.0 11.0:5.967 0.572 1.376
26.0 35.0 15.0:3.746 0.269 2.406
18.0 24.0 22.0:5.166 0.325 1.686
25.0 24.0 20.0:5.608 0.299 1.45,1.611 0.927 1.755
22.0 27.0 11.0:4.995 0.75 2.381
25.0 21.0 12.0:0.238 0.493 1.519
18.0 18.0 17.0:3.727 1.37 1.79
41.0 49.0 10.0:5.679 1.555 1.119
35.0 17.0 7.0:5.875 0.202 2.05,2.411 0.5 1.811
25.0 30.0 3.0:3.766 0.384 1.953
20.0 50.0 5.0:1.604 0.215 1.424,3.721 0.204 1.544
10.0 43.0 9.0:5.064 0.224 1.557,3.545 0.524 1.525
30.0 5.0 8.0:0.978 1.61 1.115
5.0 30.0 2.0:6.147 0.982 2.315
45.0 65.0 9.0:3.644 1.761 2.403
65.0 35.0 3.0:3.117 1.961 3.647
65.0 20.0 6.0:1.686 0.178 1.7
64.0 42.0 9.0:1.045 0.958 1.262,5.844 0.249 2.571
63.0 65.0 8.0:5.675 1.175 2.057
2.0 60.0 5.0:0.78 0.624 1.303,5.172 0.668 1.085
20.0 20.0 8.0:4.776 1.737 1.37
40.0 25.0 9.0:0.016 0.617 1.863
42.0 7.0 5.0:6.035 0.745 5.17
24.0 12.0 5.0:5.613 0.959 2.871
23.0 3.0 7.0:5.032 0.529 2.177
2.0 48.0 1.0:4.492 0.696 3.144
49.0 58.0 10.0:3.034 1.249 1.109
27.0 43.0 9.0:5.637 1.807 2.713
63.0 23.0 2.0:1.548 0.687 2.925,5.19 0.235 1.658
53.0 12.0 6.0:0.783 1.794 1.739
32.0 12.0 7.0:3.355 0.473 1.139
17.0 34.0 3.0:6.122 1.37 1.214
27.0 69.0 10.0:4.568 1.496 1.057
15.0 77.0 9.0:0.264 0.223 1.854,4.164 1.624 1.333
37.0 47.0 6.0:1.873 0.228 1.782
37.0 56.0 5.0:1.347 0.211 1.69,0.854 0.263 1.163,4.773 0.815 1.03
44.0 17.0 9.0:3.153 1.971 1.1
46.0 13.0 8.0:1.692 1.571 1.067
61.0 52.0 3.0:2.681 0.806 1.082
56.0 37.0 6.0:0.294 0.212 2.66
11.0 31.0 7.0:5.474 1.373 1.664
26.0 52.0 9.0:0.636 0.333 1.024
31.0 67.0 3.0:2.032 1.517 1.041
15.0 19.0 1.0:5.008 0.408 1.204
22.0 22.0 2.0:0.169 0.79 1.066
19.0 21.0 10.0:2.401 1.674 3.275
20.0 26.0 9.0:4.694 1.201 1.058,1.419 0.14 1.369