100, 1
35.000 35.000 0
35.000 35.000 0
15.0 30.0 26.0:6.028 0.499 2.281
55.0 5.0 29.0:2.699 0.751 1.375
31.0 52.0 27.0:3.245 0.336 2.734
60.0 12.0 31.0:5.112 0.155 1.197
8.0 56.0 27.0:5.231 1.56 1.892
13.0 52.0 36.0:0.87 0.57 2.687,4.008 0.132 2.045
6.0 68.0 30.0:4.634 0.492 1.102,3.17 0.19 1.869
21.0 24.0 28.0:1.843 0.336 1.596
56.0 39.0 36.0:4.295 0.136 1.03
55.0 54.0 26.0:2.727 1.851 2.873
16.0 22.0 41.0:1.23 1.263 1.171
4.0 18.0 35.0:2.774 0.301 1.7,2.21 0.224 2.893
28.0 18.0 26.0:4.025 0.166 2.811
26.0 27.0 27.0:2.35 1.04 2.393
55.0 45.0 13.0:3.07 0.614 1.344,1.156 0.995 1.25
55.0 20.0 19.0:0.821 0.731 1.675,5.181 0.347 3.082
55.0 60.0 16.0:2.695 0.506 1.731
30.0 60.0 16.0:4.946 0.798 1.407
20.0 65.0 12.0:3.486 1.691 2.104
50.0 35.0 19.0:3.271 1.238 1.719
30.0 25.0 23.0:1.138 0.651 1.163
15.0 10.0 20.0:0.106 0.357 2.917
10.0 20.0 19.0:0.053 1.053 4.358
20.0 40.0 12.0:1.576 0.446 2.715,3.355 1.32 1.205
15.0 60.0 17.0:1.706 1.67 3.095
45.0 20.0 11.0:4.166 0.768 1.538
45.0 10.0 18.0:3.373 0.192 1.838,2.044 0.428 5.022
45.0 30.0 17.0:4.429 1.432 1.656
35.0 40.0 16.0:0.232 0.542 1.709
41.0 37.0 16.0:3.288 1.687 1.376
40.0 60.0 21.0:0.565 1.442 2.644
35.0 69.0 23.0:0.716 1.293 1.333
53.0 52.0 11.0:6.117 0.502 1.291
65.0 55.0 14.0:4.757 0.556 1.215,0.914 0.799 1.902
5.0 5.0 16.0:2.87 1.535 1.2
11.0 14.0 18.0:3.564 1.373 1.525
6.0 38.0 16.0:5.539 0.646 1.73,2.584 1.815 1.672
47.0 47.0 13.0:1.513 0.148 1.258
37.0 31.0 14.0:1.05 0.296 1.525,2.711 0.499 2.776
57.0 29.0 18.0:3.855 0.581 3.414
36.0 26.0 18.0:4.999 1.714 1.035
12.0 24.0 13.0:3.265 1.971 3.989
24.0 58.0 19.0:2.523 0.187 1.033
62.0 77.0 20.0:0.969 0.921 1.093,3.248 1.339 1.013
49.0 73.0 25.0:5.166 1.365 3.231
67.0 5.0 25.0:1.137 0.547 2.585,3.595 0.843 2.056
57.0 68.0 15.0:3.726 1.324 2.268
47.0 16.0 25.0:0.238 0.493 1.519
49.0 11.0 18.0:3.727 0.267 2.458
49.0 42.0 13.0:4.045 1.731 3.733
53.0 43.0 14.0:0.558 0.5 3.201
57.0 48.0 23.0:3.766 0.659 1.295,1.565 0.843 1.108
15.0 47.0 16.0:0.577 1.468 1.426
14.0 37.0 11.0:0.978 1.61 1.115
26.0 35.0 15.0:6.147 0.982 2.315
18.0 24.0 22.0:3.644 0.394 1.685
25.0 24.0 20.0:2.766 0.409 1.6
22.0 27.0 11.0:1.045 0.958 1.262,5.844 0.249 2.571
25.0 21.0 12.0:5.675 1.573 1.669
18.0 18.0 17.0:4.1 0.257 1.475
41.0 49.0 10.0:0.78 0.668 2.428,5.172 0.4 1.403,2.572 0.194 1.133
35.0 17.0 7.0:5.693 0.467 1.002,3.93 0.416 2.025,2.505 0.726 1.52
25.0 30.0 3.0:4.711 1.893 3.238
20.0 50.0 5.0:2.374 0.55 1.432
10.0 43.0 9.0:4.492 0.303 1.659
30.0 5.0 8.0:4.51 1.49 1.637
5.0 30.0 2.0:5.637 1.807 2.713
45.0 65.0 9.0:1.548 1.52 3.153
65.0 35.0 3.0:5.367 0.752 3.603,2.055 0.237 1.739
65.0 20.0 6.0:3.355 1.944 4.666
64.0 42.0 9.0:4.162 0.347 1.189
63.0 65.0 8.0:4.916 0.322 2.087,0.346 0.159 1.62
2.0 60.0 5.0:0.694 0.734 1.333
20.0 20.0 8.0:1.873 0.339 1.104,0.728 0.249 1.161
40.0 25.0 9.0:3.13 0.789 2.41,0.947 0.679 1.1
42.0 7.0 5.0:1.692 0.179 1.519,5.311 0.653 1.715
24.0 12.0 5.0:4.102 1.458 1.105,0.495 0.163 2.66
23.0 3.0 7.0:5.474 0.573 1.107,2.063 0.758 1.163
2.0 48.0 1.0:5.482 0.304 1.53
49.0 58.0 10.0:5.182 0.574 2.849,2.138 0.158 1.851
27.0 43.0 9.0:5.008 0.303 2.016,1.681 0.147 1.698
63.0 23.0 2.0:2.018 0.579 3.148,4.752 0.263 1.085
53.0 12.0 6.0:5.638 0.584 1.559
32.0 12.0 7.0:4.694 1.201 1.058,1.419 0.14 1.369
17.0 34.0 3.0:5.497 0.573 3.482,2.59 0.474 1.183
27.0 69.0 10.0:5.639 1.229 1.085
15.0 77.0 9.0:4.387 0.228 4.128,5.555 0.3 1.33
37.0 47.0 6.0:1.349 1.916 3.379
37.0 56.0 5.0:0.794 0.425 2.872,3.633 0.482 2.052,4.381 0.16 2.395
44.0 17.0 9.0:2.811 0.535 1.37
46.0 13.0 8.0:4.603 0.131 2.21
61.0 52.0 3.0:5.004 1.321 1.219
56.0 37.0 6.0:3.351 1.426 1.491
11.0 31.0 7.0:0.28 0.838 1.532
26.0 52.0 9.0:2.166 0.788 1.636
31.0 67.0 3.0:3.666 0.806 2.181,0.806 0.177 2.214
15.0 19.0 1.0:0.322 1.45 2.111
22.0 22.0 2.0:1.97 0.209 1.455
19.0 21.0 10.0:4.129 0.495 1.483,1.109 0.754 1.587
20.0 26.0 9.0:5.755 1.285 1.531