100, 1
35.000 35.000 0
35.000 35.000 0
15.0 30.0 26.0:0.515 0.717 3.03
55.0 5.0 29.0:5.042 0.919 1.94
31.0 52.0 27.0:4.274 1.689 1.475
60.0 12.0 31.0:4.826 1.69 1.311
8.0 56.0 27.0:5.806 0.781 2.775
13.0 52.0 36.0:6.242 1.135 1.325
6.0 68.0 30.0:5.624 1.672 3.069
21.0 24.0 28.0:5.656 0.475 2.561,4.6 0.203 1.083
56.0 39.0 36.0:2.832 0.363 4.803,1.007 0.213 1.487
55.0 54.0 26.0:2.341 1.44 5.525
16.0 22.0 41.0:3.796 0.768 2.733
4.0 18.0 35.0:2.157 0.391 1.57,4.893 0.585 3.94,3.429 0.313 1.304
28.0 18.0 26.0:3.735 0.892 1.782
26.0 27.0 27.0:1.429 0.366 1.175,4.009 1.403 2.966
55.0 45.0 13.0:2.645 0.318 1.567
55.0 20.0 19.0:1.716 1.81 2.785
55.0 60.0 16.0:6.04 0.948 2.402
30.0 60.0 16.0:2.216 1.778 1.033
20.0 65.0 12.0:3.383 1.234 1.428,4.912 0.148 1.648
50.0 35.0 19.0:5.227 1.318 1.722
30.0 25.0 23.0:2.829 0.983 1.235
15.0 10.0 20.0:5.784 0.686 1.799
10.0 20.0 19.0:0.992 1.58 2.128
20.0 40.0 12.0:5.212 0.159 1.313,1.78 1.777 1.31
15.0 60.0 17.0:2.315 0.126 1.119
45.0 20.0 11.0:2.22 0.835 1.779
45.0 10.0 18.0:0.367 1.472 3.816
45.0 30.0 17.0:3.206 0.238 3.55
35.0 40.0 16.0:2.623 1.322 2.695
41.0 37.0 16.0:1.592 1.482 2.634
40.0 60.0 21.0:2.239 0.784 1.254,4.571 0.279 3.02
35.0 69.0 23.0:1.671 0.154 1.194
53.0 52.0 11.0:5.356 0.814 1.886
65.0 55.0 14.0:4.578 1.346 2.058
5.0 5.0 16.0:2.885 0.735 3.013
11.0 14.0 18.0:3.338 0.181 1.814,5.326 0.933 2.624
6.0 38.0 16.0:2.768 0.314 1.963
47.0 47.0 13.0:0.369 1.289 1.299
37.0 31.0 14.0:1.439 1.384 1.115
57.0 29.0 18.0:4.517 0.781 1.362,0.776 0.261 1.293
36.0 26.0 18.0:0.586 0.375 1.051,1.626 0.387 1.214
12.0 24.0 13.0:3.23 0.504 1.952,1.072 0.872 1.076
24.0 58.0 19.0:1.612 0.188 1.509
62.0 77.0 20.0:1.931 1.511 2.371
49.0 73.0 25.0:1.84 1.859 1.029
67.0 5.0 25.0:5.587 1.007 1.083
57.0 68.0 15.0:0.648 0.964 1.169
47.0 16.0 25.0:4.234 0.358 1.659
49.0 11.0 18.0:0.527 0.315 1.845,2.064 0.192 1.099,4.993 0.502 1.039
49.0 42.0 13.0:4.438 0.361 1.486,1.574 0.56 1.561
53.0 43.0 14.0:1.599 0.224 1.301
57.0 48.0 23.0:0.143 0.396 1.034
15.0 47.0 16.0:4.087 1.833 1.091
14.0 37.0 11.0:3.408 0.185 1.184
26.0 35.0 15.0:5.623 0.268 1.774,3.658 1.379 1.564
18.0 24.0 22.0:2.345 0.692 1.697
25.0 24.0 20.0:5.429 2.006 1.35
22.0 27.0 11.0:1.944 1.268 2.913
25.0 21.0 12.0:0.624 1.087 2.288
18.0 18.0 17.0:5.521 0.993 3.58
41.0 49.0 10.0:1.253 1.609 1.821
35.0 17.0 7.0:1.251 0.668 1.647
25.0 30.0 3.0:2.864 0.908 1.477
20.0 50.0 5.0:2.423 1.05 1.755,5.812 0.323 1.121
10.0 43.0 9.0:1.441 1.786 1.855
30.0 5.0 8.0:4.164 0.396 1.239
5.0 30.0 2.0:5.521 1.932 1.457
45.0 65.0 9.0:4.039 1.141 2.156
65.0 35.0 3.0:1.086 1.135 1.782
65.0 20.0 6.0:4.04 0.944 2.003
64.0 42.0 9.0:2.979 1.865 1.819
63.0 65.0 8.0:4.789 0.131 1.349,1.81 1.697 2.357
2.0 60.0 5.0:3.476 0.363 1.587,1.165 0.647 1.324
20.0 20.0 8.0:4.786 0.247 1.604
40.0 25.0 9.0:2.499 1.751 1.245
42.0 7.0 5.0:4.177 0.837 1.787,0.934 0.627 3.653
24.0 12.0 5.0:1.74 1.967 1.18
23.0 3.0 7.0:3.982 0.579 2.045
2.0 48.0 1.0:0.275 0.134 1.373
49.0 58.0 10.0:5.439 0.889 1.201
27.0 43.0 9.0:5.49 0.804 3.258
63.0 23.0 2.0:5.745 0.877 2.335
53.0 12.0 6.0:2.967 1.268 1.238
32.0 12.0 7.0:5.293 1.289 1.528
17.0 34.0 3.0:5.322 1.346 1.053
27.0 69.0 10.0:6.229 0.511 1.389
15.0 77.0 9.0:4.921 1.373 3.125
37.0 47.0 6.0:4.432 1.96 2.228
37.0 56.0 5.0:2.884 1.894 1.745
44.0 17.0 9.0:5.921 1.638 2.594
46.0 13.0 8.0:0.174 1.612 1.345
61.0 52.0 3.0:3.214 1.509 1.651
56.0 37.0 6.0:3.301 0.931 1.503
11.0 31.0 7.0:3.055 0.702 1.369,0.752 0.307 1.203
26.0 52.0 9.0:1.704 1.024 2.072
31.0 67.0 3.0:3.334 0.361 1.336
15.0 19.0 1.0:4.69 0.246 1.059,3.745 0.543 1.389,1.914 0.215 1.82
22.0 22.0 2.0:3.88 0.667 1.518
19.0 21.0 10.0:5.504 0.698 1.706,4.244 0.302 1.862
20.0 26.0 9.0:4.274 0.32 1.278,2.45 0.765 1.212