100, 1
35.000 35.000 0
35.000 35.000 0
15.0 30.0 26.0:6.171 0.922 1.347
55.0 5.0 29.0:4.941 0.173 2.46,4.086 0.177 1.089
31.0 52.0 27.0:4.779 0.169 1.45,0.754 0.474 1.575
60.0 12.0 31.0:4.904 0.962 1.458
8.0 56.0 27.0:5.467 0.67 1.384,2.511 1.471 1.204
13.0 52.0 36.0:1.251 1.861 1.117
6.0 68.0 30.0:0.284 0.142 2.623
21.0 24.0 28.0:4.138 1.24 1.405
56.0 39.0 36.0:5.816 0.623 2.604
55.0 54.0 26.0:1.808 0.994 1.672
16.0 22.0 41.0:3.272 1.741 1.862,5.881 0.165 1.975
4.0 18.0 35.0:5.876 0.549 1.684
28.0 18.0 26.0:5.47 0.868 1.086
26.0 27.0 27.0:3.223 0.384 6.267
55.0 45.0 13.0:2.216 0.298 1.161
55.0 20.0 19.0:2.255 1.947 1.095
55.0 60.0 16.0:6.028 1.067 1.447
30.0 60.0 16.0:6.247 0.485 2.054
20.0 65.0 12.0:1.879 1.057 3.193,4.4 0.682 1.167
50.0 35.0 19.0:3.324 1.344 2.729
30.0 25.0 23.0:0.173 0.128 1.618
15.0 10.0 20.0:1.976 0.186 2.275
10.0 20.0 19.0:1.179 0.589 1.326,4.913 0.444 1.75
20.0 40.0 12.0:1.469 1.042 1.698
15.0 60.0 17.0:4.675 0.217 1.031
45.0 20.0 11.0:1.372 0.931 1.257
45.0 10.0 18.0:2.561 1.198 4.461
45.0 30.0 17.0:0.928 0.554 1.143,2.451 0.686 1.702
35.0 40.0 16.0:2.612 0.92 1.085
41.0 37.0 16.0:5.189 1.224 4.278
40.0 60.0 21.0:5.006 0.206 4.788
35.0 69.0 23.0:0.15 0.53 1.068
53.0 52.0 11.0:4.146 0.199 3.097
65.0 55.0 14.0:4.112 0.27 1.282
5.0 5.0 16.0:0.503 1.04 1.964
11.0 14.0 18.0:0.77 1.702 2.128
6.0 38.0 16.0:5.363 1.402 1.829
47.0 47.0 13.0:4.559 0.691 2.042
37.0 31.0 14.0:0.719 1.549 1.964
57.0 29.0 18.0:6.203 1.57 1.008
36.0 26.0 18.0:4.328 0.581 4.278,1.105 0.144 1.557
12.0 24.0 13.0:0.636 1.226 1.174
24.0 58.0 19.0:1.229 0.51 1.039,4.883 1.367 1.456
62.0 77.0 20.0:2.264 0.35 3.97
49.0 73.0 25.0:4.337 1.292 3.322,1.369 0.411 1.5
67.0 5.0 25.0:6.255 1.962 1.356
57.0 68.0 15.0:4.674 0.216 1.184,3.038 0.145 1.037
47.0 16.0 25.0:2.467 0.711 1.425
49.0 11.0 18.0:3.458 0.333 1.432
49.0 42.0 13.0:1.471 0.322 1.416
53.0 43.0 14.0:3.889 1.68 2.836
57.0 48.0 23.0:5.021 0.247 1.103,2.085 0.151 1.525
15.0 47.0 16.0:1.978 1.284 1.496
14.0 37.0 11.0:4.876 0.52 1.719,1.343 0.983 1.155
26.0 35.0 15.0:5.251 1.753 1.168
18.0 24.0 22.0:0.273 0.619 1.642
25.0 24.0 20.0:5.747 0.338 1.007
22.0 27.0 11.0:2.55 0.231 1.115,3.413 0.582 2.165
25.0 21.0 12.0:4.502 0.441 1.565
18.0 18.0 17.0:0.436 0.211 1.558,4.546 1.346 2.743
41.0 49.0 10.0:5.001 1.133 2.886,1.071 0.152 1.738
35.0 17.0 7.0:0.924 1.2 1.056
25.0 30.0 3.0:5.556 1.707 2.211
20.0 50.0 5.0:3.491 0.945 2.32,5.085 0.496 1.044
10.0 43.0 9.0:5.943 0.821 2.192
30.0 5.0 8.0:2.646 0.978 1.574
5.0 30.0 2.0:0.844 0.23 4.12
45.0 65.0 9.0:2.009 1.234 1.119
65.0 35.0 3.0:0.762 0.543 1.291
65.0 20.0 6.0:2.357 0.15 1.051
64.0 42.0 9.0:1.233 0.29 1.345,3.337 0.802 4.726,5.326 0.353 3.486
63.0 65.0 8.0:1.048 0.929 1.213,2.934 0.162 1.534
2.0 60.0 5.0:3.23 0.172 1.073
20.0 20.0 8.0:1.303 1.861 1.007
40.0 25.0 9.0:3.733 0.368 1.013,5.263 0.989 1.541
42.0 7.0 5.0:6.149 0.188 2.068
24.0 12.0 5.0:4.269 0.492 3.661
23.0 3.0 7.0:3.646 0.997 8.573
2.0 48.0 1.0:1.809 0.189 1.44,2.985 0.338 1.013,5.279 0.594 3.87
49.0 58.0 10.0:3.802 0.302 1.611
27.0 43.0 9.0:1.721 0.142 1.314,4.654 0.35 1.549
63.0 23.0 2.0:5.415 1.975 1.464
53.0 12.0 6.0:3.289 0.588 1.835,5.991 0.248 2.111
32.0 12.0 7.0:2.934 0.546 2.655,4.322 0.473 1.182
17.0 34.0 3.0:5.523 1.843 3.739
27.0 69.0 10.0:5.774 0.389 1.608,4.182 1.117 1.073,0.215 0.163 1.309
15.0 77.0 9.0:5.29 0.155 1.58,4.127 0.494 1.297
37.0 47.0 6.0:3.471 0.592 1.647
37.0 56.0 5.0:1.778 0.404 1.346,6.029 0.162 1.616
44.0 17.0 9.0:3.125 0.279 1.093
46.0 13.0 8.0:4.435 1.727 1.956
61.0 52.0 3.0:0.613 0.287 1.108,3.58 0.347 1.313
56.0 37.0 6.0:5.339 0.425 1.605,1.609 0.59 1.402
11.0 31.0 7.0:1.907 1.318 2.831
26.0 52.0 9.0:4.327 0.2 1.841
31.0 67.0 3.0:5.451 0.576 2.12
15.0 19.0 1.0:4.006 1.159 4.094
22.0 22.0 2.0:5.167 0.208 3.597,3.445 0.98 1.276
19.0 21.0 10.0:4.646 0.162 1.246,2.253 0.453 2.848
20.0 26.0 9.0:0.504 1.287 5.068