100, 1
35.000 35.000 0
35.000 35.000 0
15.0 30.0 26.0:6.042 1.316 1.041
55.0 5.0 29.0:2.886 1.005 2.101
31.0 52.0 27.0:4.799 0.352 2.218,3.283 0.858 2.644
60.0 12.0 31.0:3.599 1.114 1.982
8.0 56.0 27.0:4.627 1.858 3.551
13.0 52.0 36.0:3.769 0.61 2.406,1.421 1.337 2.561
6.0 68.0 30.0:2.765 0.316 1.08
21.0 24.0 28.0:3.357 1.593 1.066
56.0 39.0 36.0:5.606 1.288 1.122
55.0 54.0 26.0:4.179 1.053 1.363
16.0 22.0 41.0:1.268 0.707 1.527
4.0 18.0 35.0:0.528 0.232 1.207
28.0 18.0 26.0:5.134 0.823 1.575
26.0 27.0 27.0:3.631 0.522 1.833
55.0 45.0 13.0:3.264 0.373 2.169,1.569 0.242 2.519
55.0 20.0 19.0:2.033 1.435 1.405
55.0 60.0 16.0:3.415 0.158 1.814
30.0 60.0 16.0:6.013 0.359 2.301
20.0 65.0 12.0:5.807 0.224 1.971,2.907 0.439 1.585
50.0 35.0 19.0:4.844 1.713 1.58
30.0 25.0 23.0:4.038 0.578 3.618
15.0 10.0 20.0:3.02 0.127 1.6
10.0 20.0 19.0:2.543 0.497 1.309
20.0 40.0 12.0:1.967 0.211 1.997
15.0 60.0 17.0:4.688 0.144 2.883,3.115 0.836 3.107
45.0 20.0 11.0:5.646 0.377 2.992,3.313 1.627 1.256
45.0 10.0 18.0:4.388 1.767 2.028
45.0 30.0 17.0:1.73 0.858 3.127
35.0 40.0 16.0:3.042 0.171 1.678
41.0 37.0 16.0:2.13 0.811 1.149
40.0 60.0 21.0:1.236 1.645 1.327
35.0 69.0 23.0:1.632 0.313 1.165,4.406 0.431 1.157
53.0 52.0 11.0:6.079 0.926 1.66
65.0 55.0 14.0:3.32 0.262 1.461,1.224 0.841 2.114,5.116 0.16 1.149
5.0 5.0 16.0:3.298 1.747 1.082
11.0 14.0 18.0:1.732 1.005 1.965,5.02 0.192 1.103
6.0 38.0 16.0:2.822 1.648 1.066
47.0 47.0 13.0:1.246 0.268 1.278
37.0 31.0 14.0:2.039 0.747 1.814
57.0 29.0 18.0:1.876 0.149 4.559
36.0 26.0 18.0:6.237 1.321 1.548
12.0 24.0 13.0:2.829 1.152 2.939
24.0 58.0 19.0:5.314 0.37 1.324
62.0 77.0 20.0:0.174 0.825 1.475
49.0 73.0 25.0:3.577 1.196 1.306
67.0 5.0 25.0:3.069 0.485 2.16
57.0 68.0 15.0:0.843 0.589 2.066,5.059 1.001 1.04
47.0 16.0 25.0:0.488 0.135 2.495,1.808 0.207 2.339
49.0 11.0 18.0:0.468 0.175 1.058,1.877 0.156 1.017
49.0 42.0 13.0:5.019 1.964 3.016
53.0 43.0 14.0:4.881 0.395 1.828,1.89 1.126 1.705
57.0 48.0 23.0:1.114 0.625 1.565,3.454 0.888 1.096
15.0 47.0 16.0:1.708 0.523 2.921
14.0 37.0 11.0:4.816 1.645 1.68
26.0 35.0 15.0:1.962 0.755 1.098
18.0 24.0 22.0:0.491 0.443 2.091
25.0 24.0 20.0:5.306 0.485 2.056
22.0 27.0 11.0:2.966 0.622 4.33,0.321 0.149 2.436
25.0 21.0 12.0:2.132 0.365 1.511
18.0 18.0 17.0:1.987 0.616 1.763,5.772 0.272 1.895
41.0 49.0 10.0:4.272 0.359 1.059,5.41 0.578 1.979
35.0 17.0 7.0:5.873 0.602 4.567
25.0 30.0 3.0:3.757 1.072 1.21,1.327 1.13 1.234
20.0 50.0 5.0:4.606 1.141 1.83
10.0 43.0 9.0:2.529 0.264 3.439
30.0 5.0 8.0:5.164 0.293 2.071
5.0 30.0 2.0:5.58 0.948 6.055
45.0 65.0 9.0:4.725 1.279 1.152,2.309 0.472 1.455
65.0 35.0 3.0:3.011 0.191 1.332
65.0 20.0 6.0:2.475 0.336 2.675
64.0 42.0 9.0:4.189 0.644 4.261,1.81 0.361 1.092,5.487 0.248 1.755
63.0 65.0 8.0:1.27 0.315 1.18
2.0 60.0 5.0:4.168 1.899 1.485
20.0 20.0 8.0:4.531 0.35 1.249,3.747 0.385 1.685
40.0 25.0 9.0:0.297 0.438 2.334
42.0 7.0 5.0:3.903 0.142 1.448,5.143 0.922 5.877
24.0 12.0 5.0:1.578 1.316 1.177
23.0 3.0 7.0:4.579 0.462 3.155,3.048 0.594 1.129
2.0 48.0 1.0:0.186 0.825 1.11
49.0 58.0 10.0:2.815 1.751 1.474
27.0 43.0 9.0:3.64 1.454 2.119
63.0 23.0 2.0:5.148 1.203 3.828
53.0 12.0 6.0:0.979 0.366 1.246
32.0 12.0 7.0:2.505 0.45 1.264,6.023 0.183 2.439
17.0 34.0 3.0:0.903 0.437 2.567
27.0 69.0 10.0:1.813 0.969 1.485
15.0 77.0 9.0:5.58 0.854 1.194
37.0 47.0 6.0:3.915 0.22 1.029
37.0 56.0 5.0:2.264 1.192 2.192
44.0 17.0 9.0:3.055 1.064 1.103,1.31 0.236 1.792
46.0 13.0 8.0:0.748 1.751 1.288
61.0 52.0 3.0:3.369 1.398 2.296,0.91 0.778 1.504
56.0 37.0 6.0:4.413 1.572 1.368
11.0 31.0 7.0:2.461 0.259 1.366,3.403 0.405 1.724
26.0 52.0 9.0:4.37 0.249 2.929,1.805 0.901 1.542
31.0 67.0 3.0:2.989 0.233 2.146,1.817 0.288 1.794
15.0 19.0 1.0:6.264 0.516 7.395
22.0 22.0 2.0:4.698 1.336 2.471
19.0 21.0 10.0:5.613 0.132 2.597,0.995 0.394 1.837
20.0 26.0 9.0:5.945 0.878 1.309