100, 1
35.000 35.000 0
35.000 35.000 0
15.0 30.0 26.0:0.306 0.312 1.786
55.0 5.0 29.0:5.159 0.23 1.754
31.0 52.0 27.0:1.214 0.792 1.328,4.526 1.497 1.8
60.0 12.0 31.0:5.542 0.396 1.053
8.0 56.0 27.0:5.589 0.463 1.759,2.534 0.908 2.677
13.0 52.0 36.0:1.53 0.509 1.933
6.0 68.0 30.0:4.506 0.147 2.67,2.294 0.449 4.193,2.982 0.221 1.912
21.0 24.0 28.0:3.299 1.497 2.962
56.0 39.0 36.0:2.475 0.519 2.616
55.0 54.0 26.0:0.332 0.999 4.807
16.0 22.0 41.0:2.884 1.416 1.503
4.0 18.0 35.0:3.32 0.312 1.87
28.0 18.0 26.0:2.813 0.42 1.85
26.0 27.0 27.0:4.552 1.391 2.005
55.0 45.0 13.0:2.466 0.931 2.572
55.0 20.0 19.0:0.627 0.996 1.75
55.0 60.0 16.0:4.52 0.376 2.614,3.246 0.78 1.163,1.326 0.617 1.023
30.0 60.0 16.0:3.678 0.53 1.087
20.0 65.0 12.0:4.44 0.229 1.022
50.0 35.0 19.0:4.604 0.724 1.405,2.018 0.596 3.843
30.0 25.0 23.0:3.349 0.588 1.388
15.0 10.0 20.0:2.877 0.31 1.002,1.467 0.647 1.047
10.0 20.0 19.0:0.836 0.629 1.285
20.0 40.0 12.0:4.638 0.863 2.616
15.0 60.0 17.0:4.564 0.415 1.579
45.0 20.0 11.0:3.005 0.559 1.283,1.878 0.565 1.836
45.0 10.0 18.0:1.166 1.845 2.694
45.0 30.0 17.0:0.028 1.071 1.903
35.0 40.0 16.0:0.747 0.355 1.436,4.792 0.482 1.452
41.0 37.0 16.0:2.625 0.5 2.233
40.0 60.0 21.0:3.818 1.183 2.148,5.754 0.203 1.218
35.0 69.0 23.0:6.011 0.687 1.492
53.0 52.0 11.0:0.857 0.418 2.254,2.093 0.817 1.86
65.0 55.0 14.0:4.303 0.685 1.05,5.704 0.351 3.671
5.0 5.0 16.0:1.685 0.846 1.582
11.0 14.0 18.0:5.609 0.388 2.425,2.151 0.375 1.574
6.0 38.0 16.0:0.466 0.823 3.019
47.0 47.0 13.0:0.21 0.275 1.114
37.0 31.0 14.0:1.13 1.359 2.493
57.0 29.0 18.0:3.881 0.853 1.294
36.0 26.0 18.0:0.443 0.921 2.148
12.0 24.0 13.0:2.605 1.304 4.288
24.0 58.0 19.0:5.571 0.504 2.288
62.0 77.0 20.0:2.321 0.187 1.004,4.391 0.562 1.079,3.244 0.221 2.197
49.0 73.0 25.0:0.512 0.743 3.054
67.0 5.0 25.0:4.263 1.672 1.692
57.0 68.0 15.0:0.052 1.948 1.387
47.0 16.0 25.0:1.188 1.879 1.059
49.0 11.0 18.0:1.574 1.633 1.815
49.0 42.0 13.0:1.031 0.904 2.697,3.486 0.514 4.251
53.0 43.0 14.0:2.317 0.689 3.074,4.556 0.195 4.418
57.0 48.0 23.0:3.725 0.19 1.458
15.0 47.0 16.0:5.935 0.187 1.254
14.0 37.0 11.0:0.673 0.303 1.203
26.0 35.0 15.0:1.695 0.193 1.309
18.0 24.0 22.0:1.16 1.135 1.547
25.0 24.0 20.0:5.419 1.307 3.045
22.0 27.0 11.0:4.387 1.156 2.299,5.998 0.257 1.14
25.0 21.0 12.0:5.635 1.426 1.488
18.0 18.0 17.0:1.065 1.462 2.34
41.0 49.0 10.0:5.83 1.952 2.095
35.0 17.0 7.0:3.178 0.55 2.015
25.0 30.0 3.0:3.668 1.359 2.364
20.0 50.0 5.0:5.575 0.278 1.067
10.0 43.0 9.0:5.046 0.627 1.212,3.16 0.438 2.599
30.0 5.0 8.0:4.09 0.849 7.437,1.036 0.159 3.001,1.519 0.277 3.3
5.0 30.0 2.0:1.057 0.198 2.636,4.181 0.905 1.502
45.0 65.0 9.0:3.453 1.042 1.287
65.0 35.0 3.0:3.652 0.416 3.467
65.0 20.0 6.0:5.615 1.55 1.661
64.0 42.0 9.0:5.379 0.608 1.962
63.0 65.0 8.0:2.464 0.847 3.673
2.0 60.0 5.0:3.948 1.341 3.603,2.006 0.291 1.376
20.0 20.0 8.0:1.992 1.233 3.281
40.0 25.0 9.0:0.958 1.704 1.986
42.0 7.0 5.0:0.895 0.734 1.123
24.0 12.0 5.0:3.977 1.981 1.429
23.0 3.0 7.0:3.284 1.442 1.947
2.0 48.0 1.0:2.952 1.397 2.15
49.0 58.0 10.0:4.257 0.442 3.597
27.0 43.0 9.0:5.214 1.68 1.398
63.0 23.0 2.0:6.092 0.565 1.122
53.0 12.0 6.0:1.426 0.461 3.199
32.0 12.0 7.0:6.18 1.109 1.694
17.0 34.0 3.0:2.162 0.61 1.19
27.0 69.0 10.0:5.819 0.189 2.7,3.01 1.36 7.163
15.0 77.0 9.0:5.035 0.164 2.098
37.0 47.0 6.0:3.655 1.29 1.048
37.0 56.0 5.0:2.081 0.19 1.098
44.0 17.0 9.0:3.463 0.636 2.796
46.0 13.0 8.0:3.669 0.242 2.059
61.0 52.0 3.0:2.548 0.19 5.297
56.0 37.0 6.0:3.963 0.351 1.021,1.897 1.032 1.069
11.0 31.0 7.0:3.998 0.519 1.427,2.693 0.344 2.317
26.0 52.0 9.0:1.684 1.307 1.985
31.0 67.0 3.0:5.36 1.266 1.425
15.0 19.0 1.0:2.075 0.626 1.433
22.0 22.0 2.0:1.953 0.293 1.827
19.0 21.0 10.0:1.625 1.741 1.957
20.0 26.0 9.0:4.014 0.133 1.292,0.562 0.404 1.27