100, 1
35.000 35.000 0
35.000 35.000 0
15.0 30.0 26.0:2.132 0.761 2.974
55.0 5.0 29.0:2.577 0.308 2.437
31.0 52.0 27.0:1.544 1.899 1.046
60.0 12.0 31.0:3.228 0.14 1.335,2.387 0.629 1.726
8.0 56.0 27.0:6.179 0.203 1.009
13.0 52.0 36.0:1.598 1.921 2.61
6.0 68.0 30.0:3.935 0.621 1.223,0.919 0.262 1.283
21.0 24.0 28.0:2.102 1.175 1.266,4.861 0.169 2.586
56.0 39.0 36.0:0.431 1.263 2.057
55.0 54.0 26.0:6.172 1.818 1.483
16.0 22.0 41.0:4.142 1.953 2.012
4.0 18.0 35.0:3.344 1.092 2.046
28.0 18.0 26.0:4.332 0.262 1.652
26.0 27.0 27.0:1.226 1.546 1.897
55.0 45.0 13.0:3.043 0.855 3.264
55.0 20.0 19.0:5.991 1.061 1.076
55.0 60.0 16.0:0.069 0.206 2.76
30.0 60.0 16.0:3.217 0.426 1.427
20.0 65.0 12.0:4.287 0.22 1.302
50.0 35.0 19.0:0.56 0.328 3.267
30.0 25.0 23.0:1.984 1.816 1.622
15.0 10.0 20.0:4.25 0.951 1.328,2.561 0.274 1.308
10.0 20.0 19.0:1.048 0.812 1.896,2.47 0.386 2.311
20.0 40.0 12.0:4.103 1.899 3.275
15.0 60.0 17.0:3.314 1.655 1.374,5.938 0.15 5.006
45.0 20.0 11.0:1.871 1.366 2.614
45.0 10.0 18.0:3.432 0.776 1.756
45.0 30.0 17.0:5.556 1.027 1.831
35.0 40.0 16.0:2.136 1.624 2.673
41.0 37.0 16.0:4.832 0.898 1.108,1.723 0.287 3.295
40.0 60.0 21.0:5.703 0.401 4.996
35.0 69.0 23.0:2.658 0.167 4.848
53.0 52.0 11.0:5.412 1.143 1.69
65.0 55.0 14.0:0.436 1.078 1.415
5.0 5.0 16.0:0.429 1.797 2.037
11.0 14.0 18.0:4.131 0.254 1.572
6.0 38.0 16.0:0.234 0.177 2.354,2.37 0.959 1.091
47.0 47.0 13.0:4.746 0.332 2.323,2.723 0.424 1.469
37.0 31.0 14.0:3.282 1.044 1.088
57.0 29.0 18.0:2.32 0.331 2.309
36.0 26.0 18.0:1.314 0.479 1.542,3.2 0.416 3.357
12.0 24.0 13.0:0.025 0.862 1.423
24.0 58.0 19.0:1.788 1.599 1.17
62.0 77.0 20.0:4.031 1.222 3.637
49.0 73.0 25.0:3.58 0.461 2.553
67.0 5.0 25.0:6.081 1.624 2.619
57.0 68.0 15.0:2.089 1.478 2.482,5.918 0.352 1.997
47.0 16.0 25.0:1.476 0.991 1.44
49.0 11.0 18.0:3.959 1.887 2.154
49.0 42.0 13.0:4.799 1.041 2.785,2.469 0.13 1.909
53.0 43.0 14.0:6.235 0.713 1.73
57.0 48.0 23.0:4.351 0.796 1.559
15.0 47.0 16.0:3.234 0.433 2.591
14.0 37.0 11.0:4.999 1.599 1.777
26.0 35.0 15.0:5.48 0.268 1.573
18.0 24.0 22.0:0.155 1.662 3.761
25.0 24.0 20.0:0.423 1.756 1.861
22.0 27.0 11.0:5.027 0.385 1.289,3.102 1.015 1.166
25.0 21.0 12.0:3.779 0.511 4.517
18.0 18.0 17.0:4.335 0.832 2.225
41.0 49.0 10.0:1.945 1.238 1.171
35.0 17.0 7.0:2.175 1.117 1.015
25.0 30.0 3.0:0.774 0.812 2.326
20.0 50.0 5.0:4.067 1.354 2.518,1.681 0.491 1.015
10.0 43.0 9.0:1.803 0.681 1.367,3.443 0.563 1.598
30.0 5.0 8.0:5.291 0.586 3.648
5.0 30.0 2.0:1.802 1.993 1.327
45.0 65.0 9.0:5.506 0.128 1.723
65.0 35.0 3.0:1.376 1.761 3.392
65.0 20.0 6.0:2.872 0.982 7.352
64.0 42.0 9.0:5.943 0.151 1.487
63.0 65.0 8.0:5.177 1.053 1.747
2.0 60.0 5.0:0.015 1.818 2.295
20.0 20.0 8.0:2.794 1.354 3.97
40.0 25.0 9.0:1.211 1.325 1.684
42.0 7.0 5.0:5.895 1.334 1.056
24.0 12.0 5.0:5.293 0.648 2.387
23.0 3.0 7.0:5.662 0.134 1.261
2.0 48.0 1.0:5.918 0.487 2.012
49.0 58.0 10.0:6.055 1.862 2.742
27.0 43.0 9.0:3.395 0.768 2.25
63.0 23.0 2.0:2.16 0.601 3.271
53.0 12.0 6.0:4.072 0.502 2.715,2.334 0.198 3.055
32.0 12.0 7.0:4.101 1.334 1.365
17.0 34.0 3.0:5.571 1.257 2.136
27.0 69.0 10.0:5.547 0.243 2.79,2.682 1.903 1.447
15.0 77.0 9.0:3.504 1.474 2.848
37.0 47.0 6.0:4.297 0.286 1.717
37.0 56.0 5.0:2.239 1.931 2.381,4.951 0.377 1.363
44.0 17.0 9.0:0.699 1.678 3.918
46.0 13.0 8.0:5.117 0.91 1.052
61.0 52.0 3.0:1.318 0.414 4.8,4.953 1.261 2.013
56.0 37.0 6.0:0.615 1.991 1.127
11.0 31.0 7.0:3.808 0.169 3.09,1.287 0.227 1.985
26.0 52.0 9.0:1.814 0.249 2.179
31.0 67.0 3.0:4.497 1.329 2.402,0.575 0.212 1.684
15.0 19.0 1.0:3.024 1.588 1.62,5.233 0.258 2.635
22.0 22.0 2.0:0.731 0.52 2.517,3.978 0.604 3.077
19.0 21.0 10.0:3.66 0.686 2.136
20.0 26.0 9.0:0.515 1.026 2.738