100 1
35.000 35.000 0
35.000 35.000 0
15.0 30.0 26.0:0.962 0.997 1.708
55.0 5.0 29.0:0.454 0.441 2.199,1.781 0.577 1.684
31.0 52.0 27.0:2.9 0.503 1.353
60.0 12.0 31.0:1.91 1.816 1.684
8.0 56.0 27.0:2.484 0.195 1.476,3.54 0.717 1.2
13.0 52.0 36.0:5.042 0.919 1.94
6.0 68.0 30.0:4.274 1.372 3.198
21.0 24.0 28.0:1.681 1.788 6.029
56.0 39.0 36.0:4.199 1.02 2.037
55.0 54.0 26.0:1.742 1.321 1.149
16.0 22.0 41.0:5.624 1.672 3.069
4.0 18.0 35.0:5.656 0.475 2.561,4.6 0.203 1.083
28.0 18.0 26.0:2.832 0.276 1.266
26.0 27.0 27.0:0.631 0.585 3.165
55.0 45.0 13.0:4.996 0.92 1.091
55.0 20.0 19.0:3.796 0.518 1.294
55.0 60.0 16.0:2.731 0.974 1.521
30.0 60.0 16.0:1.429 0.366 1.175,4.009 1.403 2.966
20.0 65.0 12.0:2.645 0.318 1.567
50.0 35.0 19.0:1.716 0.744 4.25,5.854 0.398 1.873
30.0 25.0 23.0:5.653 0.532 1.877,2.459 1.778 2.629
15.0 10.0 20.0:3.383 1.234 1.428,4.912 0.148 1.648
10.0 20.0 19.0:5.227 0.884 1.003
20.0 40.0 12.0:4.689 0.44 1.14
15.0 60.0 17.0:2.829 1.439 3.533,5.476 0.333 1.631
45.0 20.0 11.0:3.691 0.273 2.769
45.0 10.0 18.0:0.259 0.41 1.46
45.0 30.0 17.0:4.133 1.25 1.747,0.707 0.533 1.779
35.0 40.0 16.0:0.367 1.73 1.714
41.0 37.0 16.0:4.21 0.638 1.667
40.0 60.0 21.0:1.592 1.305 1.441,5.098 0.468 2.3
35.0 69.0 23.0:3.138 0.279 2.058,4.81 0.352 3.02
53.0 52.0 11.0:1.671 0.154 1.194
65.0 55.0 14.0:5.356 0.198 1.834,4.176 0.814 2.008
5.0 5.0 16.0:3.693 1.883 1.32
11.0 14.0 18.0:4.578 1.176 1.03
6.0 38.0 16.0:4.76 1.1 1.615
47.0 47.0 13.0:3.621 0.845 1.069
37.0 31.0 14.0:3.5 0.53 1.024,5.044 0.677 1.553
57.0 29.0 18.0:1.218 1.503 1.869
36.0 26.0 18.0:0.369 1.289 1.299
12.0 24.0 13.0:1.439 0.509 3.448
24.0 58.0 19.0:0.682 1.252 1.689
62.0 77.0 20.0:1.907 1.978 1.004
49.0 73.0 25.0:1.525 0.387 1.285,2.544 0.166 1.214
67.0 5.0 25.0:3.23 0.504 1.952,1.072 0.872 1.076
57.0 68.0 15.0:1.612 0.188 1.509
47.0 16.0 25.0:1.931 1.511 2.371
49.0 11.0 18.0:1.84 1.859 1.029
49.0 42.0 13.0:5.587 1.007 1.083
53.0 43.0 14.0:0.648 0.964 1.169
57.0 48.0 23.0:4.234 0.753 1.398,1.44 0.197 2.583
15.0 47.0 16.0:1.224 0.192 1.405
14.0 37.0 11.0:3.585 0.156 1.288
26.0 35.0 15.0:2.327 0.658 1.26
18.0 24.0 22.0:1.432 0.928 1.029
25.0 24.0 20.0:1.623 0.152 2.051,3.173 0.214 1.352
22.0 27.0 11.0:1.592 1.175 1.699
25.0 21.0 12.0:2.623 1.706 2.474
18.0 18.0 17.0:2.345 0.481 1.381
41.0 49.0 10.0:3.155 0.232 1.171
35.0 17.0 7.0:5.429 0.467 1.105,1.857 1.59 5.432
25.0 30.0 3.0:4.064 1.265 3.109
20.0 50.0 5.0:2.637 0.321 2.962,5.807 0.137 2.569,3.554 0.156 1.095
10.0 43.0 9.0:3.518 0.321 1.608
30.0 5.0 8.0:4.071 0.585 1.995
5.0 30.0 2.0:3.33 1.453 1.099,0.717 0.358 1.868
45.0 65.0 9.0:5.802 0.933 2.087
65.0 35.0 3.0:5.521 1.078 1.19
65.0 20.0 6.0:1.481 0.375 1.003,3.41 1.078 1.868
64.0 42.0 9.0:1.214 1.549 1.038
63.0 65.0 8.0:4.555 1.357 3.223,0.156 0.131 2.357
2.0 60.0 5.0:3.476 0.304 1.265
20.0 20.0 8.0:2.657 0.421 1.144
40.0 25.0 9.0:2.499 0.921 3.418
42.0 7.0 5.0:0.755 1.127 1.749
24.0 12.0 5.0:3.422 0.34 2.647,5.84 0.421 1.133
23.0 3.0 7.0:6.191 0.281 2.004
2.0 48.0 1.0:0.275 0.47 1.58
49.0 58.0 10.0:3.913 1.648 1.713,1.294 0.357 1.534
27.0 43.0 9.0:5.626 1.567 2.852
63.0 23.0 2.0:5.745 0.734 2.293
53.0 12.0 6.0:1.331 1.563 2.877
32.0 12.0 7.0:4.302 1.562 1.414
17.0 34.0 3.0:4.921 1.373 3.125
27.0 69.0 10.0:4.432 0.313 1.614
15.0 77.0 9.0:3.54 1.84 1.705
37.0 47.0 6.0:0.174 1.738 1.743
37.0 56.0 5.0:1.834 0.807 1.745,4.601 1.509 1.853
44.0 17.0 9.0:3.055 1.927 1.128
46.0 13.0 8.0:2.857 0.307 1.4,5.272 0.466 1.203
61.0 52.0 3.0:1.704 1.024 2.072
56.0 37.0 6.0:3.334 1.967 2.477
11.0 31.0 7.0:1.794 0.861 4.13
26.0 52.0 9.0:4.69 0.977 1.363
31.0 67.0 3.0:0.835 0.173 1.961,2.259 0.486 1.57
15.0 19.0 1.0:5.504 0.302 2.14,4.244 0.797 1.494
22.0 22.0 2.0:3.074 1.208 1.946,1.202 0.349 3.398
19.0 21.0 10.0:2.17 1.509 1.827
20.0 26.0 9.0:4.164 0.598 1.085