100, 1
35.000 35.000 0
35.000 35.000 0
15.0 30.0 26.0:0.09 1.705 1.704
55.0 5.0 29.0:0.735 1.787 1.477
31.0 52.0 27.0:2.901 1.833 2.611
60.0 12.0 31.0:4.924 0.933 2.59
8.0 56.0 27.0:2.678 0.24 1.372
13.0 52.0 36.0:4.207 0.257 2.182
6.0 68.0 30.0:4.211 0.215 2.003
21.0 24.0 28.0:1.894 1.289 1.276
56.0 39.0 36.0:1.837 0.161 1.586
55.0 54.0 26.0:2.541 1.256 3.858
16.0 22.0 41.0:6.121 0.577 2.281
4.0 18.0 35.0:3.207 0.62 3.281
28.0 18.0 26.0:5.272 0.386 3.734,0.395 0.217 2.008
26.0 27.0 27.0:1.394 1.888 1.551
55.0 45.0 13.0:5.371 1.045 1.231
55.0 20.0 19.0:5.591 0.926 2.136
55.0 60.0 16.0:3.106 0.826 2.583
30.0 60.0 16.0:0.053 1.631 2.023
20.0 65.0 12.0:4.387 0.978 1.322
50.0 35.0 19.0:2.245 0.51 2.093,4.099 1.099 1.649,5.854 0.164 2.284
30.0 25.0 23.0:1.78 0.654 3.162
15.0 10.0 20.0:5.567 0.843 2.221
10.0 20.0 19.0:3.747 1.565 1.336
20.0 40.0 12.0:5.017 0.568 5.907,1.037 0.488 5.236
15.0 60.0 17.0:0.958 0.236 3.068,3.818 0.287 1.027
45.0 20.0 11.0:3.33 0.276 1.627,1.21 0.744 2.356
45.0 10.0 18.0:1.792 1.025 1.748,4.783 1.405 1.029
45.0 30.0 17.0:5.128 1.801 2.538
35.0 40.0 16.0:6.262 0.461 1.471
41.0 37.0 16.0:2.86 0.192 1.249,0.637 0.152 1.281
40.0 60.0 21.0:1.392 0.14 2.855,5.81 0.256 1.046
35.0 69.0 23.0:5.2 1.8 1.024
53.0 52.0 11.0:4.513 1.734 1.425
65.0 55.0 14.0:5.559 0.177 2.524,3.025 0.179 1.973,4.125 0.52 1.328
5.0 5.0 16.0:5.671 0.648 1.52
11.0 14.0 18.0:1.13 1.24 1.242
6.0 38.0 16.0:3.766 1.775 4.375
47.0 47.0 13.0:1.431 0.377 2.344,6.06 0.175 1.499
37.0 31.0 14.0:3.825 0.243 2.559
57.0 29.0 18.0:2.654 1.537 1.453
36.0 26.0 18.0:1.52 0.464 3.294,4.806 1.044 1.826
12.0 24.0 13.0:0.317 0.484 1.236
24.0 58.0 19.0:0.799 0.249 1.236,1.946 0.545 1.11
62.0 77.0 20.0:4.127 1.852 1.854
49.0 73.0 25.0:3.857 1.078 1.781,1.972 0.492 2.917
67.0 5.0 25.0:3.312 1.399 3.798
57.0 68.0 15.0:5.407 0.208 2.218
47.0 16.0 25.0:2.834 0.357 2.071,3.599 0.25 2.176
49.0 11.0 18.0:5.372 1.14 1.697
49.0 42.0 13.0:4.241 0.416 1.014
53.0 43.0 14.0:4.099 0.958 1.699,1.479 1.396 1.796
57.0 48.0 23.0:5.816 1.247 1.036
15.0 47.0 16.0:2.148 0.796 1.161,3.547 0.2 2.79
14.0 37.0 11.0:4.437 0.625 4.411
26.0 35.0 15.0:2.864 1.142 1.56
18.0 24.0 22.0:1.934 0.17 1.085
25.0 24.0 20.0:5.897 1.801 1.324
22.0 27.0 11.0:3.773 1.421 2.385
25.0 21.0 12.0:5.21 1.924 1.18
18.0 18.0 17.0:4.007 0.36 1.203
41.0 49.0 10.0:0.655 1.881 1.055
35.0 17.0 7.0:4.479 1.555 2.202
25.0 30.0 3.0:2.103 0.317 1.076
20.0 50.0 5.0:4.852 0.786 1.021
10.0 43.0 9.0:2.062 0.154 8.672
30.0 5.0 8.0:5.602 1.546 1.683
5.0 30.0 2.0:0.732 0.203 1.371,3.448 0.293 1.105
45.0 65.0 9.0:0.374 1.601 1.422
65.0 35.0 3.0:2.831 0.542 1.719
65.0 20.0 6.0:5.53 0.602 1.907
64.0 42.0 9.0:1.76 0.86 1.279
63.0 65.0 8.0:5.191 1.147 1.196
2.0 60.0 5.0:2.055 1.737 1.652
20.0 20.0 8.0:6.203 0.344 3.967
40.0 25.0 9.0:3.034 0.811 1.754,0.511 0.425 2.513
42.0 7.0 5.0:6.074 1.34 2.996
24.0 12.0 5.0:2.843 1.067 1.294
23.0 3.0 7.0:0.465 0.561 1.546
2.0 48.0 1.0:5.007 0.545 2.763
49.0 58.0 10.0:3.29 1.992 4.092
27.0 43.0 9.0:4.561 0.869 1.154
63.0 23.0 2.0:2.861 0.222 2.717
53.0 12.0 6.0:0.401 1.042 1.59
32.0 12.0 7.0:4.156 0.853 2.081
17.0 34.0 3.0:3.115 1.316 2.226
27.0 69.0 10.0:2.063 0.259 4.842
15.0 77.0 9.0:0.581 0.668 2.998
37.0 47.0 6.0:5.167 1.587 2.792
37.0 56.0 5.0:1.223 0.48 3.277
44.0 17.0 9.0:0.848 0.855 1.515
46.0 13.0 8.0:2.717 0.625 2.94
61.0 52.0 3.0:2.468 1.067 1.837,5.777 0.39 2.069
56.0 37.0 6.0:3.381 0.604 2.977
11.0 31.0 7.0:0.673 1.178 1.087
26.0 52.0 9.0:1.205 0.481 4.54
31.0 67.0 3.0:2.879 1.658 1.556
15.0 19.0 1.0:3.433 1.533 1.064
22.0 22.0 2.0:4.76 0.403 2.683
19.0 21.0 10.0:3.575 0.244 1.426
20.0 26.0 9.0:6.056 1.906 1.117