100, 1
35.000 35.000 0
35.000 35.000 0
15.0 30.0 26.0:3.558 0.908 1.257
55.0 5.0 29.0:5.733 0.58 1.628
31.0 52.0 27.0:4.61 0.683 2.12
60.0 12.0 31.0:0.683 1.708 4.246
8.0 56.0 27.0:3.609 0.306 1.311
13.0 52.0 36.0:0.049 1.523 2.879
6.0 68.0 30.0:5.25 0.965 2.167,1.144 0.384 1.014
21.0 24.0 28.0:1.841 0.401 1.164,4.402 1.207 1.208
56.0 39.0 36.0:3.783 0.205 1.055,1.744 1.196 1.608,4.628 0.292 3.463
55.0 54.0 26.0:2.129 1.104 2.355
16.0 22.0 41.0:4.601 1.812 4.897
4.0 18.0 35.0:5.172 1.112 1.502
28.0 18.0 26.0:2.511 1.054 1.189,4.44 0.839 1.119,0.508 0.335 1.271
26.0 27.0 27.0:1.335 1.088 1.557
55.0 45.0 13.0:2.847 1.722 1.04
55.0 20.0 19.0:3.196 0.711 2.142
55.0 60.0 16.0:2.418 1.182 3.361
30.0 60.0 16.0:3.347 0.244 1.145
20.0 65.0 12.0:2.502 1.65 2.092
50.0 35.0 19.0:0.606 1.044 3.579
30.0 25.0 23.0:5.943 0.348 1.065
15.0 10.0 20.0:2.238 0.283 2.545,4.368 1.215 1.133
10.0 20.0 19.0:4.287 0.471 1.232
20.0 40.0 12.0:6.138 1.569 1.336
15.0 60.0 17.0:5.609 0.2 1.261
45.0 20.0 11.0:3.483 1.177 3.997,0.595 0.178 2.972
45.0 10.0 18.0:2.291 0.19 1.146
45.0 30.0 17.0:5.992 0.126 2.005
35.0 40.0 16.0:2.491 0.24 1.773
41.0 37.0 16.0:6.066 1.477 2.275
40.0 60.0 21.0:2.121 1.222 1.661
35.0 69.0 23.0:4.397 0.725 1.333
53.0 52.0 11.0:3.992 0.743 1.29
65.0 55.0 14.0:5.774 0.766 1.837
5.0 5.0 16.0:0.56 0.819 1.384
11.0 14.0 18.0:0.415 1.44 2.416
6.0 38.0 16.0:2.522 1.912 1.364
47.0 47.0 13.0:1.211 0.138 2.337,2.557 0.702 1.386
37.0 31.0 14.0:5.269 0.183 4.965
57.0 29.0 18.0:3.12 0.906 2.275
36.0 26.0 18.0:4.257 1.533 1.048
12.0 24.0 13.0:0.351 1.2 3.787
24.0 58.0 19.0:1.724 0.202 1.076
62.0 77.0 20.0:5.867 0.165 2.603
49.0 73.0 25.0:3.074 0.263 1.835
67.0 5.0 25.0:4.902 1.115 1.397
57.0 68.0 15.0:2.276 1.776 2.97
47.0 16.0 25.0:0.261 1.045 1.298
49.0 11.0 18.0:1.145 1.022 5.887
49.0 42.0 13.0:0.925 0.167 2.906
53.0 43.0 14.0:5.171 0.686 1.2,1.047 0.139 1.269
57.0 48.0 23.0:4.702 1.724 1.17
15.0 47.0 16.0:5.484 0.449 2.812,3.278 0.137 1.528
14.0 37.0 11.0:5.672 0.749 3.015
26.0 35.0 15.0:3.372 1.811 1.833,1.068 0.165 2.922
18.0 24.0 22.0:3.294 1.558 1.011
25.0 24.0 20.0:4.505 1.806 1.444
22.0 27.0 11.0:5.771 0.885 6.136
25.0 21.0 12.0:2.554 0.994 1.122
18.0 18.0 17.0:2.476 1.328 2.687
41.0 49.0 10.0:0.547 1.081 1.047
35.0 17.0 7.0:4.657 1.213 1.065
25.0 30.0 3.0:5.093 1.53 3.678
20.0 50.0 5.0:1.211 0.191 2.128
10.0 43.0 9.0:4.526 1.188 1.912
30.0 5.0 8.0:0.68 0.184 1.412
5.0 30.0 2.0:3.086 0.165 2.356
45.0 65.0 9.0:3.619 1.669 1.037,1.262 0.32 2.061
65.0 35.0 3.0:4.7 0.449 1.611
65.0 20.0 6.0:5.837 1.723 1.233
64.0 42.0 9.0:2.44 1.986 1.127
63.0 65.0 8.0:5.592 0.157 1.798,1.628 0.207 1.102,3.354 1.196 2.701
2.0 60.0 5.0:4.182 0.881 1.083
20.0 20.0 8.0:1.857 1.77 1.294
40.0 25.0 9.0:4.656 0.267 1.666
42.0 7.0 5.0:2.98 0.906 2.055
24.0 12.0 5.0:4.663 1.0 1.122
23.0 3.0 7.0:3.027 1.391 1.568,5.575 0.593 2.387
2.0 48.0 1.0:2.726 0.947 1.009
49.0 58.0 10.0:3.24 1.92 1.039
27.0 43.0 9.0:5.103 0.725 2.006
63.0 23.0 2.0:6.117 0.272 1.449
53.0 12.0 6.0:2.174 1.416 1.133
32.0 12.0 7.0:0.841 0.153 1.388,5.329 0.669 3.947
17.0 34.0 3.0:0.108 0.203 1.102
27.0 69.0 10.0:2.017 0.594 4.332
15.0 77.0 9.0:3.435 0.78 1.114,5.137 0.682 1.978
37.0 47.0 6.0:4.69 0.8 3.673
37.0 56.0 5.0:3.38 1.215 1.349,1.735 0.324 1.146
44.0 17.0 9.0:1.364 1.59 1.609
46.0 13.0 8.0:4.233 0.316 1.993
61.0 52.0 3.0:1.344 1.289 2.692,3.711 0.294 1.998
56.0 37.0 6.0:4.92 0.605 2.997
11.0 31.0 7.0:3.967 0.709 1.889
26.0 52.0 9.0:0.204 1.937 1.737
31.0 67.0 3.0:3.018 0.389 2.467
15.0 19.0 1.0:1.371 1.964 1.124
22.0 22.0 2.0:0.756 0.696 1.75,5.883 0.196 1.433
19.0 21.0 10.0:2.98 1.768 2.822
20.0 26.0 9.0:2.936 1.178 1.168