100 1
35.000 35.000 0
35.000 35.000 0
15.0 30.0 26.0:2.987 1.53 1.918
55.0 5.0 29.0:5.281 1.641 1.21
31.0 52.0 27.0:3.065 1.706 1.282
60.0 12.0 31.0:3.444 1.307 1.987
8.0 56.0 27.0:0.09 1.705 1.704
13.0 52.0 36.0:0.735 0.175 1.619
6.0 68.0 30.0:4.924 0.933 2.59
21.0 24.0 28.0:2.678 0.266 1.136
56.0 39.0 36.0:5.056 1.138 2.109,1.952 0.257 1.109
55.0 54.0 26.0:1.894 0.152 2.897
16.0 22.0 41.0:1.514 0.45 1.685
4.0 18.0 35.0:4.82 1.495 1.241
28.0 18.0 26.0:2.776 1.841 2.233
26.0 27.0 27.0:6.121 1.26 2.783
55.0 45.0 13.0:4.566 1.714 2.331
55.0 20.0 19.0:5.272 0.178 1.355
55.0 60.0 16.0:1.577 0.217 2.453
30.0 60.0 16.0:5.875 0.648 3.787
20.0 65.0 12.0:6.024 0.648 2.93
50.0 35.0 19.0:5.591 0.926 2.136
30.0 25.0 23.0:3.106 1.439 1.152
15.0 10.0 20.0:5.451 0.442 3.518
10.0 20.0 19.0:4.025 0.25 1.612
20.0 40.0 12.0:4.387 0.978 1.322
15.0 60.0 17.0:2.245 1.81 2.057
45.0 20.0 11.0:4.178 1.262 1.24
45.0 10.0 18.0:3.672 1.682 4.7
45.0 30.0 17.0:3.747 0.433 1.013
35.0 40.0 16.0:2.36 1.988 1.165
41.0 37.0 16.0:0.776 1.647 1.755
40.0 60.0 21.0:3.0 0.722 2.356
35.0 69.0 23.0:1.792 1.025 1.748,4.783 1.405 1.029
53.0 52.0 11.0:5.128 1.801 2.538
65.0 55.0 14.0:6.262 0.461 1.471
5.0 5.0 16.0:2.86 0.192 1.249,0.637 0.152 1.281
11.0 14.0 18.0:1.392 1.79 3.845
6.0 38.0 16.0:5.3 1.524 3.632
47.0 47.0 13.0:0.149 0.297 2.618
37.0 31.0 14.0:5.686 0.911 2.992
57.0 29.0 18.0:2.177 0.257 1.657
36.0 26.0 18.0:0.392 0.52 1.973
12.0 24.0 13.0:5.671 0.618 2.251
24.0 58.0 19.0:3.766 0.356 1.279
62.0 77.0 20.0:4.645 0.129 2.437,2.467 1.004 1.14
49.0 73.0 25.0:4.623 1.745 1.102
67.0 5.0 25.0:3.81 0.374 1.988,2.827 0.464 1.826
57.0 68.0 15.0:0.317 1.923 1.136
47.0 16.0 25.0:2.269 1.109 3.926
49.0 11.0 18.0:3.608 1.015 1.395
49.0 42.0 13.0:3.312 1.399 3.798
53.0 43.0 14.0:5.407 1.217 1.792
57.0 48.0 23.0:1.434 1.11 2.931,4.244 0.279 2.11
15.0 47.0 16.0:4.241 1.099 1.885,1.717 0.366 2.503
14.0 37.0 11.0:3.16 0.88 1.516
26.0 35.0 15.0:5.816 0.614 2.261
18.0 24.0 22.0:2.519 0.272 1.831
25.0 24.0 20.0:3.177 1.107 2.79,0.547 0.263 1.017
22.0 27.0 11.0:4.437 1.359 1.609,2.576 0.136 2.113
25.0 21.0 12.0:6.018 0.465 1.056
18.0 18.0 17.0:0.51 1.829 1.318
41.0 49.0 10.0:3.773 1.326 4.541
35.0 17.0 7.0:4.007 1.542 1.11,1.451 0.28 4.13
25.0 30.0 3.0:6.147 0.169 1.344
20.0 50.0 5.0:4.479 1.555 2.202
10.0 43.0 9.0:2.103 0.317 1.076
30.0 5.0 8.0:4.852 0.786 1.021
5.0 30.0 2.0:2.062 1.697 2.806
45.0 65.0 9.0:3.11 1.946 1.796
65.0 35.0 3.0:0.566 0.468 1.061
65.0 20.0 6.0:3.248 0.695 2.793
64.0 42.0 9.0:5.53 0.602 1.907
63.0 65.0 8.0:1.76 1.702 2.326
2.0 60.0 5.0:1.528 1.521 2.368,5.665 0.132 1.196
20.0 20.0 8.0:2.055 1.558 5.359
40.0 25.0 9.0:3.034 0.811 1.754,0.511 0.425 2.513
42.0 7.0 5.0:6.074 1.428 1.128
24.0 12.0 5.0:5.429 1.625 2.016
23.0 3.0 7.0:0.465 0.561 1.546
2.0 48.0 1.0:5.007 1.134 3.005
49.0 58.0 10.0:5.205 1.472 2.527
27.0 43.0 9.0:6.245 0.531 2.251
63.0 23.0 2.0:4.561 0.798 1.783
53.0 12.0 6.0:3.556 0.891 1.188,0.897 0.703 1.117
32.0 12.0 7.0:4.859 0.34 1.704
17.0 34.0 3.0:2.812 0.873 1.033
27.0 69.0 10.0:3.363 1.433 2.414
15.0 77.0 9.0:3.115 0.72 1.398
37.0 47.0 6.0:0.581 0.668 2.998
37.0 56.0 5.0:5.167 1.539 1.325
44.0 17.0 9.0:6.106 0.248 2.136
46.0 13.0 8.0:2.717 0.596 2.016
61.0 52.0 3.0:3.562 1.108 1.507
56.0 37.0 6.0:0.673 0.157 2.162
11.0 31.0 7.0:2.531 0.196 1.296
26.0 52.0 9.0:1.205 0.481 4.54
31.0 67.0 3.0:2.879 1.095 3.098
15.0 19.0 1.0:3.785 0.875 2.777
22.0 22.0 2.0:0.39 1.346 1.842
19.0 21.0 10.0:1.999 0.524 1.051
20.0 26.0 9.0:6.056 0.223 1.829