100, 1
35.000 35.000 0
35.000 35.000 0
15.0 30.0 26.0:4.72 0.763 1.319
55.0 5.0 29.0:0.036 0.61 3.442
31.0 52.0 27.0:5.097 0.364 1.813,3.681 0.763 1.967
60.0 12.0 31.0:5.512 1.77 1.611
8.0 56.0 27.0:0.662 0.245 1.813
13.0 52.0 36.0:2.61 1.646 1.269
6.0 68.0 30.0:5.235 1.002 4.183
21.0 24.0 28.0:1.076 1.438 1.133
56.0 39.0 36.0:3.996 0.75 1.498
55.0 54.0 26.0:3.055 0.548 1.766
16.0 22.0 41.0:3.921 0.315 1.827,3.124 0.479 1.507
4.0 18.0 35.0:0.405 1.668 2.962
28.0 18.0 26.0:3.114 1.665 1.234
26.0 27.0 27.0:4.229 1.163 4.584
55.0 45.0 13.0:5.919 0.472 1.11
55.0 20.0 19.0:3.194 0.717 1.112,1.006 0.178 1.219
55.0 60.0 16.0:4.646 0.381 2.458
30.0 60.0 16.0:5.654 0.194 6.32,1.83 0.719 2.406
20.0 65.0 12.0:0.565 0.207 4.154
50.0 35.0 19.0:1.227 1.272 1.435
30.0 25.0 23.0:2.997 0.23 2.565
15.0 10.0 20.0:5.468 1.018 1.909
10.0 20.0 19.0:6.031 0.174 2.534
20.0 40.0 12.0:5.633 0.725 1.973
15.0 60.0 17.0:2.29 0.397 1.142,3.77 0.171 2.6
45.0 20.0 11.0:0.794 1.255 4.712
45.0 10.0 18.0:5.092 0.661 1.297
45.0 30.0 17.0:1.059 0.763 1.281
35.0 40.0 16.0:3.45 0.605 1.527
41.0 37.0 16.0:1.585 0.687 2.444
40.0 60.0 21.0:3.559 0.502 4.447
35.0 69.0 23.0:4.577 0.549 1.695,2.638 0.677 1.568
53.0 52.0 11.0:1.889 0.131 1.128
65.0 55.0 14.0:2.589 0.76 1.779
5.0 5.0 16.0:3.88 0.343 2.109,5.13 0.318 2.846
11.0 14.0 18.0:3.54 0.148 1.783
6.0 38.0 16.0:4.443 0.195 1.232
47.0 47.0 13.0:0.88 1.317 1.156
37.0 31.0 14.0:5.364 1.087 2.726
57.0 29.0 18.0:5.057 0.361 1.308,1.771 0.835 3.034
36.0 26.0 18.0:0.125 0.935 1.121
12.0 24.0 13.0:2.145 0.222 1.185,4.366 1.904 1.337
24.0 58.0 19.0:5.61 1.321 1.454
62.0 77.0 20.0:4.514 1.119 1.71
49.0 73.0 25.0:3.769 0.143 1.644,5.323 0.251 3.695
67.0 5.0 25.0:2.784 1.66 1.175,5.585 0.291 1.906
57.0 68.0 15.0:2.515 1.044 1.164,4.352 0.135 1.371
47.0 16.0 25.0:3.001 1.107 1.1
49.0 11.0 18.0:0.358 1.33 2.667
49.0 42.0 13.0:0.364 0.515 1.425
53.0 43.0 14.0:4.805 1.009 1.193
57.0 48.0 23.0:3.586 1.212 1.871
15.0 47.0 16.0:4.894 1.387 1.325
14.0 37.0 11.0:1.388 1.28 2.589
26.0 35.0 15.0:0.067 0.202 2.033
18.0 24.0 22.0:1.891 0.257 1.422,3.983 1.744 2.195
25.0 24.0 20.0:5.938 1.707 5.098
22.0 27.0 11.0:3.784 1.883 1.123
25.0 21.0 12.0:4.844 0.18 1.183
18.0 18.0 17.0:1.68 0.526 3.026
41.0 49.0 10.0:0.416 1.807 3.318
35.0 17.0 7.0:4.825 1.331 1.521
25.0 30.0 3.0:5.716 0.259 1.143,1.183 0.405 1.196
20.0 50.0 5.0:2.419 1.977 3.9
10.0 43.0 9.0:0.962 1.05 3.739
30.0 5.0 8.0:3.695 1.614 1.056,1.355 0.554 1.089
5.0 30.0 2.0:5.144 0.874 1.85,1.114 0.572 1.518
45.0 65.0 9.0:2.349 0.232 1.636,5.229 0.176 1.659,3.719 0.487 1.007
65.0 35.0 3.0:3.487 0.244 1.145
65.0 20.0 6.0:3.829 0.199 1.291
64.0 42.0 9.0:5.023 0.803 1.35,2.244 0.688 4.86
63.0 65.0 8.0:0.269 1.451 2.343
2.0 60.0 5.0:2.736 0.205 2.574,5.526 0.434 2.111
20.0 20.0 8.0:1.085 1.571 2.17
40.0 25.0 9.0:4.35 1.701 1.032
42.0 7.0 5.0:5.15 0.46 5.438,4.262 0.324 1.67
24.0 12.0 5.0:5.854 0.211 2.392,1.262 0.938 1.279
23.0 3.0 7.0:4.062 0.409 1.251
2.0 48.0 1.0:0.438 0.313 1.436,3.529 0.386 3.017
49.0 58.0 10.0:0.194 1.883 3.499
27.0 43.0 9.0:3.944 0.174 1.716,0.859 0.323 2.132
63.0 23.0 2.0:5.273 0.497 1.262,4.054 0.229 2.607
53.0 12.0 6.0:2.374 1.746 2.42
32.0 12.0 7.0:5.107 1.386 1.969
17.0 34.0 3.0:1.782 1.6 1.404
27.0 69.0 10.0:3.975 0.368 4.007
15.0 77.0 9.0:1.552 0.418 1.06,0.297 0.267 1.225
37.0 47.0 6.0:6.167 0.627 1.398
37.0 56.0 5.0:0.023 1.601 2.085
44.0 17.0 9.0:4.585 1.548 1.841
46.0 13.0 8.0:5.475 1.35 1.065
61.0 52.0 3.0:3.369 1.705 1.687
56.0 37.0 6.0:5.89 1.516 1.727
11.0 31.0 7.0:0.49 0.699 1.044
26.0 52.0 9.0:4.337 0.161 11.357,3.553 0.308 2.585
31.0 67.0 3.0:3.126 0.412 1.836
15.0 19.0 1.0:5.953 1.061 1.097
22.0 22.0 2.0:1.707 0.566 1.966
19.0 21.0 10.0:3.434 0.185 1.365,5.922 0.292 1.658
20.0 26.0 9.0:1.982 1.744 2.121