100, 1
35.000 35.000 0
35.000 35.000 0
15.0 30.0 26.0:5.656 1.435 3.853
55.0 5.0 29.0:1.574 0.76 1.428
31.0 52.0 27.0:6.194 0.437 1.839
60.0 12.0 31.0:6.174 1.371 1.373
8.0 56.0 27.0:2.813 0.884 2.173
13.0 52.0 36.0:5.347 0.411 2.833,1.772 0.863 2.071
6.0 68.0 30.0:5.773 1.094 3.76
21.0 24.0 28.0:0.328 1.898 1.206
56.0 39.0 36.0:6.123 1.214 1.173
55.0 54.0 26.0:5.548 1.728 1.954
16.0 22.0 41.0:6.027 1.097 1.576
4.0 18.0 35.0:4.673 0.143 1.68,4.303 0.19 1.419
28.0 18.0 26.0:0.666 0.229 1.26
26.0 27.0 27.0:2.106 0.133 4.065,4.763 0.728 1.184
55.0 45.0 13.0:3.566 0.136 3.409,4.272 0.499 1.169
55.0 20.0 19.0:1.222 0.733 1.238
55.0 60.0 16.0:2.454 1.0 1.189
30.0 60.0 16.0:1.486 1.007 3.433
20.0 65.0 12.0:1.362 0.662 3.246
50.0 35.0 19.0:3.137 1.826 1.104
30.0 25.0 23.0:3.076 1.504 2.286
15.0 10.0 20.0:5.736 1.708 2.185
10.0 20.0 19.0:3.461 2.004 1.611
20.0 40.0 12.0:1.669 0.353 2.755
15.0 60.0 17.0:6.076 0.307 2.339
45.0 20.0 11.0:1.143 1.595 1.284
45.0 10.0 18.0:5.397 1.74 1.778
45.0 30.0 17.0:0.447 1.607 2.375
35.0 40.0 16.0:1.602 0.932 2.716,0.2 0.175 1.804
41.0 37.0 16.0:1.214 1.641 2.425
40.0 60.0 21.0:0.573 0.492 1.428
35.0 69.0 23.0:5.507 1.017 1.502
53.0 52.0 11.0:0.339 1.243 1.002
65.0 55.0 14.0:4.764 0.665 1.359,2.727 0.263 1.15
5.0 5.0 16.0:1.311 0.507 1.203,4.083 1.768 1.12
11.0 14.0 18.0:6.274 0.318 2.243
6.0 38.0 16.0:5.702 0.593 2.231
47.0 47.0 13.0:2.814 0.676 1.028
37.0 31.0 14.0:0.032 0.146 3.06
57.0 29.0 18.0:6.037 0.582 2.086
36.0 26.0 18.0:6.03 0.856 1.003
12.0 24.0 13.0:1.513 0.722 1.741
24.0 58.0 19.0:0.036 0.959 1.643
62.0 77.0 20.0:1.821 0.312 2.98,4.972 0.36 2.819
49.0 73.0 25.0:1.532 1.722 1.875
67.0 5.0 25.0:4.474 0.822 1.792
57.0 68.0 15.0:5.293 1.134 2.399
47.0 16.0 25.0:4.311 1.821 1.911
49.0 11.0 18.0:3.116 0.224 1.148
49.0 42.0 13.0:1.29 0.5 1.878,2.739 0.91 1.212
53.0 43.0 14.0:3.558 2.003 1.972
57.0 48.0 23.0:5.382 1.509 1.191
15.0 47.0 16.0:4.697 0.568 1.07
14.0 37.0 11.0:4.214 1.408 2.727
26.0 35.0 15.0:0.688 1.944 2.269
18.0 24.0 22.0:1.453 0.688 1.066,4.94 0.254 1.098,3.574 0.24 2.929
25.0 24.0 20.0:3.192 0.508 1.056
22.0 27.0 11.0:1.929 0.434 1.037
25.0 21.0 12.0:3.086 0.165 2.068
18.0 18.0 17.0:4.977 0.528 1.735,0.917 0.405 2.415
41.0 49.0 10.0:0.293 1.827 1.13
35.0 17.0 7.0:6.238 1.471 1.54
25.0 30.0 3.0:5.835 0.873 1.797
20.0 50.0 5.0:1.243 1.401 2.422
10.0 43.0 9.0:5.815 0.477 2.366
30.0 5.0 8.0:5.197 0.401 2.144
5.0 30.0 2.0:1.739 0.83 2.143
45.0 65.0 9.0:6.246 1.742 2.685
65.0 35.0 3.0:5.99 1.616 3.28
65.0 20.0 6.0:3.436 0.374 2.863,5.014 0.657 2.345
64.0 42.0 9.0:4.472 1.204 2.384
63.0 65.0 8.0:2.671 0.231 1.052
2.0 60.0 5.0:5.144 1.075 1.881
20.0 20.0 8.0:5.378 0.97 1.095
40.0 25.0 9.0:5.739 1.553 1.212
42.0 7.0 5.0:2.652 0.682 3.679
24.0 12.0 5.0:2.425 0.928 1.283,4.7 0.989 1.125
23.0 3.0 7.0:1.419 0.56 2.334
2.0 48.0 1.0:0.895 1.131 1.905
49.0 58.0 10.0:4.291 0.4 1.079
27.0 43.0 9.0:1.443 0.13 1.138,1.985 0.401 5.367
63.0 23.0 2.0:2.629 1.282 1.574
53.0 12.0 6.0:4.58 0.941 1.236,2.044 0.621 1.757
32.0 12.0 7.0:1.34 0.817 2.159
17.0 34.0 3.0:5.23 0.433 1.334
27.0 69.0 10.0:0.734 0.301 1.845
15.0 77.0 9.0:6.065 1.406 1.031
37.0 47.0 6.0:0.821 0.289 1.627
37.0 56.0 5.0:1.497 0.424 1.585,4.868 1.127 4.391,2.308 0.134 1.342
44.0 17.0 9.0:2.604 1.761 1.987
46.0 13.0 8.0:1.712 0.65 1.361,4.566 0.751 1.736
61.0 52.0 3.0:2.432 1.619 1.407
56.0 37.0 6.0:0.959 0.334 2.707,3.048 0.327 1.472,4.169 0.281 2.597
11.0 31.0 7.0:2.318 0.223 1.127
26.0 52.0 9.0:1.346 0.931 1.459
31.0 67.0 3.0:5.061 0.374 1.151,4.422 0.154 1.309
15.0 19.0 1.0:4.112 0.62 1.236
22.0 22.0 2.0:3.314 0.331 2.271
19.0 21.0 10.0:0.463 0.495 2.657
20.0 26.0 9.0:5.048 0.653 1.723