100, 1
35.000 35.000 0
35.000 35.000 0
15.0 30.0 26.0:1.151 1.892 2.507
55.0 5.0 29.0:2.069 0.126 1.584
31.0 52.0 27.0:4.842 1.282 1.644
60.0 12.0 31.0:5.549 1.422 2.069
8.0 56.0 27.0:4.814 0.586 1.836
13.0 52.0 36.0:0.57 0.488 1.972
6.0 68.0 30.0:6.134 0.431 1.368
21.0 24.0 28.0:0.973 0.442 1.645
56.0 39.0 36.0:4.773 0.842 1.029,1.358 0.562 2.6
55.0 54.0 26.0:1.049 0.442 1.652,2.639 0.76 2.056
16.0 22.0 41.0:1.485 0.807 2.033,3.447 0.691 1.852
4.0 18.0 35.0:4.485 0.796 1.7,1.817 1.655 1.269
28.0 18.0 26.0:0.523 0.312 1.173
26.0 27.0 27.0:4.973 0.708 2.864
55.0 45.0 13.0:0.063 1.281 2.921
55.0 20.0 19.0:0.978 1.487 1.144
55.0 60.0 16.0:2.914 1.219 1.857,5.849 0.194 1.074
30.0 60.0 16.0:1.471 1.93 1.304
20.0 65.0 12.0:5.555 1.897 1.024
50.0 35.0 19.0:0.916 1.507 5.328
30.0 25.0 23.0:1.518 1.323 4.424
15.0 10.0 20.0:4.209 1.726 4.479
10.0 20.0 19.0:2.143 1.936 1.785,5.45 0.436 1.776
20.0 40.0 12.0:3.064 1.684 2.584
15.0 60.0 17.0:1.389 0.772 1.013
45.0 20.0 11.0:4.657 0.937 1.582
45.0 10.0 18.0:5.93 0.891 1.467
45.0 30.0 17.0:3.367 0.808 2.426
35.0 40.0 16.0:1.777 1.096 2.11
41.0 37.0 16.0:0.247 0.68 1.367
40.0 60.0 21.0:2.386 0.329 1.438
35.0 69.0 23.0:2.844 1.278 2.467,5.642 0.53 1.278
53.0 52.0 11.0:3.441 1.118 1.449
65.0 55.0 14.0:1.65 1.078 1.16,4.159 0.903 2.356
5.0 5.0 16.0:5.872 0.2 1.498
11.0 14.0 18.0:4.23 0.175 1.397,5.665 0.147 3.35
6.0 38.0 16.0:2.642 0.443 2.214,1.527 0.291 2.833
47.0 47.0 13.0:3.72 1.831 4.093
37.0 31.0 14.0:4.496 1.468 2.325,2.402 0.132 1.286
57.0 29.0 18.0:2.722 1.94 1.211
36.0 26.0 18.0:1.192 1.203 1.042
12.0 24.0 13.0:0.296 1.593 2.892
24.0 58.0 19.0:1.861 1.883 2.555
62.0 77.0 20.0:0.483 1.937 1.741
49.0 73.0 25.0:0.648 0.237 1.735
67.0 5.0 25.0:3.774 0.405 1.692,2.804 0.132 1.373
57.0 68.0 15.0:5.938 1.623 2.211
47.0 16.0 25.0:2.941 0.881 1.976
49.0 11.0 18.0:1.884 1.437 1.905
49.0 42.0 13.0:4.441 0.155 1.543,2.187 0.805 1.208
53.0 43.0 14.0:2.92 0.28 2.063,1.749 0.133 1.023
57.0 48.0 23.0:6.07 1.306 3.107
15.0 47.0 16.0:1.612 1.189 1.658,4.243 0.564 2.424
14.0 37.0 11.0:0.144 1.583 2.42
26.0 35.0 15.0:3.966 0.151 1.41
18.0 24.0 22.0:1.02 1.444 2.599
25.0 24.0 20.0:1.499 0.59 1.014,4.117 1.482 2.593
22.0 27.0 11.0:1.46 0.226 8.171,3.408 0.156 2.47
25.0 21.0 12.0:2.966 0.607 1.303
18.0 18.0 17.0:1.523 1.575 1.941
41.0 49.0 10.0:6.158 1.433 1.495
35.0 17.0 7.0:6.118 0.734 1.283
25.0 30.0 3.0:5.522 0.802 1.287
20.0 50.0 5.0:4.51 0.17 3.665
10.0 43.0 9.0:1.566 1.695 2.002
30.0 5.0 8.0:3.215 0.211 1.215
5.0 30.0 2.0:6.14 0.65 2.088
45.0 65.0 9.0:1.079 0.796 1.338
65.0 35.0 3.0:5.022 1.033 1.014,2.206 1.167 2.144
65.0 20.0 6.0:1.917 0.205 1.186,0.523 0.215 2.168
64.0 42.0 9.0:2.603 0.163 1.297
63.0 65.0 8.0:2.992 0.538 3.437
2.0 60.0 5.0:1.291 0.388 1.172,2.058 0.225 1.324
20.0 20.0 8.0:1.964 1.39 1.836,4.159 0.559 2.563
40.0 25.0 9.0:5.647 1.013 2.22
42.0 7.0 5.0:0.494 0.676 1.071
24.0 12.0 5.0:0.328 0.343 1.594
23.0 3.0 7.0:4.773 0.994 2.225
2.0 48.0 1.0:2.356 0.898 2.365,5.454 0.291 3.228
49.0 58.0 10.0:1.179 1.93 1.626
27.0 43.0 9.0:5.837 1.481 1.149
63.0 23.0 2.0:5.012 0.269 1.009,0.633 0.166 1.775,2.93 0.258 1.232
53.0 12.0 6.0:0.108 0.276 2.432
32.0 12.0 7.0:2.042 1.58 1.245,4.812 0.599 1.11
17.0 34.0 3.0:0.028 0.145 2.251
27.0 69.0 10.0:4.842 1.874 1.199
15.0 77.0 9.0:3.844 0.792 2.13,2.501 0.438 1.057,5.428 0.168 1.648
37.0 47.0 6.0:2.103 1.745 1.266
37.0 56.0 5.0:2.104 0.224 5.146
44.0 17.0 9.0:2.963 0.396 2.974,1.666 0.57 1.151
46.0 13.0 8.0:4.019 1.909 2.106
61.0 52.0 3.0:1.158 1.961 1.175
56.0 37.0 6.0:5.979 1.376 2.447
11.0 31.0 7.0:5.732 0.396 1.122,0.609 0.222 1.081
26.0 52.0 9.0:5.638 0.924 1.828
31.0 67.0 3.0:1.774 0.144 1.123
15.0 19.0 1.0:0.319 0.132 1.547,1.669 0.858 1.445
22.0 22.0 2.0:1.219 0.352 1.739,3.29 1.626 3.817
19.0 21.0 10.0:5.444 1.736 2.089
20.0 26.0 9.0:3.382 0.939 1.229