100 1
35.000 35.000 0
35.000 35.000 0
15.0 30.0 26.0:0.389 0.387 1.44,1.752 0.453 2.636
55.0 5.0 29.0:0.376 0.216 1.155
31.0 52.0 27.0:3.016 1.298 1.104,4.908 0.146 1.656
60.0 12.0 31.0:2.316 0.256 2.137,4.034 0.438 2.861
8.0 56.0 27.0:3.725 0.26 1.662,0.689 0.128 1.236
13.0 52.0 36.0:2.888 1.662 1.009
6.0 68.0 30.0:1.679 0.302 1.85
21.0 24.0 28.0:2.807 1.813 2.508
56.0 39.0 36.0:1.153 0.856 1.56,5.145 1.085 1.572
55.0 54.0 26.0:0.788 0.708 1.014
16.0 22.0 41.0:2.622 1.597 2.266
4.0 18.0 35.0:4.437 0.162 1.634
28.0 18.0 26.0:2.629 0.713 1.481,5.615 0.65 2.837
26.0 27.0 27.0:0.071 0.776 1.311
55.0 45.0 13.0:1.033 1.129 2.805
55.0 20.0 19.0:3.421 0.826 1.544
55.0 60.0 16.0:4.342 0.434 1.859
30.0 60.0 16.0:1.553 1.275 4.679,3.293 0.28 3.011
20.0 65.0 12.0:5.299 1.589 1.31
50.0 35.0 19.0:4.756 0.22 1.403,3.63 0.607 2.081
30.0 25.0 23.0:2.641 1.451 1.961
15.0 10.0 20.0:1.557 1.342 1.238
10.0 20.0 19.0:4.905 0.691 1.187
20.0 40.0 12.0:3.972 0.241 2.32
15.0 60.0 17.0:5.657 0.28 1.76
45.0 20.0 11.0:2.566 1.82 1.151
45.0 10.0 18.0:3.708 1.439 1.06
45.0 30.0 17.0:2.436 0.684 1.705
35.0 40.0 16.0:1.608 0.413 1.154,4.947 0.135 1.636
41.0 37.0 16.0:0.319 0.201 1.988,3.836 0.525 3.18
40.0 60.0 21.0:0.658 0.304 1.472,2.619 0.336 1.401
35.0 69.0 23.0:4.176 1.536 1.954
53.0 52.0 11.0:1.119 0.464 1.002,3.261 0.584 2.145
65.0 55.0 14.0:0.365 0.331 1.918,4.621 0.281 5.103
5.0 5.0 16.0:2.652 0.177 2.145,5.462 0.802 1.471
11.0 14.0 18.0:0.813 1.31 1.349
6.0 38.0 16.0:2.828 1.036 2.004
47.0 47.0 13.0:3.154 1.589 1.229,5.937 0.291 3.166
37.0 31.0 14.0:2.83 0.572 1.013
57.0 29.0 18.0:4.41 1.906 2.507
36.0 26.0 18.0:1.464 0.647 1.264
12.0 24.0 13.0:4.939 1.769 2.015
24.0 58.0 19.0:2.456 1.614 1.441
62.0 77.0 20.0:3.382 1.274 2.501,5.792 0.207 3.32
49.0 73.0 25.0:5.186 0.189 1.042,2.996 0.39 1.508
67.0 5.0 25.0:2.801 1.284 3.827,0.532 0.477 1.184
57.0 68.0 15.0:1.881 0.374 1.911
47.0 16.0 25.0:0.914 1.243 1.881
49.0 11.0 18.0:2.498 0.697 2.571,5.131 0.568 2.118
49.0 42.0 13.0:3.171 1.709 3.101
53.0 43.0 14.0:1.125 0.804 1.373,5.334 0.218 2.161
57.0 48.0 23.0:5.614 1.157 1.109
15.0 47.0 16.0:3.159 0.403 1.081
14.0 37.0 11.0:5.535 0.917 1.91
26.0 35.0 15.0:4.559 0.448 1.048
18.0 24.0 22.0:5.386 1.682 2.538
25.0 24.0 20.0:3.972 0.853 1.958
22.0 27.0 11.0:0.897 1.905 3.491
25.0 21.0 12.0:1.103 1.294 1.336
18.0 18.0 17.0:3.632 1.809 3.302
41.0 49.0 10.0:2.936 0.555 2.479,4.506 0.329 1.139
35.0 17.0 7.0:2.935 0.532 4.349,4.857 0.763 2.172
25.0 30.0 3.0:0.161 1.889 1.072
20.0 50.0 5.0:0.935 0.129 3.518,5.459 0.178 1.29
10.0 43.0 9.0:4.865 1.44 1.479
30.0 5.0 8.0:1.628 0.443 1.859
5.0 30.0 2.0:5.612 0.176 2.05
45.0 65.0 9.0:3.722 1.828 4.093
65.0 35.0 3.0:0.768 0.24 1.036,5.064 1.097 2.538
65.0 20.0 6.0:2.195 1.401 1.323
64.0 42.0 9.0:1.262 1.252 1.698
63.0 65.0 8.0:0.318 0.342 1.233
2.0 60.0 5.0:5.631 0.756 4.195
20.0 20.0 8.0:1.36 0.54 3.529
40.0 25.0 9.0:3.04 1.849 1.303
42.0 7.0 5.0:2.201 1.312 5.326
24.0 12.0 5.0:1.577 0.18 1.533
23.0 3.0 7.0:3.628 0.562 1.718,1.023 0.711 1.486
2.0 48.0 1.0:0.381 0.358 1.693
49.0 58.0 10.0:3.672 0.745 1.452
27.0 43.0 9.0:5.049 1.849 2.363
63.0 23.0 2.0:1.828 1.12 1.301,4.872 0.166 1.55
53.0 12.0 6.0:2.879 1.056 1.017
32.0 12.0 7.0:1.242 1.34 1.946
17.0 34.0 3.0:2.711 0.315 2.828,1.317 0.457 2.981
27.0 69.0 10.0:4.164 0.131 1.118
15.0 77.0 9.0:0.197 0.347 2.323
37.0 47.0 6.0:2.453 0.186 1.122
37.0 56.0 5.0:2.775 1.981 2.733,5.751 0.174 2.499
44.0 17.0 9.0:1.551 0.735 3.875
46.0 13.0 8.0:3.933 0.247 1.101,5.231 0.941 1.586
61.0 52.0 3.0:6.218 0.232 1.518
56.0 37.0 6.0:4.731 0.214 2.683
11.0 31.0 7.0:3.797 0.138 4.08
26.0 52.0 9.0:5.387 0.812 2.685
31.0 67.0 3.0:3.188 1.669 3.127
15.0 19.0 1.0:4.746 0.914 1.405
22.0 22.0 2.0:6.022 0.325 1.174
19.0 21.0 10.0:5.497 0.704 2.559
20.0 26.0 9.0:2.264 1.738 1.647,5.407 0.859 1.761