100, 1
35.000 35.000 0
35.000 35.000 0
15.0 30.0 26.0:5.724 0.929 1.144
55.0 5.0 29.0:6.083 1.469 1.267
31.0 52.0 27.0:5.911 0.223 3.779,2.353 0.458 1.028
60.0 12.0 31.0:5.751 0.738 1.352
8.0 56.0 27.0:2.562 1.436 1.103,4.752 0.246 1.002
13.0 52.0 36.0:5.676 1.434 3.112
6.0 68.0 30.0:4.572 0.788 2.002
21.0 24.0 28.0:5.662 0.227 2.603,2.616 0.409 1.208
56.0 39.0 36.0:4.313 0.313 1.388,2.671 0.252 1.565
55.0 54.0 26.0:1.667 0.24 1.153,5.346 0.683 1.331
16.0 22.0 41.0:5.17 1.088 2.364,0.849 0.438 3.153
4.0 18.0 35.0:5.872 0.279 1.538
28.0 18.0 26.0:1.21 0.877 2.823,4.247 1.034 1.941
26.0 27.0 27.0:5.854 1.585 1.075
55.0 45.0 13.0:5.952 0.842 2.293
55.0 20.0 19.0:1.782 1.825 1.568
55.0 60.0 16.0:0.275 0.269 2.381
30.0 60.0 16.0:1.816 0.334 1.204,5.519 0.712 1.254
20.0 65.0 12.0:4.155 1.616 1.604
50.0 35.0 19.0:2.398 0.403 1.266
30.0 25.0 23.0:4.064 1.997 2.656,1.136 0.338 2.986
15.0 10.0 20.0:0.076 1.693 1.743
10.0 20.0 19.0:1.06 0.781 3.791,4.822 0.235 1.312
20.0 40.0 12.0:1.378 0.483 1.132,5.593 0.131 2.613,2.49 0.158 1.823
15.0 60.0 17.0:0.526 1.673 1.629
45.0 20.0 11.0:2.18 0.673 1.511
45.0 10.0 18.0:3.744 0.427 4.423
45.0 30.0 17.0:4.207 0.167 1.548
35.0 40.0 16.0:3.956 0.664 1.051,1.512 0.895 1.289
41.0 37.0 16.0:1.032 1.042 1.066
40.0 60.0 21.0:1.168 0.898 1.965,4.368 0.835 1.301
35.0 69.0 23.0:3.254 1.041 1.224
53.0 52.0 11.0:5.264 0.516 1.064
65.0 55.0 14.0:3.343 0.2 2.695
5.0 5.0 16.0:1.421 1.274 1.128
11.0 14.0 18.0:3.436 1.207 4.247
6.0 38.0 16.0:4.246 0.963 3.408,1.778 0.616 1.3
47.0 47.0 13.0:5.786 1.069 1.51
37.0 31.0 14.0:3.421 1.444 1.447
57.0 29.0 18.0:4.377 1.057 1.284
36.0 26.0 18.0:4.956 1.292 1.445,1.233 0.961 1.25
12.0 24.0 13.0:5.358 0.42 4.508,2.298 0.271 1.223
24.0 58.0 19.0:3.534 0.821 1.6
62.0 77.0 20.0:3.531 0.705 1.732,0.743 0.199 4.145
49.0 73.0 25.0:2.706 1.956 1.3
67.0 5.0 25.0:4.364 0.166 1.006,2.46 0.198 1.046
57.0 68.0 15.0:3.513 0.153 2.118
47.0 16.0 25.0:4.13 1.068 2.596
49.0 11.0 18.0:3.372 0.772 1.818,4.868 0.614 3.077
49.0 42.0 13.0:2.997 0.871 2.914
53.0 43.0 14.0:2.596 0.859 2.337
57.0 48.0 23.0:2.748 1.857 7.142
15.0 47.0 16.0:4.293 0.198 3.967,1.96 1.225 3.652
14.0 37.0 11.0:5.346 0.344 1.817
26.0 35.0 15.0:0.257 0.487 4.809
18.0 24.0 22.0:3.055 0.269 1.642
25.0 24.0 20.0:0.453 1.172 2.759
22.0 27.0 11.0:2.623 0.184 1.272,5.564 0.272 1.455
25.0 21.0 12.0:4.814 1.87 2.893
18.0 18.0 17.0:4.931 1.132 3.569
41.0 49.0 10.0:1.248 0.997 1.915
35.0 17.0 7.0:3.976 0.24 1.061
25.0 30.0 3.0:1.25 1.282 1.564
20.0 50.0 5.0:0.57 0.485 3.046,2.75 0.216 1.206,4.321 0.587 3.322
10.0 43.0 9.0:4.562 1.166 1.031
30.0 5.0 8.0:4.495 1.454 2.427,1.194 0.156 2.191
5.0 30.0 2.0:1.828 1.279 2.348
45.0 65.0 9.0:5.732 1.769 1.266
65.0 35.0 3.0:6.18 0.555 1.824
65.0 20.0 6.0:2.957 1.265 1.328
64.0 42.0 9.0:1.692 0.574 1.13,2.977 0.292 3.352,5.078 0.416 3.607
63.0 65.0 8.0:1.645 0.207 1.3
2.0 60.0 5.0:4.222 1.36 1.14
20.0 20.0 8.0:4.339 0.446 1.067,1.665 1.148 2.048
40.0 25.0 9.0:3.459 0.878 4.856
42.0 7.0 5.0:1.262 1.767 1.354
24.0 12.0 5.0:5.256 1.225 3.069
23.0 3.0 7.0:0.087 1.236 1.034
2.0 48.0 1.0:4.7 1.671 1.796
49.0 58.0 10.0:2.321 1.567 1.221
27.0 43.0 9.0:4.688 0.467 1.542,0.932 0.19 1.327
63.0 23.0 2.0:4.814 0.485 1.171
53.0 12.0 6.0:0.988 0.936 1.393
32.0 12.0 7.0:0.403 1.393 1.438
17.0 34.0 3.0:0.34 0.45 1.259
27.0 69.0 10.0:2.359 0.56 1.235
15.0 77.0 9.0:1.088 0.348 1.821
37.0 47.0 6.0:2.53 0.18 1.649,1.112 0.16 2.48
37.0 56.0 5.0:5.058 0.811 2.451,3.605 0.341 1.89
44.0 17.0 9.0:2.614 0.338 2.034
46.0 13.0 8.0:2.951 0.243 2.142,0.823 0.508 1.203
61.0 52.0 3.0:3.609 0.224 2.125
56.0 37.0 6.0:5.576 1.516 1.651
11.0 31.0 7.0:2.437 0.361 1.674
26.0 52.0 9.0:2.886 1.553 1.6
31.0 67.0 3.0:0.136 0.274 2.816
15.0 19.0 1.0:5.197 1.459 1.434
22.0 22.0 2.0:0.929 0.474 2.642,2.748 1.14 2.422
19.0 21.0 10.0:1.822 1.858 2.278
20.0 26.0 9.0:4.132 1.324 1.268,6.016 0.183 2.11,1.93 0.807 1.326