100, 1
35.000 35.000 0
35.000 35.000 0
15.0 30.0 26.0:0.198 1.096 2.541
55.0 5.0 29.0:1.939 0.214 1.837
31.0 52.0 27.0:3.216 0.475 1.63
60.0 12.0 31.0:5.421 0.26 3.003,3.481 1.49 1.896
8.0 56.0 27.0:4.21 1.738 4.879
13.0 52.0 36.0:1.331 1.292 2.258,5.359 0.655 1.485
6.0 68.0 30.0:0.173 1.574 1.285
21.0 24.0 28.0:5.955 0.671 1.425
56.0 39.0 36.0:1.931 1.815 1.226
55.0 54.0 26.0:3.015 1.197 1.165
16.0 22.0 41.0:1.725 1.158 1.134
4.0 18.0 35.0:5.539 1.2 1.57
28.0 18.0 26.0:2.502 1.289 1.049,4.463 0.379 1.087
26.0 27.0 27.0:5.345 0.514 4.43,4.015 0.735 2.128,0.414 0.351 1.132
55.0 45.0 13.0:0.966 0.274 3.111
55.0 20.0 19.0:5.683 0.307 1.287
55.0 60.0 16.0:2.664 1.256 1.93
30.0 60.0 16.0:0.632 0.629 1.79
20.0 65.0 12.0:4.646 0.785 1.509
50.0 35.0 19.0:5.691 0.549 1.17,3.393 0.188 2.793
30.0 25.0 23.0:1.745 0.159 4.264,4.558 1.53 1.126
15.0 10.0 20.0:3.455 0.18 2.284,4.977 1.257 1.12
10.0 20.0 19.0:6.216 1.934 3.401
20.0 40.0 12.0:3.801 0.718 1.85,2.433 0.37 4.251,5.567 0.169 1.285
15.0 60.0 17.0:5.216 0.515 3.443
45.0 20.0 11.0:4.317 0.23 2.523,1.271 0.259 2.662,4.935 0.331 1.061
45.0 10.0 18.0:2.382 1.086 2.004
45.0 30.0 17.0:4.454 0.964 2.352
35.0 40.0 16.0:4.204 0.5 1.998,2.387 0.799 1.834
41.0 37.0 16.0:5.475 0.191 1.159,3.581 0.362 1.109
40.0 60.0 21.0:3.656 1.679 2.813
35.0 69.0 23.0:5.525 0.752 1.403
53.0 52.0 11.0:1.729 1.235 1.81
65.0 55.0 14.0:3.073 1.7 1.195
5.0 5.0 16.0:2.213 0.151 1.329
11.0 14.0 18.0:0.705 0.468 2.38,4.706 0.146 1.676
6.0 38.0 16.0:0.445 0.311 1.048
47.0 47.0 13.0:2.864 0.205 2.672
37.0 31.0 14.0:4.215 1.325 1.438
57.0 29.0 18.0:0.409 0.809 1.494
36.0 26.0 18.0:0.2 0.433 1.568
12.0 24.0 13.0:0.352 0.145 1.324,1.96 0.887 2.112
24.0 58.0 19.0:0.291 1.831 1.1
62.0 77.0 20.0:4.449 1.147 1.471
49.0 73.0 25.0:3.306 0.167 1.201
67.0 5.0 25.0:1.093 0.174 1.285
57.0 68.0 15.0:2.958 1.06 1.559
47.0 16.0 25.0:0.945 1.61 2.13
49.0 11.0 18.0:2.82 1.211 4.158
49.0 42.0 13.0:2.256 0.684 2.21,3.332 0.317 1.863
53.0 43.0 14.0:3.047 0.974 2.388
57.0 48.0 23.0:5.525 1.688 2.389
15.0 47.0 16.0:3.16 1.503 1.024
14.0 37.0 11.0:2.752 1.882 2.324
26.0 35.0 15.0:4.613 0.914 1.548,2.477 0.882 1.255
18.0 24.0 22.0:3.178 0.786 2.168
25.0 24.0 20.0:5.384 1.908 1.021
22.0 27.0 11.0:0.413 0.577 1.238
25.0 21.0 12.0:4.234 0.388 1.245
18.0 18.0 17.0:5.395 0.185 1.774,3.178 0.616 1.76
41.0 49.0 10.0:3.713 0.955 4.464
35.0 17.0 7.0:3.465 0.674 2.155
25.0 30.0 3.0:5.018 0.251 1.604,2.815 1.295 7.027
20.0 50.0 5.0:1.398 0.417 7.854
10.0 43.0 9.0:5.224 0.243 1.284,4.776 0.166 2.189,2.767 1.811 1.725
30.0 5.0 8.0:4.64 0.675 1.345
5.0 30.0 2.0:3.449 1.417 1.324
45.0 65.0 9.0:1.913 1.525 3.673
65.0 35.0 3.0:3.667 0.674 2.548
65.0 20.0 6.0:5.045 1.09 3.179
64.0 42.0 9.0:2.519 0.551 1.633,3.366 0.137 2.406
63.0 65.0 8.0:0.901 0.798 1.794
2.0 60.0 5.0:5.768 1.246 2.655
20.0 20.0 8.0:1.458 1.017 2.239
40.0 25.0 9.0:1.406 1.722 1.676
42.0 7.0 5.0:3.285 1.142 1.276
24.0 12.0 5.0:4.522 1.871 1.128
23.0 3.0 7.0:2.466 1.269 1.574
2.0 48.0 1.0:4.231 0.297 1.362
49.0 58.0 10.0:3.185 1.082 2.042
27.0 43.0 9.0:5.155 0.22 1.099,2.658 1.352 1.204
63.0 23.0 2.0:0.357 0.507 1.828
53.0 12.0 6.0:4.993 1.469 2.003
32.0 12.0 7.0:3.447 1.125 2.87,1.02 0.228 1.931,1.473 0.22 1.412
17.0 34.0 3.0:1.152 0.431 1.895
27.0 69.0 10.0:2.023 1.193 1.515,5.152 0.466 2.619
15.0 77.0 9.0:1.118 0.517 1.017
37.0 47.0 6.0:2.26 0.776 1.368
37.0 56.0 5.0:5.319 0.439 3.244,3.334 0.398 1.518
44.0 17.0 9.0:2.172 0.865 4.105
46.0 13.0 8.0:0.638 1.258 1.593
61.0 52.0 3.0:0.964 1.641 1.436
56.0 37.0 6.0:4.958 0.572 2.905
11.0 31.0 7.0:4.253 1.736 1.18
26.0 52.0 9.0:2.324 0.311 1.212
31.0 67.0 3.0:5.837 0.918 2.74
15.0 19.0 1.0:4.893 1.693 1.814
22.0 22.0 2.0:4.766 1.135 1.954
19.0 21.0 10.0:1.049 0.709 1.987,3.848 1.206 1.162
20.0 26.0 9.0:4.921 0.444 1.282