100 1
35.000 35.000 0
35.000 35.000 0
15.0 30.0 26.0:2.515 1.586 1.948
55.0 5.0 29.0:3.744 1.031 1.441
31.0 52.0 27.0:6.078 0.234 1.052
60.0 12.0 31.0:3.956 1.056 1.813,1.512 0.664 1.027
8.0 56.0 27.0:0.311 0.351 1.811
13.0 52.0 36.0:0.396 0.305 1.816,3.033 1.299 1.496
6.0 68.0 30.0:3.889 1.395 1.356,1.633 0.819 1.983
21.0 24.0 28.0:2.943 1.551 1.76,5.442 0.177 2.695
56.0 39.0 36.0:1.421 0.158 2.298,3.87 1.274 1.705
55.0 54.0 26.0:0.755 0.823 1.91
16.0 22.0 41.0:4.396 1.895 2.126
4.0 18.0 35.0:3.705 1.748 3.537
28.0 18.0 26.0:4.013 1.898 1.515
26.0 27.0 27.0:3.421 1.444 1.447
55.0 45.0 13.0:4.377 1.057 1.284
55.0 20.0 19.0:4.956 1.292 1.445,1.233 0.961 1.25
55.0 60.0 16.0:5.358 0.42 4.508,2.298 0.271 1.223
30.0 60.0 16.0:3.534 0.821 1.6
20.0 65.0 12.0:3.531 0.723 1.126
50.0 35.0 19.0:2.865 0.822 1.563
30.0 25.0 23.0:1.505 1.195 1.052,4.7 0.594 1.089
15.0 10.0 20.0:0.037 0.162 1.036
10.0 20.0 19.0:4.13 0.201 1.769
20.0 40.0 12.0:3.097 0.9 1.648
15.0 60.0 17.0:2.596 0.859 2.337
45.0 20.0 11.0:2.748 0.128 1.534
45.0 10.0 18.0:6.27 1.169 2.23
45.0 30.0 17.0:5.346 1.665 1.962
35.0 40.0 16.0:3.508 1.578 1.797
41.0 37.0 16.0:0.257 1.944 5.119
40.0 60.0 21.0:0.262 0.186 2.154,2.978 1.352 1.009
35.0 69.0 23.0:5.202 0.638 1.073,2.309 1.68 1.171
53.0 52.0 11.0:1.497 1.367 3.664
65.0 55.0 14.0:4.931 0.836 1.221
5.0 5.0 16.0:3.976 0.24 1.061
11.0 14.0 18.0:1.25 1.449 2.143
6.0 38.0 16.0:2.708 0.21 1.598
47.0 47.0 13.0:0.57 1.179 1.109
37.0 31.0 14.0:5.471 1.726 2.146
57.0 29.0 18.0:4.495 1.424 1.211
36.0 26.0 18.0:5.03 0.162 1.039
12.0 24.0 13.0:4.774 0.747 2.191
24.0 58.0 19.0:1.828 1.279 2.348
62.0 77.0 20.0:5.732 1.769 1.266
49.0 73.0 25.0:6.18 0.635 1.016
67.0 5.0 25.0:3.527 0.19 1.372
57.0 68.0 15.0:2.957 0.411 1.477,4.55 0.737 1.192
47.0 16.0 25.0:0.766 1.734 3.607
49.0 11.0 18.0:1.645 0.397 1.046
49.0 42.0 13.0:4.57 0.856 2.907
53.0 43.0 14.0:1.853 1.148 2.802,4.881 0.179 2.048
57.0 48.0 23.0:3.459 1.669 2.35
15.0 47.0 16.0:6.15 0.263 1.512
14.0 37.0 11.0:2.176 0.408 3.577
26.0 35.0 15.0:2.033 0.979 1.174,5.49 0.136 2.245
18.0 24.0 22.0:2.681 0.152 1.115
25.0 24.0 20.0:4.7 1.671 1.796
22.0 27.0 11.0:2.321 1.141 1.222
25.0 21.0 12.0:5.301 1.545 1.465
18.0 18.0 17.0:4.688 0.129 1.161
41.0 49.0 10.0:1.941 0.639 2.453,4.731 0.146 2.94,0.483 0.424 1.388
35.0 17.0 7.0:2.118 1.168 1.203
25.0 30.0 3.0:2.718 0.49 1.511
20.0 50.0 5.0:0.403 1.393 1.438
10.0 43.0 9.0:0.34 0.558 2.116
30.0 5.0 8.0:1.435 0.605 1.463
5.0 30.0 2.0:1.088 0.613 1.044,3.52 0.18 2.48
45.0 65.0 9.0:5.058 0.931 3.056,1.138 0.811 1.243
65.0 35.0 3.0:4.812 0.963 1.102
65.0 20.0 6.0:3.01 0.729 1.411,4.049 0.244 2.142
64.0 42.0 9.0:3.609 0.272 3.184
63.0 65.0 8.0:2.437 0.594 2.578,1.374 0.361 1.721
2.0 60.0 5.0:3.08 0.33 2.482,1.482 0.711 2.824
20.0 20.0 8.0:5.071 0.696 1.127
40.0 25.0 9.0:0.136 0.274 2.816
42.0 7.0 5.0:5.197 1.459 1.434
24.0 12.0 5.0:0.929 0.672 1.396
23.0 3.0 7.0:1.975 0.181 2.422,4.213 1.469 3.135
2.0 48.0 1.0:1.822 0.933 2.072,5.959 0.176 1.367
49.0 58.0 10.0:4.704 0.366 1.148,3.213 0.423 3.321
27.0 43.0 9.0:3.129 1.502 1.943,5.838 0.151 1.369
63.0 23.0 2.0:5.904 0.298 1.822
53.0 12.0 6.0:3.915 0.853 2.767
32.0 12.0 7.0:5.192 0.606 1.943
17.0 34.0 3.0:0.05 1.74 1.298
27.0 69.0 10.0:3.499 0.324 1.236,2.773 0.135 1.408
15.0 77.0 9.0:4.354 1.916 1.452
37.0 47.0 6.0:4.13 0.548 1.388,3.173 0.289 1.325
37.0 56.0 5.0:3.865 0.998 2.997,0.636 0.127 1.314
44.0 17.0 9.0:3.035 0.56 1.099,4.02 0.197 1.265
46.0 13.0 8.0:3.03 0.594 2.576,2.237 0.131 2.003
61.0 52.0 3.0:4.603 1.64 1.531
56.0 37.0 6.0:1.047 1.945 2.245
11.0 31.0 7.0:0.939 1.586 1.216
26.0 52.0 9.0:6.011 1.663 1.559
31.0 67.0 3.0:4.344 0.542 2.991
15.0 19.0 1.0:2.037 0.623 1.435
22.0 22.0 2.0:4.921 0.658 1.382
19.0 21.0 10.0:4.498 0.701 2.771,1.478 0.439 1.217
20.0 26.0 9.0:2.228 0.764 1.237,4.777 1.47 1.058