100, 1
35.000 35.000 0
35.000 35.000 0
15.0 30.0 26.0:2.448 0.805 1.659,5.36 0.321 2.209
55.0 5.0 29.0:2.717 1.924 2.328
31.0 52.0 27.0:2.933 0.678 2.491,5.427 0.361 1.579,1.103 0.264 1.434
60.0 12.0 31.0:5.675 1.695 1.458
8.0 56.0 27.0:3.285 1.973 1.725
13.0 52.0 36.0:2.049 1.094 1.284
6.0 68.0 30.0:5.959 0.797 1.225
21.0 24.0 28.0:0.715 0.222 1.636,5.307 0.376 6.738
56.0 39.0 36.0:2.521 0.606 2.219
55.0 54.0 26.0:3.919 0.185 1.457
16.0 22.0 41.0:1.724 0.639 2.873
4.0 18.0 35.0:4.948 1.753 2.016
28.0 18.0 26.0:5.015 1.339 4.247
26.0 27.0 27.0:3.828 1.847 1.151
55.0 45.0 13.0:5.836 0.596 3.065
55.0 20.0 19.0:5.233 0.968 1.528,2.126 1.332 1.188
55.0 60.0 16.0:5.974 0.315 1.072
30.0 60.0 16.0:4.1 1.297 2.011,1.267 0.694 4.264
20.0 65.0 12.0:0.836 1.051 2.098
50.0 35.0 19.0:1.134 1.745 1.468
30.0 25.0 23.0:3.474 0.595 4.111
15.0 10.0 20.0:3.654 0.359 2.834
10.0 20.0 19.0:1.435 0.162 1.211,5.992 0.216 1.802
20.0 40.0 12.0:2.184 1.183 2.841
15.0 60.0 17.0:3.48 1.608 2.023
45.0 20.0 11.0:5.885 0.852 1.629
45.0 10.0 18.0:2.132 1.946 1.208
45.0 30.0 17.0:3.81 0.494 1.053,1.53 1.065 2.998
35.0 40.0 16.0:4.451 0.652 1.881
41.0 37.0 16.0:6.165 1.415 1.504
40.0 60.0 21.0:3.988 0.795 2.065
35.0 69.0 23.0:5.609 0.278 1.996
53.0 52.0 11.0:0.931 0.57 1.064,4.382 1.495 2.874
65.0 55.0 14.0:0.364 0.669 1.923
5.0 5.0 16.0:4.508 0.17 1.189
11.0 14.0 18.0:3.669 0.927 1.164
6.0 38.0 16.0:2.247 1.025 2.011
47.0 47.0 13.0:2.633 0.955 2.775
37.0 31.0 14.0:4.639 0.96 3.389
57.0 29.0 18.0:3.324 0.844 2.71
36.0 26.0 18.0:5.253 0.582 1.982
12.0 24.0 13.0:0.319 1.297 1.668
24.0 58.0 19.0:0.183 1.253 1.257
62.0 77.0 20.0:5.695 1.978 1.323
49.0 73.0 25.0:0.089 1.067 1.146
67.0 5.0 25.0:1.0 1.032 1.174
57.0 68.0 15.0:1.144 0.322 1.114,4.51 1.023 1.193
47.0 16.0 25.0:4.783 1.288 3.642
49.0 11.0 18.0:5.911 0.855 2.623
49.0 42.0 13.0:3.243 1.781 3.873
53.0 43.0 14.0:4.231 1.556 1.072
57.0 48.0 23.0:2.263 0.65 2.625
15.0 47.0 16.0:2.411 1.195 1.612,4.428 0.341 1.317
14.0 37.0 11.0:4.391 0.756 1.198
26.0 35.0 15.0:2.867 1.765 1.094,0.497 0.244 1.11
18.0 24.0 22.0:1.87 1.382 1.156,6.011 0.26 1.634
25.0 24.0 20.0:1.502 0.231 2.236,3.176 1.372 1.009
22.0 27.0 11.0:3.146 0.25 3.7,1.571 0.892 3.98
25.0 21.0 12.0:0.754 0.301 2.599,3.711 1.069 3.889
18.0 18.0 17.0:3.104 1.628 1.059
41.0 49.0 10.0:5.008 0.294 4.295
35.0 17.0 7.0:5.355 0.159 2.054,0.969 0.433 1.075
25.0 30.0 3.0:6.136 0.311 2.418
20.0 50.0 5.0:1.583 0.135 1.287,3.742 0.256 3.25
10.0 43.0 9.0:5.156 0.407 1.331
30.0 5.0 8.0:1.629 0.588 2.357
5.0 30.0 2.0:5.102 0.257 1.104
45.0 65.0 9.0:5.903 0.607 1.91
65.0 35.0 3.0:0.06 0.764 1.602
65.0 20.0 6.0:2.591 0.367 1.364
64.0 42.0 9.0:2.828 1.181 1.042
63.0 65.0 8.0:0.502 1.214 2.049
2.0 60.0 5.0:4.489 0.361 1.271,0.644 0.587 3.74
20.0 20.0 8.0:6.132 0.172 1.057
40.0 25.0 9.0:2.031 1.301 1.162,4.913 0.996 4.265
42.0 7.0 5.0:4.285 0.395 4.443
24.0 12.0 5.0:0.48 1.008 1.208
23.0 3.0 7.0:1.684 0.647 1.047
2.0 48.0 1.0:4.493 0.168 1.96
49.0 58.0 10.0:5.451 0.495 2.842
27.0 43.0 9.0:1.089 0.526 1.54
63.0 23.0 2.0:1.848 0.37 1.002
53.0 12.0 6.0:0.903 0.8 1.541,5.921 0.131 1.698
32.0 12.0 7.0:2.605 0.571 1.018,4.595 1.194 1.501
17.0 34.0 3.0:0.355 1.256 1.231
27.0 69.0 10.0:0.454 0.509 4.657
15.0 77.0 9.0:5.127 0.198 1.013,2.531 0.908 1.245
37.0 47.0 6.0:5.495 1.144 2.746
37.0 56.0 5.0:3.525 1.575 2.277,0.761 0.752 1.453
44.0 17.0 9.0:1.325 1.59 1.673
46.0 13.0 8.0:0.223 1.379 1.868
61.0 52.0 3.0:0.627 0.141 1.305,4.632 0.658 3.356
56.0 37.0 6.0:2.076 1.708 6.23
11.0 31.0 7.0:0.276 0.815 1.896
26.0 52.0 9.0:0.305 0.844 1.142
31.0 67.0 3.0:2.398 0.989 3.279
15.0 19.0 1.0:0.327 0.527 1.13
22.0 22.0 2.0:3.741 1.569 1.884,1.715 0.365 2.288
19.0 21.0 10.0:3.994 0.148 1.485
20.0 26.0 9.0:5.481 1.532 2.125