100, 1
35.000 35.000 0
35.000 35.000 0
15.0 30.0 26.0:0.263 0.482 2.607
55.0 5.0 29.0:1.558 1.186 1.704
31.0 52.0 27.0:4.46 1.778 3.534
60.0 12.0 31.0:0.691 0.217 1.023,2.892 1.129 1.267
8.0 56.0 27.0:4.891 0.725 1.271,0.45 0.369 1.924
13.0 52.0 36.0:6.283 0.291 1.091
6.0 68.0 30.0:3.349 0.482 1.888
21.0 24.0 28.0:1.808 0.76 1.659,3.21 0.617 1.277
56.0 39.0 36.0:1.971 1.461 2.135
55.0 54.0 26.0:0.853 1.043 1.144
16.0 22.0 41.0:0.51 0.201 1.971,2.507 1.158 1.332
4.0 18.0 35.0:0.867 0.374 4.162
28.0 18.0 26.0:5.032 0.955 2.313
26.0 27.0 27.0:4.817 1.502 3.639
55.0 45.0 13.0:0.459 0.547 1.632
55.0 20.0 19.0:3.708 1.405 1.696
55.0 60.0 16.0:2.739 0.926 1.533
30.0 60.0 16.0:4.494 1.318 1.011
20.0 65.0 12.0:3.274 0.312 1.629
50.0 35.0 19.0:2.89 0.217 1.594,2.222 0.352 1.135
30.0 25.0 23.0:1.031 1.847 1.164
15.0 10.0 20.0:2.007 1.589 2.553
10.0 20.0 19.0:1.234 0.855 1.454,3.52 0.359 1.346
20.0 40.0 12.0:2.05 0.588 1.975
15.0 60.0 17.0:4.308 1.795 1.184
45.0 20.0 11.0:0.729 0.182 2.347,4.47 0.77 2.2
45.0 10.0 18.0:3.288 1.487 2.439
45.0 30.0 17.0:5.525 1.131 1.48
35.0 40.0 16.0:5.661 1.338 1.021
41.0 37.0 16.0:2.362 1.102 2.523,4.496 0.275 4.598
40.0 60.0 21.0:5.158 0.159 1.083
35.0 69.0 23.0:3.343 0.477 2.19,4.088 0.227 1.027
53.0 52.0 11.0:5.489 0.68 1.989
65.0 55.0 14.0:5.294 0.42 2.12,2.748 0.643 3.09,1.057 0.234 1.172
5.0 5.0 16.0:1.171 0.599 1.024,4.402 0.97 1.415
11.0 14.0 18.0:0.34 1.553 1.046
6.0 38.0 16.0:1.963 0.793 2.654,0.617 0.249 1.161
47.0 47.0 13.0:4.078 1.556 2.617
37.0 31.0 14.0:4.756 0.483 2.105,2.885 0.88 1.703
57.0 29.0 18.0:0.388 1.404 1.584
36.0 26.0 18.0:4.219 0.343 2.21
12.0 24.0 13.0:2.736 0.675 1.427
24.0 58.0 19.0:5.377 0.652 2.407,1.62 0.684 2.002
62.0 77.0 20.0:5.42 1.104 1.217
49.0 73.0 25.0:1.803 1.999 1.58
67.0 5.0 25.0:0.324 0.478 6.464
57.0 68.0 15.0:2.032 0.65 2.255
47.0 16.0 25.0:3.923 1.797 1.246,0.783 0.623 1.123
49.0 11.0 18.0:2.769 1.198 5.175
49.0 42.0 13.0:2.963 1.388 1.989
53.0 43.0 14.0:3.492 0.943 1.402
57.0 48.0 23.0:5.523 0.343 1.133
15.0 47.0 16.0:1.598 1.678 2.109
14.0 37.0 11.0:3.85 0.294 1.282,0.804 0.477 2.461
26.0 35.0 15.0:2.651 1.791 2.044
18.0 24.0 22.0:1.707 1.77 2.521
25.0 24.0 20.0:6.047 1.576 2.318
22.0 27.0 11.0:0.805 0.878 1.018
25.0 21.0 12.0:2.35 1.178 3.056
18.0 18.0 17.0:1.357 0.738 1.105
41.0 49.0 10.0:2.435 0.153 2.347,5.758 0.4 1.421
35.0 17.0 7.0:3.127 1.408 1.222,1.127 0.553 1.774
25.0 30.0 3.0:2.86 0.397 1.467,0.872 0.322 2.108,2.078 0.369 2.306
20.0 50.0 5.0:3.46 1.208 1.45
10.0 43.0 9.0:5.343 0.234 1.832
30.0 5.0 8.0:3.373 1.833 1.305
5.0 30.0 2.0:0.591 0.229 1.343
45.0 65.0 9.0:0.17 1.701 4.063
65.0 35.0 3.0:0.134 0.295 1.134
65.0 20.0 6.0:3.786 0.373 1.864
64.0 42.0 9.0:1.016 0.614 1.699,4.279 0.174 4.095
63.0 65.0 8.0:1.868 0.2 5.791,1.368 0.171 2.379
2.0 60.0 5.0:1.108 1.511 3.574
20.0 20.0 8.0:5.658 1.007 4.637
40.0 25.0 9.0:0.616 1.468 2.849
42.0 7.0 5.0:2.411 1.708 1.633
24.0 12.0 5.0:0.431 0.924 1.39
23.0 3.0 7.0:1.82 0.472 1.787,5.756 0.245 1.23
2.0 48.0 1.0:1.067 0.903 4.438
49.0 58.0 10.0:4.871 0.292 1.313
27.0 43.0 9.0:0.642 0.17 3.747
63.0 23.0 2.0:3.61 1.205 1.303
53.0 12.0 6.0:0.995 0.548 5.518,3.969 0.914 1.743
32.0 12.0 7.0:1.644 0.541 4.401,3.178 0.609 1.142
17.0 34.0 3.0:0.666 0.339 1.596
27.0 69.0 10.0:4.809 1.69 1.604
15.0 77.0 9.0:6.205 0.484 1.55
37.0 47.0 6.0:0.145 1.488 1.068
37.0 56.0 5.0:2.84 0.933 1.181
44.0 17.0 9.0:5.688 1.323 1.116
46.0 13.0 8.0:2.506 0.661 2.003
61.0 52.0 3.0:3.819 0.441 3.481
56.0 37.0 6.0:0.174 1.386 3.114
11.0 31.0 7.0:3.059 1.95 1.364
26.0 52.0 9.0:3.224 1.354 1.102
31.0 67.0 3.0:1.534 0.396 2.17
15.0 19.0 1.0:3.507 0.138 1.499,0.686 0.287 3.399,5.999 0.223 1.251
22.0 22.0 2.0:3.923 1.494 1.437
19.0 21.0 10.0:3.041 0.821 1.218
20.0 26.0 9.0:1.328 1.539 2.436