100 1
35.000 35.000 0
35.000 35.000 0
15.0 30.0 26.0:0.061 1.872 1.838
55.0 5.0 29.0:0.085 1.749 1.216
31.0 52.0 27.0:0.377 1.58 4.088
60.0 12.0 31.0:1.888 0.289 2.24
8.0 56.0 27.0:1.486 1.755 1.565
13.0 52.0 36.0:3.137 0.127 1.672,5.889 0.282 1.275
6.0 68.0 30.0:5.152 1.263 3.44
21.0 24.0 28.0:5.626 1.98 1.715
56.0 39.0 36.0:3.461 0.706 1.255
55.0 54.0 26.0:6.076 0.805 1.54
16.0 22.0 41.0:4.637 1.623 2.925
4.0 18.0 35.0:5.397 1.74 1.778
28.0 18.0 26.0:0.447 0.391 1.854,5.395 0.151 1.062,4.695 0.368 1.536
26.0 27.0 27.0:5.153 0.888 1.153
55.0 45.0 13.0:1.214 1.351 3.812
55.0 20.0 19.0:5.803 1.214 1.954
55.0 60.0 16.0:0.339 1.337 2.419
30.0 60.0 16.0:0.936 0.253 2.05,1.895 0.332 1.956
20.0 65.0 12.0:2.112 1.041 1.12,5.761 0.302 1.548
50.0 35.0 19.0:6.274 0.574 1.233
30.0 25.0 23.0:1.235 1.942 1.007
15.0 10.0 20.0:5.702 0.748 1.594
10.0 20.0 19.0:2.762 1.389 3.573
20.0 40.0 12.0:0.172 0.914 1.168
15.0 60.0 17.0:0.032 0.557 4.239
45.0 20.0 11.0:6.03 0.856 1.003
45.0 10.0 18.0:1.513 0.367 2.584
45.0 30.0 17.0:2.927 1.978 5.657
35.0 40.0 16.0:0.036 1.246 2.002
41.0 37.0 16.0:2.979 1.357 2.925
40.0 60.0 21.0:1.208 0.36 2.125,3.9 1.616 2.819
35.0 69.0 23.0:1.532 0.457 1.001
53.0 52.0 11.0:3.663 1.05 2.267
65.0 55.0 14.0:4.474 1.437 1.315
5.0 5.0 16.0:3.437 1.563 2.103
11.0 14.0 18.0:4.731 1.73 3.741
6.0 38.0 16.0:3.116 0.224 1.148
47.0 47.0 13.0:1.29 0.91 1.835
37.0 31.0 14.0:5.382 1.321 2.111
57.0 29.0 18.0:0.015 0.222 1.263
36.0 26.0 18.0:2.805 0.24 1.098,0.882 0.178 2.929
12.0 24.0 13.0:3.192 0.9 1.367
24.0 58.0 19.0:5.779 0.559 1.05
62.0 77.0 20.0:4.977 0.528 1.735,0.917 0.405 2.415
49.0 73.0 25.0:0.293 1.827 1.13
67.0 5.0 25.0:6.238 1.48 1.904
57.0 68.0 15.0:5.072 0.865 1.839
47.0 16.0 25.0:2.621 0.25 1.701
49.0 11.0 18.0:3.095 0.319 3.597
49.0 42.0 13.0:1.987 0.54 1.57
53.0 43.0 14.0:5.197 1.165 1.257
57.0 48.0 23.0:3.289 1.164 6.133,1.416 0.198 1.433
15.0 47.0 16.0:5.704 1.009 2.965
14.0 37.0 11.0:5.118 1.872 2.981
26.0 35.0 15.0:5.64 0.513 1.021
18.0 24.0 22.0:1.518 0.657 2.271
25.0 24.0 20.0:4.472 0.283 1.554
22.0 27.0 11.0:5.144 1.075 1.881
25.0 21.0 12.0:5.378 0.628 1.307
18.0 18.0 17.0:0.568 0.448 2.306
41.0 49.0 10.0:5.172 0.37 1.287,1.198 0.645 1.586
35.0 17.0 7.0:2.564 1.809 1.396
25.0 30.0 3.0:2.425 0.989 1.256,4.7 0.38 1.341
20.0 50.0 5.0:4.564 1.295 1.124
10.0 43.0 9.0:0.895 0.632 2.148,4.189 1.74 1.303
30.0 5.0 8.0:5.192 0.19 1.229
5.0 30.0 2.0:1.443 0.401 1.542
45.0 65.0 9.0:4.594 0.552 1.029,1.938 0.67 1.649
65.0 35.0 3.0:4.58 0.941 1.236,2.044 0.621 1.757
65.0 20.0 6.0:1.34 1.097 2.786,3.246 0.541 1.334
64.0 42.0 9.0:0.734 1.447 4.362
63.0 65.0 8.0:4.912 0.149 1.14,1.516 1.399 1.27
2.0 60.0 5.0:1.081 0.722 1.272
20.0 20.0 8.0:1.752 0.134 4.391,4.177 0.681 1.342
40.0 25.0 9.0:2.604 1.009 1.318,5.746 0.19 2.932
42.0 7.0 5.0:2.668 0.458 1.489,1.727 0.242 2.989
24.0 12.0 5.0:5.512 0.267 1.236,2.099 0.757 1.229
23.0 3.0 7.0:5.143 0.558 1.493,2.363 0.394 1.127
2.0 48.0 1.0:1.346 0.281 4.151
49.0 58.0 10.0:2.312 0.623 2.477
27.0 43.0 9.0:5.061 0.154 2.062,4.422 0.253 3.188,1.518 0.406 1.523
63.0 23.0 2.0:5.772 0.838 1.348
53.0 12.0 6.0:0.463 0.992 1.397
32.0 12.0 7.0:3.552 0.238 1.016
17.0 34.0 3.0:2.68 0.398 4.113,5.299 0.813 1.553
27.0 69.0 10.0:3.667 0.351 2.093
15.0 77.0 9.0:1.987 0.466 1.156
37.0 47.0 6.0:1.212 0.725 1.509,4.46 0.95 1.534
37.0 56.0 5.0:3.255 1.0 1.846
44.0 17.0 9.0:2.68 0.63 2.361
46.0 13.0 8.0:0.831 0.474 1.793
61.0 52.0 3.0:0.747 1.027 1.366
56.0 37.0 6.0:5.036 1.445 1.207
11.0 31.0 7.0:3.224 0.461 1.642
26.0 52.0 9.0:2.216 0.499 1.923
31.0 67.0 3.0:3.956 0.301 1.132
15.0 19.0 1.0:3.724 1.241 2.683
22.0 22.0 2.0:0.613 0.167 1.05
19.0 21.0 10.0:1.476 0.996 1.432,4.76 0.525 2.229
20.0 26.0 9.0:5.112 0.871 3.476