100, 1
35.000 35.000 0
35.000 35.000 0
15.0 30.0 26.0:4.071 1.098 2.613
55.0 5.0 29.0:5.189 0.546 3.455
31.0 52.0 27.0:5.716 1.71 1.196
60.0 12.0 31.0:5.266 0.19 1.918
8.0 56.0 27.0:5.845 0.542 1.411
13.0 52.0 36.0:5.425 0.871 1.133
6.0 68.0 30.0:4.483 0.441 1.022
21.0 24.0 28.0:4.381 0.813 1.195
56.0 39.0 36.0:1.843 0.971 3.293
55.0 54.0 26.0:1.479 0.461 1.838,3.971 0.995 1.314
16.0 22.0 41.0:1.983 0.321 2.831
4.0 18.0 35.0:3.009 1.036 2.121
28.0 18.0 26.0:3.502 1.586 2.415
26.0 27.0 27.0:0.097 0.626 1.576
55.0 45.0 13.0:2.415 0.167 2.673
55.0 20.0 19.0:5.58 0.9 1.215
55.0 60.0 16.0:3.064 0.385 1.384
30.0 60.0 16.0:6.17 0.651 1.494
20.0 65.0 12.0:4.816 0.563 1.012,2.286 0.402 1.026
50.0 35.0 19.0:3.769 0.386 2.0,1.295 0.154 3.623
30.0 25.0 23.0:2.806 0.305 2.385,1.03 0.181 1.91
15.0 10.0 20.0:0.519 0.19 1.247
10.0 20.0 19.0:2.984 0.908 1.828
20.0 40.0 12.0:0.416 0.238 1.413
15.0 60.0 17.0:5.437 0.829 1.033,1.508 1.417 1.432
45.0 20.0 11.0:0.889 0.885 2.382
45.0 10.0 18.0:3.685 0.687 1.682
45.0 30.0 17.0:3.906 0.153 1.193,2.122 1.424 2.861
35.0 40.0 16.0:5.102 1.957 1.94
41.0 37.0 16.0:1.332 1.798 1.199
40.0 60.0 21.0:1.089 0.599 1.934,5.303 0.341 2.099
35.0 69.0 23.0:3.149 0.774 1.403
53.0 52.0 11.0:1.374 1.306 1.017
65.0 55.0 14.0:4.693 0.568 3.223
5.0 5.0 16.0:2.342 0.6 2.646,4.727 0.314 3.589
11.0 14.0 18.0:5.274 0.421 1.864,2.307 1.97 1.265
6.0 38.0 16.0:4.314 0.707 3.523
47.0 47.0 13.0:2.673 1.853 1.142
37.0 31.0 14.0:3.411 0.196 2.433
57.0 29.0 18.0:0.781 0.265 1.183,3.041 0.351 2.124
36.0 26.0 18.0:4.456 0.473 1.993
12.0 24.0 13.0:1.281 1.323 2.991
24.0 58.0 19.0:3.967 0.127 1.225,5.689 0.18 2.147,2.878 0.791 2.367
62.0 77.0 20.0:2.085 1.488 2.671
49.0 73.0 25.0:4.411 0.533 4.649
67.0 5.0 25.0:0.513 0.405 1.149
57.0 68.0 15.0:6.158 0.166 2.826
47.0 16.0 25.0:5.817 0.131 3.127,1.39 0.195 1.496
49.0 11.0 18.0:4.741 1.909 1.108
49.0 42.0 13.0:0.335 0.768 2.169
53.0 43.0 14.0:2.404 0.226 1.002
57.0 48.0 23.0:3.552 1.933 1.065
15.0 47.0 16.0:4.958 0.258 2.268
14.0 37.0 11.0:0.223 1.488 1.617
26.0 35.0 15.0:2.698 0.906 2.308,3.808 0.172 1.364
18.0 24.0 22.0:5.046 1.352 5.564
25.0 24.0 20.0:2.236 1.063 2.739
22.0 27.0 11.0:4.716 0.603 1.099,1.134 0.144 1.2
25.0 21.0 12.0:1.074 1.638 1.413
18.0 18.0 17.0:2.476 0.552 1.856
41.0 49.0 10.0:0.888 0.895 1.602
35.0 17.0 7.0:1.255 0.362 1.833
25.0 30.0 3.0:2.866 0.365 1.387
20.0 50.0 5.0:3.487 0.664 1.586
10.0 43.0 9.0:5.46 0.565 1.156,3.359 0.813 1.327,1.274 0.449 1.765
30.0 5.0 8.0:0.71 0.186 1.057
5.0 30.0 2.0:5.163 1.194 2.583
45.0 65.0 9.0:5.812 1.214 1.226
65.0 35.0 3.0:0.834 0.126 1.095,2.263 0.176 2.926,1.828 0.154 2.996
65.0 20.0 6.0:4.681 0.971 1.464
64.0 42.0 9.0:4.897 0.184 3.421,2.907 0.561 2.426
63.0 65.0 8.0:3.475 0.838 1.606,1.427 0.441 1.06
2.0 60.0 5.0:6.07 0.186 1.212
20.0 20.0 8.0:1.05 0.241 3.847,2.325 0.185 1.143
40.0 25.0 9.0:1.164 0.618 1.577
42.0 7.0 5.0:1.85 0.361 1.412
24.0 12.0 5.0:6.102 0.573 1.139
23.0 3.0 7.0:2.402 0.135 1.062,3.874 0.663 3.21
2.0 48.0 1.0:5.293 0.662 1.071,2.284 0.682 1.132
49.0 58.0 10.0:3.893 0.952 2.389
27.0 43.0 9.0:1.923 0.276 2.924
63.0 23.0 2.0:2.933 1.218 2.146
53.0 12.0 6.0:0.903 0.142 1.024,3.365 1.055 2.698
32.0 12.0 7.0:1.925 1.531 1.519
17.0 34.0 3.0:5.179 0.246 1.855
27.0 69.0 10.0:1.351 0.242 3.314
15.0 77.0 9.0:0.316 0.72 1.099
37.0 47.0 6.0:1.37 0.25 1.737,5.179 0.635 1.467
37.0 56.0 5.0:5.482 1.239 1.816
44.0 17.0 9.0:5.307 0.149 1.474,5.871 0.147 4.657
46.0 13.0 8.0:0.873 0.311 3.327
61.0 52.0 3.0:6.009 0.213 2.079,1.053 0.756 1.83,5.428 0.344 1.846
56.0 37.0 6.0:0.236 0.95 1.208
11.0 31.0 7.0:3.755 0.329 2.67
26.0 52.0 9.0:0.776 0.417 2.763
31.0 67.0 3.0:5.044 0.318 1.617
15.0 19.0 1.0:4.933 0.417 1.736
22.0 22.0 2.0:4.833 0.339 1.656
19.0 21.0 10.0:0.737 0.906 1.195
20.0 26.0 9.0:6.226 1.011 1.327