100, 1
35.000 35.000 0
35.000 35.000 0
15.0 30.0 26.0:3.667 0.351 2.093
55.0 5.0 29.0:1.987 0.466 1.156
31.0 52.0 27.0:1.212 0.725 1.509,4.46 0.95 1.534
60.0 12.0 31.0:3.255 1.0 1.846
8.0 56.0 27.0:2.68 0.598 1.533
13.0 52.0 36.0:0.568 1.322 1.377
6.0 68.0 30.0:0.747 1.024 2.617
21.0 24.0 28.0:5.007 0.918 1.977,1.61 0.306 2.275
56.0 39.0 36.0:3.224 0.461 1.642
55.0 54.0 26.0:2.216 0.519 1.993
16.0 22.0 41.0:3.724 0.765 2.253
4.0 18.0 35.0:2.495 0.383 5.797,5.115 0.21 1.278
28.0 18.0 26.0:0.317 0.165 1.268,4.203 0.202 2.417
26.0 27.0 27.0:2.187 1.225 1.982
55.0 45.0 13.0:1.36 0.516 1.334
55.0 20.0 19.0:4.181 1.008 1.315
55.0 60.0 16.0:1.714 1.398 2.874
30.0 60.0 16.0:3.951 1.493 2.694
20.0 65.0 12.0:0.788 0.606 2.478
50.0 35.0 19.0:3.44 0.297 2.143,5.344 0.904 1.125
30.0 25.0 23.0:0.998 1.099 1.18
15.0 10.0 20.0:1.902 0.912 2.397,4.859 0.15 1.249
10.0 20.0 19.0:2.862 1.264 1.92
20.0 40.0 12.0:2.816 0.21 3.689,4.62 0.224 2.802
15.0 60.0 17.0:0.844 0.249 4.616
45.0 20.0 11.0:3.007 1.781 2.181,0.452 0.357 3.401
45.0 10.0 18.0:4.445 0.994 2.991,0.874 0.235 2.628
45.0 30.0 17.0:1.651 0.167 1.058
35.0 40.0 16.0:5.443 0.395 1.761,0.539 0.162 2.951
41.0 37.0 16.0:5.035 1.626 1.034
40.0 60.0 21.0:2.123 1.424 1.959
35.0 69.0 23.0:0.705 0.343 2.805
53.0 52.0 11.0:2.716 0.221 1.69
65.0 55.0 14.0:5.767 0.67 1.076
5.0 5.0 16.0:6.042 1.19 1.44
11.0 14.0 18.0:5.811 1.155 2.497
6.0 38.0 16.0:2.395 0.799 1.188
47.0 47.0 13.0:0.026 1.522 1.512
37.0 31.0 14.0:4.218 0.132 1.183
57.0 29.0 18.0:0.695 1.406 1.823
36.0 26.0 18.0:2.109 0.297 1.51
12.0 24.0 13.0:1.383 0.393 1.951
24.0 58.0 19.0:1.522 1.44 1.177,3.651 0.614 1.315
62.0 77.0 20.0:2.349 0.356 2.057
49.0 73.0 25.0:4.627 0.766 1.186,1.547 0.221 3.44
67.0 5.0 25.0:0.094 0.997 2.226
57.0 68.0 15.0:1.44 0.367 1.381
47.0 16.0 25.0:0.471 1.403 1.213
49.0 11.0 18.0:5.137 0.426 1.414
49.0 42.0 13.0:3.262 1.713 1.047
53.0 43.0 14.0:0.71 0.302 1.617
57.0 48.0 23.0:1.117 1.461 1.085
15.0 47.0 16.0:5.746 1.139 1.229
14.0 37.0 11.0:1.863 0.437 1.116,0.902 0.297 5.205
26.0 35.0 15.0:4.601 0.928 1.142
18.0 24.0 22.0:1.149 1.89 2.028
25.0 24.0 20.0:2.675 0.654 6.457
22.0 27.0 11.0:0.694 1.867 4.322
25.0 21.0 12.0:4.498 1.278 1.218
18.0 18.0 17.0:4.037 0.667 1.562
41.0 49.0 10.0:3.868 1.521 1.369
35.0 17.0 7.0:1.681 0.224 1.594
25.0 30.0 3.0:4.731 0.232 1.451
20.0 50.0 5.0:5.629 1.32 1.083
10.0 43.0 9.0:0.227 0.573 1.308
30.0 5.0 8.0:0.093 0.206 1.055
5.0 30.0 2.0:5.938 1.407 1.741
45.0 65.0 9.0:0.196 1.47 3.428
65.0 35.0 3.0:0.27 0.322 7.011
65.0 20.0 6.0:4.82 0.131 1.69
64.0 42.0 9.0:4.463 1.135 1.925
63.0 65.0 8.0:5.385 0.419 2.178,3.52 0.277 1.087
2.0 60.0 5.0:2.001 0.464 2.752
20.0 20.0 8.0:1.949 0.289 4.8,4.554 0.494 1.372
40.0 25.0 9.0:3.849 0.724 3.068
42.0 7.0 5.0:3.525 1.031 1.086
24.0 12.0 5.0:4.711 0.248 1.543,2.512 0.145 1.098
23.0 3.0 7.0:3.912 1.397 1.814
2.0 48.0 1.0:3.516 0.361 1.584
49.0 58.0 10.0:0.712 1.322 2.123
27.0 43.0 9.0:2.073 1.911 1.146
63.0 23.0 2.0:2.993 0.153 2.508,5.066 0.638 1.701
53.0 12.0 6.0:2.078 0.435 2.368
32.0 12.0 7.0:5.968 0.309 1.269,4.741 0.27 2.234
17.0 34.0 3.0:2.085 0.211 1.147,5.357 0.185 1.085
27.0 69.0 10.0:3.718 1.181 1.461,1.391 0.241 1.546
15.0 77.0 9.0:2.626 0.732 1.949,0.43 0.387 1.139
37.0 47.0 6.0:6.211 1.646 2.874
37.0 56.0 5.0:5.826 1.09 1.245
44.0 17.0 9.0:2.486 0.985 1.728
46.0 13.0 8.0:1.533 1.176 2.78
61.0 52.0 3.0:0.676 0.516 2.362,3.608 0.745 1.246
56.0 37.0 6.0:5.22 1.593 2.988
11.0 31.0 7.0:0.788 1.855 1.783
26.0 52.0 9.0:3.523 1.121 2.107
31.0 67.0 3.0:5.038 1.296 1.544
15.0 19.0 1.0:5.253 0.133 1.757
22.0 22.0 2.0:3.261 0.825 1.861
19.0 21.0 10.0:3.705 1.071 2.309
20.0 26.0 9.0:0.694 0.239 1.366