100 1
35.000 35.000 0
35.000 35.000 0
15.0 30.0 26.0:0.175 0.187 2.895
55.0 5.0 29.0:5.458 1.617 1.343
31.0 52.0 27.0:5.338 1.356 1.297
60.0 12.0 31.0:5.305 1.932 1.534
8.0 56.0 27.0:1.799 0.754 1.867
13.0 52.0 36.0:4.776 0.929 3.968,1.079 0.512 1.076
6.0 68.0 30.0:5.256 0.132 1.636,1.826 0.897 1.85
21.0 24.0 28.0:1.538 1.278 1.274,4.774 0.922 2.386
56.0 39.0 36.0:4.043 0.232 3.171
55.0 54.0 26.0:2.56 1.588 1.534
16.0 22.0 41.0:2.471 0.171 3.97,1.837 0.363 3.978
4.0 18.0 35.0:2.167 1.829 2.402,4.708 0.366 1.001
28.0 18.0 26.0:6.059 0.429 2.133
26.0 27.0 27.0:2.056 0.199 1.309
55.0 45.0 13.0:4.661 0.577 1.6
55.0 20.0 19.0:4.683 1.468 1.646
55.0 60.0 16.0:0.824 0.154 1.528,3.415 0.636 1.872
30.0 60.0 16.0:2.522 1.782 1.747
20.0 65.0 12.0:5.364 0.818 2.643,2.614 1.037 1.911
50.0 35.0 19.0:4.404 1.568 1.015
30.0 25.0 23.0:3.568 1.492 2.341
15.0 10.0 20.0:3.883 1.298 1.104
10.0 20.0 19.0:0.851 0.56 1.253,4.523 1.081 1.474
20.0 40.0 12.0:0.238 0.187 1.593,1.986 0.542 2.071
15.0 60.0 17.0:2.479 0.356 3.76
45.0 20.0 11.0:1.458 0.287 1.231
45.0 10.0 18.0:0.368 1.432 1.473
45.0 30.0 17.0:3.05 0.234 1.461,1.725 0.166 1.05
35.0 40.0 16.0:4.752 0.305 2.198,1.511 1.103 1.496
41.0 37.0 16.0:0.554 1.933 1.018
40.0 60.0 21.0:4.054 0.328 1.043
35.0 69.0 23.0:5.554 1.297 2.045
53.0 52.0 11.0:1.256 0.298 1.696,4.773 0.731 1.342
65.0 55.0 14.0:0.442 0.734 2.168
5.0 5.0 16.0:4.32 0.902 1.495
11.0 14.0 18.0:0.639 0.302 1.122
6.0 38.0 16.0:5.484 0.51 1.745,1.69 0.664 1.068
47.0 47.0 13.0:6.027 0.26 1.633
37.0 31.0 14.0:2.041 1.373 1.934
57.0 29.0 18.0:5.78 0.901 1.035
36.0 26.0 18.0:5.474 1.834 1.408
12.0 24.0 13.0:5.556 0.185 1.659
24.0 58.0 19.0:5.819 0.205 3.149
62.0 77.0 20.0:0.891 0.297 1.277,3.482 0.975 3.562
49.0 73.0 25.0:0.353 1.115 1.552
67.0 5.0 25.0:5.873 0.942 2.67
57.0 68.0 15.0:1.238 1.367 3.277
47.0 16.0 25.0:3.253 1.252 1.591
49.0 11.0 18.0:4.45 0.297 1.677
49.0 42.0 13.0:2.577 0.384 1.293,5.451 0.23 2.045
53.0 43.0 14.0:4.548 0.322 3.572,2.089 1.293 3.462
57.0 48.0 23.0:4.945 0.358 2.953,1.09 0.212 2.238
15.0 47.0 16.0:5.386 0.34 2.269
14.0 37.0 11.0:0.762 1.378 1.287
26.0 35.0 15.0:5.827 0.217 1.476,5.084 0.289 1.385
18.0 24.0 22.0:2.145 0.851 2.53
25.0 24.0 20.0:5.381 0.876 1.099,2.385 0.921 1.005
22.0 27.0 11.0:5.782 0.226 1.028
25.0 21.0 12.0:0.299 0.676 1.099
18.0 18.0 17.0:3.108 1.131 2.477
41.0 49.0 10.0:2.483 0.223 1.23,4.955 0.258 2.243
35.0 17.0 7.0:4.963 0.518 2.444
25.0 30.0 3.0:3.529 1.623 1.691
20.0 50.0 5.0:0.89 1.013 1.025
10.0 43.0 9.0:3.192 0.278 2.167
30.0 5.0 8.0:3.317 0.315 1.033,5.081 0.591 1.499
5.0 30.0 2.0:1.224 0.749 2.775
45.0 65.0 9.0:1.672 0.14 1.93
65.0 35.0 3.0:1.54 0.137 1.988
65.0 20.0 6.0:4.558 1.008 3.945,1.58 0.163 2.289
64.0 42.0 9.0:1.341 0.556 2.006
63.0 65.0 8.0:1.857 0.234 1.297,4.837 0.258 1.289
2.0 60.0 5.0:2.051 1.588 2.009
20.0 20.0 8.0:4.654 0.444 1.036,2.698 0.634 1.001
40.0 25.0 9.0:3.309 0.256 1.843
42.0 7.0 5.0:3.19 1.839 1.695
24.0 12.0 5.0:0.626 0.524 1.516,5.017 0.821 1.119
23.0 3.0 7.0:0.331 0.248 1.149,2.169 0.219 1.331
2.0 48.0 1.0:2.646 0.992 1.415
49.0 58.0 10.0:2.011 0.854 2.52,0.515 0.361 1.394
27.0 43.0 9.0:3.576 0.852 2.107,0.833 0.719 6.076
63.0 23.0 2.0:1.328 0.54 2.0
53.0 12.0 6.0:2.159 0.328 1.26
32.0 12.0 7.0:2.841 0.277 1.345,1.81 0.181 1.425
17.0 34.0 3.0:0.083 0.189 1.688
27.0 69.0 10.0:1.07 0.577 1.278
15.0 77.0 9.0:1.508 1.81 1.34
37.0 47.0 6.0:0.268 0.754 3.277
37.0 56.0 5.0:1.007 0.65 1.844
44.0 17.0 9.0:1.318 1.263 1.395
46.0 13.0 8.0:3.81 0.942 1.021
61.0 52.0 3.0:1.242 1.417 4.7
56.0 37.0 6.0:0.761 0.419 2.932
11.0 31.0 7.0:5.455 1.415 1.44
26.0 52.0 9.0:0.067 1.781 1.08
31.0 67.0 3.0:3.31 0.501 1.63,5.271 0.544 3.28
15.0 19.0 1.0:0.819 0.733 1.443
22.0 22.0 2.0:0.767 0.451 1.849
19.0 21.0 10.0:1.024 0.716 1.293
20.0 26.0 9.0:3.612 1.179 3.086