100 1
35.000 35.000 0
35.000 35.000 0
15.0 30.0 26.0:2.929 1.053 1.541
55.0 5.0 29.0:1.909 1.971 1.01
31.0 52.0 27.0:0.828 0.683 3.778,4.605 0.667 1.108
60.0 12.0 31.0:0.97 0.875 1.241,5.12 0.877 1.805
8.0 56.0 27.0:6.261 1.095 1.172
13.0 52.0 36.0:2.268 1.322 1.184
6.0 68.0 30.0:1.86 0.561 2.087
21.0 24.0 28.0:2.716 0.409 1.356
56.0 39.0 36.0:4.332 1.881 2.326
55.0 54.0 26.0:0.4 1.984 1.071
16.0 22.0 41.0:4.612 0.131 1.233
4.0 18.0 35.0:1.983 0.736 1.037
28.0 18.0 26.0:4.536 0.156 3.248,1.502 1.349 3.715
26.0 27.0 27.0:1.871 0.675 1.208
55.0 45.0 13.0:4.676 0.148 3.238
55.0 20.0 19.0:2.36 0.311 1.584
55.0 60.0 16.0:6.102 0.667 1.144
30.0 60.0 16.0:3.082 1.05 1.968
20.0 65.0 12.0:2.118 0.391 1.677
50.0 35.0 19.0:0.005 0.629 1.425
30.0 25.0 23.0:5.749 1.315 1.478
15.0 10.0 20.0:2.457 0.901 1.32
10.0 20.0 19.0:0.346 1.572 1.2
20.0 40.0 12.0:2.949 1.606 1.902
15.0 60.0 17.0:0.854 0.471 2.569,3.756 0.214 1.115,2.247 0.352 2.004
45.0 20.0 11.0:0.863 1.825 1.414
45.0 10.0 18.0:0.358 1.188 1.213
45.0 30.0 17.0:2.75 0.61 1.59
35.0 40.0 16.0:4.876 0.542 1.239,1.927 0.469 1.667
41.0 37.0 16.0:2.854 1.249 2.03
40.0 60.0 21.0:2.703 1.456 1.755
35.0 69.0 23.0:5.398 0.98 1.984
53.0 52.0 11.0:4.463 0.457 1.328,3.236 0.606 1.567
65.0 55.0 14.0:2.459 0.419 1.032
5.0 5.0 16.0:3.928 1.601 2.655
11.0 14.0 18.0:4.611 1.738 1.329
6.0 38.0 16.0:4.2 0.56 3.7
47.0 47.0 13.0:5.776 1.713 2.235
37.0 31.0 14.0:1.9 0.686 1.304
57.0 29.0 18.0:2.509 0.191 2.584
36.0 26.0 18.0:0.651 0.78 1.444
12.0 24.0 13.0:0.217 0.375 2.87
24.0 58.0 19.0:5.013 0.41 1.057
62.0 77.0 20.0:1.497 1.685 3.485
49.0 73.0 25.0:0.676 0.962 2.946
67.0 5.0 25.0:4.921 0.475 1.082
57.0 68.0 15.0:4.366 0.986 1.935
47.0 16.0 25.0:3.506 1.19 3.286
49.0 11.0 18.0:3.746 0.552 1.732,2.173 0.463 1.71,5.515 0.714 2.448
49.0 42.0 13.0:4.502 0.274 2.59
53.0 43.0 14.0:1.231 0.767 1.451,5.364 0.383 1.197
57.0 48.0 23.0:2.008 1.425 1.912,5.006 0.579 2.842
15.0 47.0 16.0:4.224 0.227 1.639,5.044 0.377 2.155
14.0 37.0 11.0:4.568 1.999 2.412
26.0 35.0 15.0:3.448 1.222 2.093
18.0 24.0 22.0:5.343 0.454 1.597
25.0 24.0 20.0:4.184 1.074 2.413
22.0 27.0 11.0:1.07 1.582 1.283
25.0 21.0 12.0:3.134 1.213 1.123
18.0 18.0 17.0:4.439 0.623 1.573
41.0 49.0 10.0:3.468 0.32 1.989
35.0 17.0 7.0:4.874 0.706 1.872
25.0 30.0 3.0:4.06 0.271 1.21
20.0 50.0 5.0:4.4 0.393 2.053,3.085 0.737 1.017
10.0 43.0 9.0:2.844 0.581 3.074,4.706 0.872 1.716
30.0 5.0 8.0:2.747 1.468 2.299
5.0 30.0 2.0:5.921 0.334 3.868,2.492 0.189 1.933
45.0 65.0 9.0:4.775 0.899 2.37,1.542 1.455 1.496
65.0 35.0 3.0:5.37 0.583 2.198,2.453 0.654 1.344
65.0 20.0 6.0:4.083 0.578 4.733,2.915 0.206 1.23
64.0 42.0 9.0:1.413 0.376 1.318
63.0 65.0 8.0:5.72 1.231 1.963
2.0 60.0 5.0:3.71 1.299 1.12,1.082 0.23 3.086
20.0 20.0 8.0:4.726 1.502 4.568
40.0 25.0 9.0:3.018 0.481 3.849,5.859 0.26 1.002
42.0 7.0 5.0:3.582 0.992 1.248
24.0 12.0 5.0:6.057 0.278 1.466
23.0 3.0 7.0:1.291 0.308 1.152,4.794 0.754 1.037
2.0 48.0 1.0:0.37 1.331 1.343
49.0 58.0 10.0:1.691 1.022 2.822,4.413 0.303 1.059
27.0 43.0 9.0:6.179 1.908 1.96
63.0 23.0 2.0:5.447 0.93 1.082
53.0 12.0 6.0:1.002 0.456 2.349,3.484 1.594 4.129
32.0 12.0 7.0:3.444 0.316 6.078
17.0 34.0 3.0:5.381 0.24 2.277
27.0 69.0 10.0:4.675 0.198 1.642,1.792 1.74 1.205
15.0 77.0 9.0:1.922 1.163 1.573
37.0 47.0 6.0:5.2 0.154 1.27
37.0 56.0 5.0:2.154 0.919 2.226
44.0 17.0 9.0:0.148 0.946 2.269
46.0 13.0 8.0:0.15 1.014 1.519
61.0 52.0 3.0:4.7 1.615 1.664
56.0 37.0 6.0:1.434 0.93 5.075
11.0 31.0 7.0:5.644 0.676 2.148
26.0 52.0 9.0:5.972 0.304 2.25
31.0 67.0 3.0:4.024 1.439 3.28
15.0 19.0 1.0:1.599 1.444 2.172
22.0 22.0 2.0:1.242 1.362 1.199
19.0 21.0 10.0:0.461 0.181 3.263,2.398 0.487 1.333
20.0 26.0 9.0:5.052 0.165 1.083,3.739 0.502 1.15