100 1
35.000 35.000 0
35.000 35.000 0
15.0 30.0 26.0:1.496 0.204 1.489
55.0 5.0 29.0:4.926 0.697 1.04
31.0 52.0 27.0:5.305 0.584 1.644,2.982 0.906 1.264
60.0 12.0 31.0:3.276 0.221 1.448
8.0 56.0 27.0:0.004 0.497 2.592
13.0 52.0 36.0:0.989 0.581 1.452
6.0 68.0 30.0:0.6 0.811 1.311
21.0 24.0 28.0:1.882 0.157 2.401
56.0 39.0 36.0:3.533 0.993 1.103
55.0 54.0 26.0:6.256 1.795 1.98
16.0 22.0 41.0:4.619 1.148 1.895
4.0 18.0 35.0:0.141 1.174 1.595
28.0 18.0 26.0:4.55 0.843 1.155,0.354 0.17 2.534
26.0 27.0 27.0:1.437 0.255 2.857,0.586 0.255 1.891
55.0 45.0 13.0:4.978 0.394 1.984
55.0 20.0 19.0:5.648 0.344 2.432,3.355 1.912 1.225
55.0 60.0 16.0:3.512 0.478 1.252
30.0 60.0 16.0:2.759 1.055 5.262
20.0 65.0 12.0:4.522 1.08 1.278,1.655 0.928 1.94
50.0 35.0 19.0:0.197 1.665 1.299
30.0 25.0 23.0:4.705 0.554 1.008
15.0 10.0 20.0:0.663 0.55 1.528,2.47 0.348 2.577
10.0 20.0 19.0:1.289 0.271 1.808,2.288 0.203 1.385
20.0 40.0 12.0:3.228 1.836 1.053
15.0 60.0 17.0:4.044 0.278 1.754,3.332 0.262 4.194
45.0 20.0 11.0:1.148 0.233 3.614
45.0 10.0 18.0:2.968 1.227 2.02
45.0 30.0 17.0:4.577 0.427 3.509,3.047 0.329 1.06
35.0 40.0 16.0:2.118 0.985 1.11,4.336 0.665 1.15
41.0 37.0 16.0:4.376 0.567 1.919,3.039 0.657 1.073
40.0 60.0 21.0:0.443 1.392 1.538
35.0 69.0 23.0:5.426 1.875 3.197
53.0 52.0 11.0:3.268 0.428 2.698,5.418 0.739 1.83
65.0 55.0 14.0:2.277 0.392 2.855
5.0 5.0 16.0:3.303 0.71 1.19
11.0 14.0 18.0:0.795 0.459 2.123
6.0 38.0 16.0:3.792 1.35 4.392
47.0 47.0 13.0:1.936 0.942 1.892
37.0 31.0 14.0:2.059 0.801 1.01
57.0 29.0 18.0:2.692 0.692 1.163,3.903 0.343 1.089,5.278 0.57 1.471
36.0 26.0 18.0:3.931 1.182 1.002
12.0 24.0 13.0:0.122 0.317 1.255
24.0 58.0 19.0:4.264 0.737 2.285
62.0 77.0 20.0:0.614 1.87 1.229
49.0 73.0 25.0:1.385 0.68 2.485,3.481 0.155 3.325
67.0 5.0 25.0:4.859 0.162 1.16
57.0 68.0 15.0:3.942 1.399 3.081
47.0 16.0 25.0:3.294 0.265 2.129
49.0 11.0 18.0:4.139 0.288 1.245,0.882 0.535 4.51
49.0 42.0 13.0:4.007 1.181 1.156,2.44 0.138 1.46
53.0 43.0 14.0:5.229 0.173 1.276,1.912 0.573 1.058
57.0 48.0 23.0:2.507 1.288 1.477
15.0 47.0 16.0:4.064 1.687 1.154
14.0 37.0 11.0:5.129 0.149 1.772
26.0 35.0 15.0:2.569 0.312 2.261,4.181 0.513 2.099,1.249 0.822 2.722
18.0 24.0 22.0:2.679 1.755 1.116
25.0 24.0 20.0:1.176 0.39 3.176,4.296 0.28 1.071
22.0 27.0 11.0:6.23 1.047 1.055
25.0 21.0 12.0:4.715 0.743 3.413,2.43 0.633 1.29
18.0 18.0 17.0:3.345 1.411 1.844
41.0 49.0 10.0:4.924 0.767 2.841,0.804 0.301 1.004,2.422 1.218 1.143
35.0 17.0 7.0:1.781 0.616 1.129
25.0 30.0 3.0:5.091 1.395 2.335
20.0 50.0 5.0:6.195 1.028 2.344
10.0 43.0 9.0:1.18 0.98 1.808
30.0 5.0 8.0:3.145 1.396 1.563
5.0 30.0 2.0:1.237 1.071 1.361
45.0 65.0 9.0:3.052 1.466 3.168
65.0 35.0 3.0:6.171 1.921 1.741
65.0 20.0 6.0:3.389 0.916 1.123,4.639 0.28 2.18
64.0 42.0 9.0:1.204 0.191 1.276
63.0 65.0 8.0:2.456 0.956 2.146
2.0 60.0 5.0:4.471 1.37 2.647
20.0 20.0 8.0:4.376 1.065 2.375,2.247 1.053 1.251
40.0 25.0 9.0:0.963 0.829 1.112,4.127 1.575 2.769
42.0 7.0 5.0:4.09 1.295 1.114,1.35 1.306 1.31
24.0 12.0 5.0:4.014 0.855 2.323
23.0 3.0 7.0:1.785 0.41 1.21
2.0 48.0 1.0:2.346 1.897 1.469
49.0 58.0 10.0:3.85 1.125 1.158
27.0 43.0 9.0:2.129 0.352 2.271
63.0 23.0 2.0:4.58 0.628 1.36,0.673 0.398 1.757
53.0 12.0 6.0:3.324 1.428 1.426
32.0 12.0 7.0:4.705 0.644 1.642
17.0 34.0 3.0:5.832 0.198 5.035,3.899 0.182 1.51
27.0 69.0 10.0:3.691 0.274 1.239,2.712 0.238 1.93
15.0 77.0 9.0:3.434 0.489 2.337,2.065 0.605 1.25
37.0 47.0 6.0:3.945 0.905 1.336
37.0 56.0 5.0:4.785 1.778 3.367
44.0 17.0 9.0:6.269 0.402 2.165
46.0 13.0 8.0:4.149 0.823 1.908,2.219 0.456 2.48
61.0 52.0 3.0:4.39 1.383 1.664
56.0 37.0 6.0:3.656 1.762 1.231
11.0 31.0 7.0:3.45 0.432 1.358
26.0 52.0 9.0:4.669 0.974 4.089
31.0 67.0 3.0:2.495 0.444 2.031
15.0 19.0 1.0:2.626 1.914 3.636,6.014 0.209 2.599
22.0 22.0 2.0:4.476 1.48 1.386
19.0 21.0 10.0:1.597 0.651 2.161,0.281 0.194 1.136
20.0 26.0 9.0:1.935 0.502 3.253,3.959 0.21 1.125