100 1
35.000 35.000 0
35.000 35.000 0
15.0 30.0 26.0:4.421 1.052 2.246
55.0 5.0 29.0:1.476 0.144 1.746
31.0 52.0 27.0:2.908 0.235 3.18
60.0 12.0 31.0:0.348 0.155 1.25
8.0 56.0 27.0:1.054 0.617 2.031,4.339 0.411 1.448
13.0 52.0 36.0:4.846 1.329 1.248
6.0 68.0 30.0:4.558 0.868 1.352,1.596 0.321 2.438
21.0 24.0 28.0:0.819 0.431 1.201
56.0 39.0 36.0:5.055 0.915 1.059
55.0 54.0 26.0:4.488 1.562 3.989
16.0 22.0 41.0:3.39 0.752 1.474
4.0 18.0 35.0:5.224 0.427 2.166
28.0 18.0 26.0:2.755 0.25 1.206
26.0 27.0 27.0:0.299 1.201 1.563
55.0 45.0 13.0:0.605 0.815 4.179
55.0 20.0 19.0:5.678 1.344 1.966
55.0 60.0 16.0:2.337 1.335 1.039,5.622 0.265 1.055,6.126 0.144 1.291
30.0 60.0 16.0:5.175 1.928 1.951
20.0 65.0 12.0:2.64 0.998 1.369
50.0 35.0 19.0:6.084 0.662 1.582
30.0 25.0 23.0:0.626 0.321 1.003
15.0 10.0 20.0:2.328 1.904 1.13
10.0 20.0 19.0:6.216 0.356 2.557
20.0 40.0 12.0:1.558 2.002 2.775
15.0 60.0 17.0:4.334 0.136 3.28,1.547 0.687 1.713
45.0 20.0 11.0:2.657 0.43 1.321,0.711 0.252 3.872
45.0 10.0 18.0:4.709 0.977 2.401
45.0 30.0 17.0:5.396 0.332 1.036,2.013 1.449 1.158
35.0 40.0 16.0:2.601 1.942 1.064
41.0 37.0 16.0:0.529 0.321 1.413,2.737 0.729 2.329
40.0 60.0 21.0:4.291 0.883 1.099
35.0 69.0 23.0:3.041 0.3 1.812,4.41 0.72 1.043
53.0 52.0 11.0:2.103 0.67 1.126
65.0 55.0 14.0:2.702 0.237 2.097,0.824 0.306 3.128
5.0 5.0 16.0:2.508 1.403 3.203,4.513 0.253 1.993
11.0 14.0 18.0:2.185 0.886 1.12
6.0 38.0 16.0:5.015 1.643 2.257
47.0 47.0 13.0:3.878 0.431 1.085
37.0 31.0 14.0:4.339 1.107 1.677,0.633 0.591 1.312
57.0 29.0 18.0:4.997 0.353 3.273,2.351 0.479 1.439
36.0 26.0 18.0:2.914 1.917 3.013
12.0 24.0 13.0:1.319 0.145 1.943
24.0 58.0 19.0:5.984 1.451 3.47
62.0 77.0 20.0:0.884 0.133 2.364
49.0 73.0 25.0:1.377 0.484 1.02,4.105 1.6 2.012
67.0 5.0 25.0:6.077 0.814 1.813
57.0 68.0 15.0:5.594 1.503 2.401
47.0 16.0 25.0:5.119 0.934 1.516
49.0 11.0 18.0:1.336 0.783 2.921
49.0 42.0 13.0:2.004 1.486 2.454
53.0 43.0 14.0:2.551 1.367 2.683
57.0 48.0 23.0:4.431 0.175 2.149
15.0 47.0 16.0:2.631 1.72 4.375
14.0 37.0 11.0:4.661 1.019 1.244,2.325 0.17 1.085
26.0 35.0 15.0:2.834 0.886 1.073,4.663 0.321 1.067
18.0 24.0 22.0:2.871 0.958 2.186
25.0 24.0 20.0:5.465 0.331 1.419,6.044 0.141 3.028
22.0 27.0 11.0:2.993 0.356 2.138,5.628 0.458 4.093
25.0 21.0 12.0:5.353 0.856 1.449
18.0 18.0 17.0:1.838 0.438 1.15
41.0 49.0 10.0:2.632 0.632 1.499
35.0 17.0 7.0:1.512 1.314 1.07,3.33 0.228 1.586
25.0 30.0 3.0:4.031 0.288 3.849,1.955 0.744 4.187
20.0 50.0 5.0:2.861 1.599 2.122
10.0 43.0 9.0:5.314 0.53 4.334,0.26 0.131 2.176
30.0 5.0 8.0:6.24 0.249 1.232
5.0 30.0 2.0:1.424 1.427 1.0
45.0 65.0 9.0:1.199 0.376 1.277,3.784 0.982 2.357
65.0 35.0 3.0:2.81 0.946 1.131
65.0 20.0 6.0:2.491 0.22 2.782
64.0 42.0 9.0:1.76 1.386 1.724
63.0 65.0 8.0:3.546 0.161 4.819
2.0 60.0 5.0:5.568 0.197 2.93,0.727 0.176 1.88
20.0 20.0 8.0:5.747 0.199 2.273,1.378 0.922 4.07,4.222 0.404 5.898
40.0 25.0 9.0:0.683 1.943 1.908
42.0 7.0 5.0:4.855 1.288 1.191,0.836 0.159 1.794
24.0 12.0 5.0:3.908 0.586 1.376,2.191 0.223 2.088
23.0 3.0 7.0:0.446 1.014 1.653
2.0 48.0 1.0:0.16 0.765 1.745
49.0 58.0 10.0:2.628 0.425 1.268
27.0 43.0 9.0:3.582 0.22 1.545
63.0 23.0 2.0:1.443 0.693 4.108,4.079 1.86 2.494
53.0 12.0 6.0:2.25 0.852 2.068
32.0 12.0 7.0:0.285 0.996 1.052
17.0 34.0 3.0:2.439 0.725 1.349
27.0 69.0 10.0:3.717 0.951 2.255
15.0 77.0 9.0:4.525 1.519 1.536
37.0 47.0 6.0:0.793 1.012 1.835
37.0 56.0 5.0:0.306 1.631 2.798
44.0 17.0 9.0:3.438 0.729 2.059,1.371 0.536 2.295
46.0 13.0 8.0:3.453 0.485 1.736
61.0 52.0 3.0:3.447 1.84 2.002
56.0 37.0 6.0:2.737 0.19 4.572,2.041 0.234 2.007
11.0 31.0 7.0:5.782 0.499 4.037,4.041 0.272 2.11
26.0 52.0 9.0:3.508 0.414 1.627
31.0 67.0 3.0:3.741 0.518 1.276
15.0 19.0 1.0:5.131 1.187 2.913
22.0 22.0 2.0:2.668 1.855 1.376
19.0 21.0 10.0:4.543 0.882 1.241
20.0 26.0 9.0:5.153 0.829 2.511,2.139 0.327 2.584