100 1
35.000 35.000 0
35.000 35.000 0
15.0 30.0 26.0:5.284 0.724 2.802
55.0 5.0 29.0:3.7 0.34 1.024
31.0 52.0 27.0:5.293 0.142 2.356,3.804 0.364 1.389,0.913 0.202 3.993
60.0 12.0 31.0:3.61 1.19 1.049,1.377 0.652 4.212
8.0 56.0 27.0:0.743 1.129 1.807
13.0 52.0 36.0:4.302 1.834 1.25
6.0 68.0 30.0:3.1 0.591 1.213
21.0 24.0 28.0:4.917 0.227 5.725,0.97 0.525 2.265
56.0 39.0 36.0:1.574 1.655 1.064
55.0 54.0 26.0:2.78 1.154 1.117,0.616 0.218 3.109
16.0 22.0 41.0:4.713 1.445 1.419,2.994 0.192 1.569,0.542 0.28 2.312
4.0 18.0 35.0:1.423 1.795 1.147
28.0 18.0 26.0:2.948 0.33 1.419,5.342 0.59 2.862
26.0 27.0 27.0:3.831 0.867 1.814,2.147 0.475 1.544
55.0 45.0 13.0:0.11 0.443 1.952
55.0 20.0 19.0:4.343 1.73 2.029
55.0 60.0 16.0:0.615 0.442 1.589,2.416 0.946 2.991,5.11 1.008 1.126
30.0 60.0 16.0:6.225 1.939 1.676
20.0 65.0 12.0:1.555 0.288 1.465
50.0 35.0 19.0:0.355 0.974 2.126
30.0 25.0 23.0:0.239 0.685 1.005
15.0 10.0 20.0:1.461 1.651 2.063
10.0 20.0 19.0:5.273 0.375 1.061,0.459 0.355 2.693
20.0 40.0 12.0:3.272 1.008 1.383,0.248 0.133 1.867
15.0 60.0 17.0:1.177 0.81 1.89,4.906 0.831 1.499
45.0 20.0 11.0:2.944 0.172 1.681,1.297 0.147 2.014
45.0 10.0 18.0:4.562 0.17 1.717,2.871 0.462 1.547
45.0 30.0 17.0:2.509 1.464 3.776
35.0 40.0 16.0:4.408 0.285 1.524
41.0 37.0 16.0:6.089 0.511 3.153
40.0 60.0 21.0:3.752 0.62 3.13
35.0 69.0 23.0:5.432 1.382 1.986
53.0 52.0 11.0:3.909 0.194 2.542,1.959 1.472 1.298
65.0 55.0 14.0:0.414 1.956 1.961
5.0 5.0 16.0:1.373 1.092 1.881
11.0 14.0 18.0:2.295 0.596 1.248,0.62 0.524 2.146
6.0 38.0 16.0:4.382 0.235 1.196
47.0 47.0 13.0:2.612 0.951 2.042
37.0 31.0 14.0:4.338 1.914 1.595
57.0 29.0 18.0:2.482 0.626 2.966
36.0 26.0 18.0:0.625 1.29 1.597
12.0 24.0 13.0:4.276 1.421 1.244
24.0 58.0 19.0:2.388 1.324 1.131
62.0 77.0 20.0:4.654 1.135 1.944,2.035 0.176 1.606
49.0 73.0 25.0:3.22 1.462 1.157
67.0 5.0 25.0:3.673 1.434 3.099
57.0 68.0 15.0:4.211 0.53 1.93
47.0 16.0 25.0:0.338 0.325 5.52
49.0 11.0 18.0:2.89 0.574 4.565
49.0 42.0 13.0:2.992 0.814 2.852
53.0 43.0 14.0:1.34 1.101 1.59
57.0 48.0 23.0:0.834 0.508 1.442,5.159 0.663 1.824
15.0 47.0 16.0:6.087 0.462 1.282
14.0 37.0 11.0:5.233 0.752 1.289,2.953 0.651 1.176
26.0 35.0 15.0:4.083 1.085 3.607,5.884 0.175 1.971
18.0 24.0 22.0:3.285 1.084 1.082
25.0 24.0 20.0:6.272 1.047 1.009
22.0 27.0 11.0:4.771 0.524 1.977,0.287 0.217 2.628
25.0 21.0 12.0:2.143 0.216 1.257
18.0 18.0 17.0:4.221 1.488 1.402
41.0 49.0 10.0:4.998 1.059 1.953
35.0 17.0 7.0:3.716 0.283 1.418,1.36 1.262 1.643
25.0 30.0 3.0:6.133 0.443 2.042
20.0 50.0 5.0:1.126 0.732 1.226
10.0 43.0 9.0:3.42 0.979 1.432,1.834 0.158 1.174
30.0 5.0 8.0:5.766 0.772 2.055
5.0 30.0 2.0:1.386 1.115 1.668,5.145 0.216 1.017
45.0 65.0 9.0:0.211 1.868 1.302
65.0 35.0 3.0:4.043 1.671 1.106
65.0 20.0 6.0:5.087 0.574 2.367
64.0 42.0 9.0:1.331 1.852 1.299
63.0 65.0 8.0:4.277 1.917 1.196
2.0 60.0 5.0:4.976 0.851 1.937
20.0 20.0 8.0:0.085 0.717 2.476
40.0 25.0 9.0:0.507 0.294 1.288
42.0 7.0 5.0:2.604 0.208 1.628
24.0 12.0 5.0:1.186 0.858 1.086
23.0 3.0 7.0:4.73 0.217 1.404,3.538 0.671 1.93
2.0 48.0 1.0:2.377 0.319 1.021
49.0 58.0 10.0:1.175 1.447 1.276
27.0 43.0 9.0:2.157 0.16 1.676,4.665 1.163 2.122
63.0 23.0 2.0:6.011 0.533 1.193
53.0 12.0 6.0:6.014 0.802 1.832
32.0 12.0 7.0:4.173 1.771 1.816
17.0 34.0 3.0:3.699 0.211 1.809
27.0 69.0 10.0:3.964 0.506 2.012,1.729 0.168 1.165
15.0 77.0 9.0:5.958 0.562 1.844
37.0 47.0 6.0:6.214 0.629 3.516
37.0 56.0 5.0:0.257 1.729 1.384
44.0 17.0 9.0:0.254 0.795 2.391
46.0 13.0 8.0:5.778 0.391 1.6
61.0 52.0 3.0:0.909 1.69 2.781
56.0 37.0 6.0:1.632 1.379 2.567
11.0 31.0 7.0:5.624 0.963 1.401
26.0 52.0 9.0:3.977 0.176 1.968,5.121 0.273 1.173
31.0 67.0 3.0:5.221 0.408 1.57,3.905 0.385 1.476
15.0 19.0 1.0:3.511 0.986 2.791,5.729 0.411 2.551
22.0 22.0 2.0:0.77 0.739 1.414
19.0 21.0 10.0:4.521 0.65 1.454,1.377 0.689 1.615
20.0 26.0 9.0:1.615 0.324 3.592,5.119 0.702 1.77