100 1
35.000 35.000 0
35.000 35.000 0
15.0 30.0 26.0:3.819 1.495 2.544
55.0 5.0 29.0:1.005 0.382 3.185,2.739 0.495 2.966
31.0 52.0 27.0:4.335 1.511 1.66
60.0 12.0 31.0:0.297 1.064 1.788
8.0 56.0 27.0:5.426 1.446 1.11
13.0 52.0 36.0:4.993 0.236 1.012
6.0 68.0 30.0:4.806 0.453 3.533,0.436 0.178 1.019
21.0 24.0 28.0:2.043 0.275 2.76
56.0 39.0 36.0:5.125 0.298 3.66,1.58 0.867 1.681
55.0 54.0 26.0:1.437 1.273 1.531
16.0 22.0 41.0:5.499 1.23 1.092
4.0 18.0 35.0:3.29 1.472 2.378
28.0 18.0 26.0:3.172 1.352 4.095
26.0 27.0 27.0:6.076 0.701 2.142
55.0 45.0 13.0:3.121 0.215 1.109
55.0 20.0 19.0:5.285 0.61 2.555
55.0 60.0 16.0:1.602 1.484 1.94
30.0 60.0 16.0:5.52 1.456 1.82
20.0 65.0 12.0:0.051 1.724 1.636
50.0 35.0 19.0:3.061 1.017 2.761
30.0 25.0 23.0:0.613 0.293 1.298,2.408 0.461 1.473
15.0 10.0 20.0:3.358 0.735 1.928
10.0 20.0 19.0:3.486 0.821 1.069
20.0 40.0 12.0:4.859 0.791 1.635,1.778 1.745 3.48
15.0 60.0 17.0:3.755 1.557 3.749
45.0 20.0 11.0:5.318 0.926 1.433,1.206 0.284 1.315
45.0 10.0 18.0:0.547 1.526 2.681
45.0 30.0 17.0:2.686 1.674 1.478
35.0 40.0 16.0:1.062 1.799 1.715
41.0 37.0 16.0:1.764 1.441 4.694
40.0 60.0 21.0:2.91 0.215 1.595,4.477 0.587 1.447
35.0 69.0 23.0:1.087 0.89 1.599,2.606 0.192 1.246
53.0 52.0 11.0:1.559 0.871 1.274,4.77 1.329 1.053
65.0 55.0 14.0:1.815 0.172 1.171,5.068 0.942 3.243
5.0 5.0 16.0:0.431 0.705 3.904
11.0 14.0 18.0:1.108 1.004 3.205
6.0 38.0 16.0:0.661 0.945 3.043
47.0 47.0 13.0:5.173 0.238 1.108,3.146 1.476 1.079
37.0 31.0 14.0:5.264 1.956 1.189
57.0 29.0 18.0:0.86 0.278 1.904,4.06 1.68 1.58
36.0 26.0 18.0:3.626 1.885 1.275
12.0 24.0 13.0:0.133 1.535 2.021
24.0 58.0 19.0:2.155 0.151 2.465
62.0 77.0 20.0:0.24 0.969 2.486
49.0 73.0 25.0:4.5 0.289 1.652
67.0 5.0 25.0:0.219 0.75 1.74
57.0 68.0 15.0:4.708 0.336 1.675,4.16 0.156 1.352
47.0 16.0 25.0:3.45 0.171 1.068
49.0 11.0 18.0:3.287 0.518 1.908,0.559 0.349 1.397
49.0 42.0 13.0:1.444 1.343 5.854,4.688 0.567 6.502
53.0 43.0 14.0:1.523 0.851 1.909,3.533 0.134 1.697
57.0 48.0 23.0:2.929 0.455 1.177,5.031 0.709 1.861
15.0 47.0 16.0:5.79 0.457 1.282
14.0 37.0 11.0:6.139 0.435 1.891
26.0 35.0 15.0:3.337 0.195 3.745
18.0 24.0 22.0:2.374 1.204 2.01,4.785 1.203 1.098
25.0 24.0 20.0:2.074 0.409 4.656,1.304 0.246 1.107
22.0 27.0 11.0:3.858 0.639 1.855
25.0 21.0 12.0:5.666 0.395 1.356,2.542 0.807 2.665
18.0 18.0 17.0:6.249 0.685 1.179
41.0 49.0 10.0:5.945 1.185 3.004
35.0 17.0 7.0:4.592 0.163 1.482,3.697 0.603 1.439
25.0 30.0 3.0:3.704 1.893 2.269
20.0 50.0 5.0:1.767 0.473 1.051
10.0 43.0 9.0:4.126 0.326 2.333
30.0 5.0 8.0:3.117 0.127 1.4
5.0 30.0 2.0:3.648 0.698 1.89
45.0 65.0 9.0:0.582 0.184 1.204
65.0 35.0 3.0:3.629 1.452 1.031,0.739 0.524 2.327
65.0 20.0 6.0:0.594 0.234 1.091
64.0 42.0 9.0:1.899 1.937 1.85
63.0 65.0 8.0:4.71 0.27 2.503
2.0 60.0 5.0:0.96 1.016 1.363
20.0 20.0 8.0:0.033 0.238 2.963
40.0 25.0 9.0:0.868 0.609 2.651,3.868 0.311 8.155
42.0 7.0 5.0:5.922 0.547 1.553
24.0 12.0 5.0:4.301 0.688 1.557
23.0 3.0 7.0:3.133 0.218 1.404
2.0 48.0 1.0:5.392 0.244 2.652
49.0 58.0 10.0:2.419 0.238 2.48,1.403 0.172 3.705
27.0 43.0 9.0:4.344 0.902 1.701,2.131 1.266 2.734
63.0 23.0 2.0:3.315 0.592 1.08
53.0 12.0 6.0:1.532 1.161 1.203
32.0 12.0 7.0:2.562 0.235 1.192
17.0 34.0 3.0:0.38 1.73 4.608
27.0 69.0 10.0:4.983 0.387 2.246,0.668 0.487 2.161
15.0 77.0 9.0:3.19 0.832 1.343
37.0 47.0 6.0:2.529 1.756 2.078
37.0 56.0 5.0:5.542 0.638 1.185,1.074 0.796 5.342
44.0 17.0 9.0:2.923 1.204 2.642
46.0 13.0 8.0:3.964 0.516 1.536
61.0 52.0 3.0:3.829 0.82 2.309
56.0 37.0 6.0:2.111 0.75 2.528
11.0 31.0 7.0:4.201 0.173 1.806,2.946 0.148 1.676
26.0 52.0 9.0:0.445 0.953 1.471
31.0 67.0 3.0:0.105 1.121 1.553
15.0 19.0 1.0:0.837 0.199 1.262,5.447 0.369 1.287
22.0 22.0 2.0:5.423 0.346 1.668,4.531 0.139 1.296
19.0 21.0 10.0:0.243 1.059 1.43
20.0 26.0 9.0:3.572 0.516 1.316