100, 1
35.000 35.000 0
35.000 35.000 0
15.0 30.0 26.0:2.805 1.989 1.337
55.0 5.0 29.0:3.133 1.606 1.486,0.662 0.244 1.212
31.0 52.0 27.0:0.789 1.409 1.058
60.0 12.0 31.0:4.852 1.814 1.414
8.0 56.0 27.0:4.552 1.513 1.495
13.0 52.0 36.0:1.532 1.161 1.203
6.0 68.0 30.0:2.562 1.761 1.062
21.0 24.0 28.0:4.983 0.387 2.246,0.668 0.487 2.161
56.0 39.0 36.0:3.19 0.736 1.744
55.0 54.0 26.0:2.587 0.612 1.647
16.0 22.0 41.0:5.542 0.638 1.185,1.074 0.796 5.342
4.0 18.0 35.0:2.923 1.204 2.642
28.0 18.0 26.0:3.964 1.209 2.416
26.0 27.0 27.0:2.608 1.005 1.339
55.0 45.0 13.0:2.111 1.135 1.06,4.919 0.276 2.198
55.0 20.0 19.0:3.478 1.154 1.177
55.0 60.0 16.0:4.319 1.729 2.085,2.361 0.139 1.553
30.0 60.0 16.0:0.837 0.369 2.988,5.447 0.36 2.277
20.0 65.0 12.0:1.379 0.139 1.261
50.0 35.0 19.0:3.06 0.156 1.703,1.611 1.175 1.43
30.0 25.0 23.0:3.572 0.226 6.227
15.0 10.0 20.0:1.702 1.216 1.998
10.0 20.0 19.0:4.475 0.365 1.372,2.419 0.144 1.295
20.0 40.0 12.0:2.908 0.171 2.805,5.573 0.155 2.139
15.0 60.0 17.0:1.054 1.0 1.314,4.339 0.617 1.036
45.0 20.0 11.0:4.042 1.38 2.389
45.0 10.0 18.0:1.379 0.237 1.373
45.0 30.0 17.0:4.558 0.868 1.352,1.596 0.321 2.438
35.0 40.0 16.0:0.819 0.301 2.058
41.0 37.0 16.0:3.556 0.173 2.253
40.0 60.0 21.0:6.167 1.905 1.659
35.0 69.0 23.0:3.03 0.498 1.6,1.926 0.571 2.444
53.0 52.0 11.0:5.224 1.181 1.147
65.0 55.0 14.0:0.299 1.201 1.563
5.0 5.0 16.0:0.605 1.213 1.374
11.0 14.0 18.0:6.022 1.731 1.058
6.0 38.0 16.0:2.337 1.936 1.163
47.0 47.0 13.0:0.241 1.514 4.591
37.0 31.0 14.0:3.855 1.839 1.603
57.0 29.0 18.0:2.073 0.466 3.923
36.0 26.0 18.0:6.084 0.662 1.582
12.0 24.0 13.0:0.626 0.128 2.659
24.0 58.0 19.0:6.058 1.965 1.927
62.0 77.0 20.0:0.766 0.14 3.831,3.68 1.978 1.259
49.0 73.0 25.0:3.924 0.643 1.136,4.959 0.382 6.895
67.0 5.0 25.0:4.83 1.532 1.286
57.0 68.0 15.0:4.334 0.136 3.28,1.547 0.687 1.713
47.0 16.0 25.0:2.657 0.43 1.321,0.711 0.252 3.872
49.0 11.0 18.0:4.709 0.173 2.957,3.744 0.128 2.894
49.0 42.0 13.0:1.31 1.983 1.158
53.0 43.0 14.0:2.601 1.942 1.064
57.0 48.0 23.0:0.529 0.321 1.413,2.737 0.729 2.329
15.0 47.0 16.0:4.291 1.415 1.534
14.0 37.0 11.0:0.593 0.755 1.624
26.0 35.0 15.0:2.103 0.659 1.133,0.742 0.244 1.207
18.0 24.0 22.0:4.185 1.667 2.267
25.0 24.0 20.0:0.879 1.049 1.714
22.0 27.0 11.0:3.465 0.139 1.299
25.0 21.0 12.0:0.711 1.448 1.716
18.0 18.0 17.0:3.878 0.51 1.334
41.0 49.0 10.0:6.023 0.523 6.243
35.0 17.0 7.0:4.121 0.591 1.218,2.67 0.77 1.312
25.0 30.0 3.0:4.997 0.334 1.382,2.351 0.353 5.152
20.0 50.0 5.0:5.636 0.536 2.152
10.0 43.0 9.0:2.914 0.28 1.236
30.0 5.0 8.0:0.981 1.008 1.103
5.0 30.0 2.0:5.984 1.764 1.288
45.0 65.0 9.0:0.06 1.313 1.247
65.0 35.0 3.0:2.015 1.6 1.296,5.108 0.141 2.012
65.0 20.0 6.0:6.077 0.219 3.21
64.0 42.0 9.0:5.15 1.336 2.685
63.0 65.0 8.0:1.336 1.515 1.384
2.0 60.0 5.0:2.551 1.367 2.683
20.0 20.0 8.0:4.431 0.175 2.149
40.0 25.0 9.0:2.631 0.401 2.354,5.654 0.525 1.462
42.0 7.0 5.0:3.869 0.17 1.086,4.663 0.342 1.085
24.0 12.0 5.0:2.834 0.886 1.073,4.663 0.321 1.067
23.0 3.0 7.0:2.871 0.958 2.186
2.0 48.0 1.0:5.465 0.141 1.647
49.0 58.0 10.0:1.906 1.161 4.093
27.0 43.0 9.0:5.353 1.652 2.122
63.0 23.0 2.0:2.275 0.443 1.543,4.825 0.253 1.249
53.0 12.0 6.0:2.604 0.792 2.18
32.0 12.0 7.0:1.512 1.314 1.07,3.33 0.228 1.586
17.0 34.0 3.0:4.031 0.288 3.849,1.955 0.744 4.187
27.0 69.0 10.0:2.861 1.599 2.122
15.0 77.0 9.0:5.314 0.159 1.432
37.0 47.0 6.0:0.048 1.99 1.457
37.0 56.0 5.0:1.424 1.234 1.307
44.0 17.0 9.0:0.001 0.311 1.912
46.0 13.0 8.0:2.81 0.602 1.329,3.653 0.22 1.036
61.0 52.0 3.0:3.275 0.814 1.668
56.0 37.0 6.0:3.546 1.682 1.087
11.0 31.0 7.0:5.372 1.761 1.09
26.0 52.0 9.0:4.523 0.221 4.79
31.0 67.0 3.0:3.75 1.442 1.246
15.0 19.0 1.0:4.855 1.07 1.143
22.0 22.0 2.0:4.61 0.159 1.19,1.525 0.291 1.794
19.0 21.0 10.0:3.908 0.223 1.074,2.191 0.473 5.564
20.0 26.0 9.0:5.675 0.93 1.313