100, 1
35.000 35.000 0
35.000 35.000 0
15.0 30.0 26.0:4.895 0.4 1.144,2.973 0.828 1.113
55.0 5.0 29.0:2.441 1.667 7.812
31.0 52.0 27.0:2.824 0.496 1.825
60.0 12.0 31.0:0.021 1.17 1.365
8.0 56.0 27.0:1.962 0.308 1.816
13.0 52.0 36.0:3.025 1.444 2.483
6.0 68.0 30.0:4.369 0.294 2.732,0.614 0.234 1.044
21.0 24.0 28.0:2.004 0.714 1.197
56.0 39.0 36.0:2.214 1.926 2.956
55.0 54.0 26.0:0.95 0.571 1.488,3.674 0.906 2.018
16.0 22.0 41.0:3.627 0.564 1.675,1.609 0.223 1.05
4.0 18.0 35.0:5.254 1.553 2.659
28.0 18.0 26.0:2.836 1.552 1.517
26.0 27.0 27.0:2.717 1.273 1.899
55.0 45.0 13.0:5.038 0.683 1.516
55.0 20.0 19.0:1.141 0.128 1.475,3.205 0.142 4.148
55.0 60.0 16.0:1.138 1.242 2.541
30.0 60.0 16.0:0.526 0.546 1.159
20.0 65.0 12.0:4.595 1.897 1.036
50.0 35.0 19.0:2.324 0.936 1.866
30.0 25.0 23.0:2.425 0.61 2.906
15.0 10.0 20.0:2.658 0.236 2.243
10.0 20.0 19.0:3.327 0.76 1.999,4.794 0.149 1.448
20.0 40.0 12.0:5.003 1.529 1.94
15.0 60.0 17.0:5.493 0.271 1.625,2.311 0.508 1.081
45.0 20.0 11.0:2.638 0.131 4.038
45.0 10.0 18.0:0.514 0.344 2.131,5.044 0.529 1.448
45.0 30.0 17.0:1.094 0.682 2.097,3.781 0.276 2.613
35.0 40.0 16.0:0.706 0.658 1.528,2.615 1.183 1.599
41.0 37.0 16.0:2.119 1.699 2.464
40.0 60.0 21.0:2.137 0.304 4.572,3.852 0.44 6.01
35.0 69.0 23.0:5.607 0.739 1.757
53.0 52.0 11.0:2.516 1.766 2.304
65.0 55.0 14.0:0.238 1.624 2.695
5.0 5.0 16.0:2.489 1.111 1.242
11.0 14.0 18.0:0.951 0.995 1.377
6.0 38.0 16.0:1.166 0.231 1.992
47.0 47.0 13.0:2.827 0.164 1.283
37.0 31.0 14.0:4.634 0.21 2.258
57.0 29.0 18.0:1.356 0.519 1.343,5.635 0.578 1.627
36.0 26.0 18.0:1.009 0.335 1.64
12.0 24.0 13.0:0.51 0.468 3.68,5.769 0.408 1.346
24.0 58.0 19.0:2.734 0.909 1.938
62.0 77.0 20.0:4.28 1.823 2.142
49.0 73.0 25.0:6.236 0.244 1.893
67.0 5.0 25.0:0.013 1.2 3.54
57.0 68.0 15.0:4.111 0.27 1.204,1.198 0.267 2.265
47.0 16.0 25.0:5.186 0.228 1.128
49.0 11.0 18.0:1.677 0.35 7.618
49.0 42.0 13.0:3.595 0.888 2.762
53.0 43.0 14.0:0.652 1.997 3.764
57.0 48.0 23.0:4.731 0.728 3.103
15.0 47.0 16.0:0.553 0.88 1.908
14.0 37.0 11.0:4.945 0.28 1.572
26.0 35.0 15.0:0.687 1.115 1.716
18.0 24.0 22.0:6.076 1.644 1.161
25.0 24.0 20.0:5.775 1.205 1.661
22.0 27.0 11.0:5.024 1.801 2.692
25.0 21.0 12.0:3.615 1.129 1.51,5.624 0.353 1.285
18.0 18.0 17.0:2.766 0.276 1.737
41.0 49.0 10.0:2.539 0.17 1.336,4.737 0.652 2.763
35.0 17.0 7.0:4.177 1.817 2.411
25.0 30.0 3.0:2.961 0.675 2.029,5.779 0.436 1.933
20.0 50.0 5.0:1.462 1.057 1.255,4.604 0.577 3.587
10.0 43.0 9.0:4.508 1.69 1.293,2.027 0.407 1.587
30.0 5.0 8.0:4.95 0.601 1.903,1.447 0.531 1.186
5.0 30.0 2.0:0.966 0.225 3.363,3.927 0.43 5.157
45.0 65.0 9.0:0.44 0.886 1.868
65.0 35.0 3.0:3.77 0.395 1.808
65.0 20.0 6.0:0.676 0.692 1.335
64.0 42.0 9.0:0.517 0.48 1.816,4.844 0.145 1.194
63.0 65.0 8.0:1.103 1.541 1.884
2.0 60.0 5.0:0.668 0.328 3.467
20.0 20.0 8.0:2.904 0.373 1.066,5.996 0.189 1.314
40.0 25.0 9.0:6.172 0.245 1.363
42.0 7.0 5.0:1.73 0.164 1.623
24.0 12.0 5.0:1.795 0.156 1.517,3.343 0.243 3.438
23.0 3.0 7.0:1.355 0.445 2.269,5.395 0.463 1.141
2.0 48.0 1.0:1.108 0.452 1.145,2.73 0.836 3.21
49.0 58.0 10.0:2.384 0.716 1.016
27.0 43.0 9.0:2.47 0.42 3.389
63.0 23.0 2.0:4.24 1.108 3.361
53.0 12.0 6.0:5.526 1.566 1.203
32.0 12.0 7.0:5.022 0.208 1.418,0.54 0.138 1.686
17.0 34.0 3.0:4.616 0.226 2.378
27.0 69.0 10.0:2.687 0.944 2.051
15.0 77.0 9.0:0.814 1.521 2.609
37.0 47.0 6.0:0.056 1.978 1.852
37.0 56.0 5.0:2.731 0.993 2.184
44.0 17.0 9.0:2.253 0.242 2.322
46.0 13.0 8.0:1.088 0.658 1.517,3.028 0.16 1.054
61.0 52.0 3.0:5.237 0.741 1.163,3.48 0.424 1.669
56.0 37.0 6.0:1.407 1.152 1.201
11.0 31.0 7.0:5.258 1.411 1.788
26.0 52.0 9.0:2.389 0.146 1.832
31.0 67.0 3.0:2.066 0.44 1.114
15.0 19.0 1.0:1.883 1.775 5.125
22.0 22.0 2.0:5.538 1.757 1.602
19.0 21.0 10.0:5.222 1.271 1.023
20.0 26.0 9.0:2.283 1.385 1.152