100 1
35.000 35.000 0
35.000 35.000 0
15.0 30.0 26.0:2.04 1.178 2.43,5.91 0.162 2.951
55.0 5.0 29.0:1.294 1.529 1.645
31.0 52.0 27.0:6.157 1.804 1.206
60.0 12.0 31.0:0.368 1.266 2.273
8.0 56.0 27.0:2.793 0.525 1.406
13.0 52.0 36.0:0.372 0.326 1.445
6.0 68.0 30.0:4.46 0.894 1.408,2.252 0.579 2.624
21.0 24.0 28.0:1.151 1.125 2.408,3.01 0.226 2.55
56.0 39.0 36.0:6.071 0.859 3.947
55.0 54.0 26.0:2.22 0.722 1.46,6.0 0.257 3.294
16.0 22.0 41.0:4.872 1.028 1.401
4.0 18.0 35.0:0.429 1.305 2.196
28.0 18.0 26.0:4.734 1.577 1.954
26.0 27.0 27.0:2.253 0.529 1.43
55.0 45.0 13.0:2.768 0.848 1.645
55.0 20.0 19.0:0.528 0.221 1.757
55.0 60.0 16.0:0.523 0.988 1.577
30.0 60.0 16.0:1.291 0.5 2.278,5.089 0.564 1.714
20.0 65.0 12.0:1.06 1.613 3.546
50.0 35.0 19.0:2.364 1.982 1.18
30.0 25.0 23.0:3.339 0.91 3.352
15.0 10.0 20.0:6.268 1.686 1.498
10.0 20.0 19.0:4.926 1.655 2.011
20.0 40.0 12.0:3.063 1.533 1.553
15.0 60.0 17.0:3.478 1.827 3.677
45.0 20.0 11.0:0.934 0.701 1.364,2.875 0.462 3.542
45.0 10.0 18.0:1.653 0.569 1.359,4.892 0.276 1.298
45.0 30.0 17.0:5.399 1.004 1.984
35.0 40.0 16.0:6.108 0.457 4.083
41.0 37.0 16.0:0.786 0.203 1.459,5.783 0.464 1.648,3.478 0.266 1.258
40.0 60.0 21.0:4.649 0.526 1.042,3.466 0.3 1.145
35.0 69.0 23.0:4.967 0.251 1.264,4.106 0.167 6.996
53.0 52.0 11.0:2.88 0.567 1.871
65.0 55.0 14.0:3.427 1.563 2.755
5.0 5.0 16.0:2.892 1.932 3.306
11.0 14.0 18.0:4.361 0.823 2.706
6.0 38.0 16.0:5.643 0.232 1.164,2.64 0.225 1.503
47.0 47.0 13.0:4.713 0.188 1.082
37.0 31.0 14.0:1.003 1.736 1.063
57.0 29.0 18.0:0.749 1.494 1.629
36.0 26.0 18.0:4.973 0.206 2.511,4.413 0.279 4.77,1.806 1.134 1.297
12.0 24.0 13.0:3.649 1.017 2.63
24.0 58.0 19.0:5.359 1.419 3.262
62.0 77.0 20.0:4.691 0.996 1.972,1.492 0.393 2.171
49.0 73.0 25.0:2.115 0.474 4.577
67.0 5.0 25.0:1.148 0.165 1.001
57.0 68.0 15.0:6.126 0.156 1.307
47.0 16.0 25.0:2.251 1.115 1.39
49.0 11.0 18.0:3.128 1.468 3.478
49.0 42.0 13.0:4.126 0.265 2.364,5.295 0.497 7.338
53.0 43.0 14.0:0.517 1.194 1.309
57.0 48.0 23.0:4.847 1.722 1.044
15.0 47.0 16.0:1.803 0.78 1.231
14.0 37.0 11.0:1.729 1.72 1.019
26.0 35.0 15.0:1.5 0.239 1.732,4.273 0.924 2.391
18.0 24.0 22.0:1.738 1.378 1.744,5.687 0.212 1.166,3.873 0.709 1.4
25.0 24.0 20.0:5.178 0.261 3.088
22.0 27.0 11.0:5.157 1.181 1.195
25.0 21.0 12.0:5.477 0.247 1.07
18.0 18.0 17.0:5.146 1.095 1.92
41.0 49.0 10.0:5.801 0.837 1.704
35.0 17.0 7.0:0.942 1.247 2.532
25.0 30.0 3.0:0.749 0.147 1.555,4.446 0.482 1.104
20.0 50.0 5.0:1.171 1.192 1.346
10.0 43.0 9.0:3.222 1.517 1.441
30.0 5.0 8.0:3.479 1.233 1.633,0.617 0.583 1.719
5.0 30.0 2.0:4.117 0.854 1.096
45.0 65.0 9.0:0.705 0.656 2.557
65.0 35.0 3.0:0.601 0.255 1.487
65.0 20.0 6.0:3.792 0.778 2.944
64.0 42.0 9.0:3.603 0.171 1.595,1.929 1.065 1.317
63.0 65.0 8.0:3.285 0.155 1.2
2.0 60.0 5.0:1.098 0.708 3.261
20.0 20.0 8.0:0.76 1.989 1.783
40.0 25.0 9.0:0.185 0.867 1.846
42.0 7.0 5.0:1.732 0.845 2.762
24.0 12.0 5.0:4.376 1.059 5.686
23.0 3.0 7.0:1.285 0.221 1.077,3.772 0.931 1.022
2.0 48.0 1.0:4.98 1.589 2.891
49.0 58.0 10.0:4.597 0.164 2.655
27.0 43.0 9.0:0.962 0.674 1.641
63.0 23.0 2.0:3.281 0.589 3.125,0.84 0.682 1.167
53.0 12.0 6.0:6.276 1.342 3.455
32.0 12.0 7.0:4.14 0.128 1.374,3.155 0.462 1.209
17.0 34.0 3.0:3.543 0.756 1.314
27.0 69.0 10.0:5.006 1.141 1.072
15.0 77.0 9.0:4.369 0.21 1.17
37.0 47.0 6.0:1.11 1.692 1.044
37.0 56.0 5.0:2.004 0.714 1.197
44.0 17.0 9.0:2.214 0.195 3.746
46.0 13.0 8.0:5.395 0.266 1.825,4.24 0.571 2.018
61.0 52.0 3.0:3.627 0.564 1.675,1.609 0.223 1.05
56.0 37.0 6.0:5.254 0.697 1.566
11.0 31.0 7.0:4.573 1.959 1.224
26.0 52.0 9.0:3.725 0.541 4.241
31.0 67.0 3.0:3.235 0.613 4.577
15.0 19.0 1.0:1.141 0.804 2.438
22.0 22.0 2.0:2.377 0.262 4.148
19.0 21.0 10.0:1.138 1.958 1.088
20.0 26.0 9.0:1.741 0.784 4.267