100, 1
35.000 35.000 0
35.000 35.000 0
15.0 30.0 26.0:5.781 0.671 1.431
55.0 5.0 29.0:5.615 0.464 1.322
31.0 52.0 27.0:1.267 0.149 1.649,5.15 0.389 1.318
60.0 12.0 31.0:4.439 1.024 1.585
8.0 56.0 27.0:2.978 0.905 4.159
13.0 52.0 36.0:1.839 0.337 2.466,3.563 0.146 2.813
6.0 68.0 30.0:3.448 0.272 1.788,1.235 0.732 1.458
21.0 24.0 28.0:0.153 0.774 1.899
56.0 39.0 36.0:1.791 1.43 1.356
55.0 54.0 26.0:3.237 1.83 1.181
16.0 22.0 41.0:1.889 0.872 1.264
4.0 18.0 35.0:0.55 0.382 3.75
28.0 18.0 26.0:0.9 0.633 1.251,4.282 1.418 1.006
26.0 27.0 27.0:5.387 0.727 2.806
55.0 45.0 13.0:4.675 0.454 3.151
55.0 20.0 19.0:4.729 1.311 1.394
55.0 60.0 16.0:2.157 0.164 2.339,3.177 0.214 1.483
30.0 60.0 16.0:2.256 0.346 2.078,4.547 0.353 2.832
20.0 65.0 12.0:4.097 1.461 1.618,0.924 0.459 1.33
50.0 35.0 19.0:3.295 0.496 1.545
30.0 25.0 23.0:2.04 1.33 1.047
15.0 10.0 20.0:4.78 1.912 1.221
10.0 20.0 19.0:5.21 0.302 1.682
20.0 40.0 12.0:2.986 0.186 3.654
15.0 60.0 17.0:0.368 1.442 1.588
45.0 20.0 11.0:0.372 0.542 1.444
45.0 10.0 18.0:3.491 0.505 1.202
45.0 30.0 17.0:4.172 0.226 3.394
35.0 40.0 16.0:6.071 0.859 3.947
41.0 37.0 16.0:2.22 1.877 3.209
40.0 60.0 21.0:2.316 1.39 1.146
35.0 69.0 23.0:0.429 1.305 2.196
53.0 52.0 11.0:4.734 0.183 1.444
65.0 55.0 14.0:3.991 1.655 2.095
5.0 5.0 16.0:5.945 0.405 1.115
11.0 14.0 18.0:0.523 0.54 1.23
6.0 38.0 16.0:2.084 1.841 1.714
47.0 47.0 13.0:1.06 1.409 2.971
37.0 31.0 14.0:4.69 0.569 5.657,5.791 0.479 1.633
57.0 29.0 18.0:1.035 1.65 1.353
36.0 26.0 18.0:5.401 2.003 3.186
12.0 24.0 13.0:2.463 1.13 2.532
24.0 58.0 19.0:4.251 0.762 1.806,1.611 0.65 1.119
62.0 77.0 20.0:5.891 1.943 1.193
49.0 73.0 25.0:0.934 0.701 1.364,2.875 0.462 3.542
67.0 5.0 25.0:1.653 1.398 1.9
57.0 68.0 15.0:1.894 1.564 1.298
47.0 16.0 25.0:5.399 1.022 3.224
49.0 11.0 18.0:3.935 0.711 1.378
49.0 42.0 13.0:6.108 1.713 1.134
53.0 43.0 14.0:0.57 0.556 2.347,1.932 0.742 1.802
57.0 48.0 23.0:1.142 1.428 1.149
15.0 47.0 16.0:1.458 0.709 1.788,5.417 0.567 3.553
14.0 37.0 11.0:5.291 1.523 1.617
26.0 35.0 15.0:6.117 1.171 1.987
18.0 24.0 22.0:4.361 0.154 3.284,3.266 0.354 1.128
25.0 24.0 20.0:0.705 1.328 1.077
22.0 27.0 11.0:0.497 0.655 1.521
25.0 21.0 12.0:4.685 0.232 1.469
18.0 18.0 17.0:4.973 1.213 1.339
41.0 49.0 10.0:0.586 1.134 4.77
35.0 17.0 7.0:3.649 1.017 2.63
25.0 30.0 3.0:5.359 1.419 3.262
20.0 50.0 5.0:4.691 0.996 1.972,1.492 0.393 2.171
10.0 43.0 9.0:2.115 0.474 4.577
30.0 5.0 8.0:1.148 0.488 1.269
5.0 30.0 2.0:0.308 0.713 1.07
45.0 65.0 9.0:6.126 0.541 1.308
65.0 35.0 3.0:3.128 0.379 1.682
65.0 20.0 6.0:5.756 1.61 2.85
64.0 42.0 9.0:2.069 2.005 1.75,4.678 0.195 2.184
63.0 65.0 8.0:4.881 0.867 1.467,1.672 1.38 2.851
2.0 60.0 5.0:5.658 0.161 1.338,3.462 0.951 1.425,5.019 0.132 1.688
20.0 20.0 8.0:2.746 0.329 1.643
40.0 25.0 9.0:1.729 0.127 1.273,3.127 0.14 2.139
42.0 7.0 5.0:3.585 1.33 3.356
24.0 12.0 5.0:4.841 0.832 2.738,0.628 0.267 4.632,2.879 0.497 1.159
23.0 3.0 7.0:3.473 0.307 1.253
2.0 48.0 1.0:4.326 0.833 1.676
49.0 58.0 10.0:5.477 1.502 3.567
27.0 43.0 9.0:0.547 0.323 1.753,3.174 0.264 2.261
63.0 23.0 2.0:3.826 1.412 1.317
53.0 12.0 6.0:0.749 0.147 1.555,4.446 0.482 1.104
32.0 12.0 7.0:1.171 0.378 2.212
17.0 34.0 3.0:1.84 1.337 1.013,4.607 0.81 2.742
27.0 69.0 10.0:6.091 1.186 2.304
15.0 77.0 9.0:4.467 0.728 2.065,0.923 0.776 2.184
37.0 47.0 6.0:0.771 0.204 1.402
37.0 56.0 5.0:0.705 0.208 1.925,2.692 0.255 2.52,4.958 0.584 1.685
44.0 17.0 9.0:2.659 1.602 2.212
46.0 13.0 8.0:3.603 0.171 1.595,1.929 1.065 1.317
61.0 52.0 3.0:3.285 1.615 1.192,0.867 0.299 1.149
56.0 37.0 6.0:5.326 1.708 1.677
11.0 31.0 7.0:0.76 1.989 1.783
26.0 52.0 9.0:0.185 0.21 2.238
31.0 67.0 3.0:3.587 0.42 1.757,4.705 0.593 1.006
15.0 19.0 1.0:5.204 0.456 1.821
22.0 22.0 2.0:3.126 0.798 1.917
19.0 21.0 10.0:3.606 0.143 2.911
20.0 26.0 9.0:4.597 0.519 1.166