100 1
35.000 35.000 0
35.000 35.000 0
15.0 30.0 26.0:5.83 0.18 1.269,4.122 0.15 3.004
55.0 5.0 29.0:4.876 0.199 2.558,1.056 0.182 1.505
31.0 52.0 27.0:2.614 0.211 2.564,3.683 0.396 1.767
60.0 12.0 31.0:2.41 0.627 1.082
8.0 56.0 27.0:6.208 0.189 2.449
13.0 52.0 36.0:1.847 1.047 1.335,4.394 0.178 1.022
6.0 68.0 30.0:2.423 0.793 1.013
21.0 24.0 28.0:6.26 1.042 1.863
56.0 39.0 36.0:2.386 0.467 1.072,0.324 0.141 2.317
55.0 54.0 26.0:1.489 0.312 1.732
16.0 22.0 41.0:2.645 0.143 5.025
4.0 18.0 35.0:1.408 0.759 1.373
28.0 18.0 26.0:5.188 0.138 2.822,3.206 1.521 1.197
26.0 27.0 27.0:1.238 0.347 3.911
55.0 45.0 13.0:4.112 1.456 1.079
55.0 20.0 19.0:4.29 1.803 1.027
55.0 60.0 16.0:4.645 0.963 1.651
30.0 60.0 16.0:4.866 1.416 1.331,1.172 1.129 1.267
20.0 65.0 12.0:6.132 0.253 2.528
50.0 35.0 19.0:5.925 0.413 1.83
30.0 25.0 23.0:3.738 1.967 1.002
15.0 10.0 20.0:1.524 1.4 2.677,3.904 0.504 2.833
10.0 20.0 19.0:0.727 0.47 1.217,3.136 0.285 1.18
20.0 40.0 12.0:5.146 1.035 3.951
15.0 60.0 17.0:3.366 1.118 1.364
45.0 20.0 11.0:4.091 0.631 2.273,2.599 0.235 1.04
45.0 10.0 18.0:0.734 0.473 3.377,3.643 1.372 5.86
45.0 30.0 17.0:4.423 0.154 1.813,0.351 0.126 1.382
35.0 40.0 16.0:4.343 0.293 1.464
41.0 37.0 16.0:2.663 0.852 1.205
40.0 60.0 21.0:0.049 0.126 1.479
35.0 69.0 23.0:1.824 0.435 1.212,4.276 1.576 2.619
53.0 52.0 11.0:0.93 0.182 1.501
65.0 55.0 14.0:3.746 0.289 2.718
5.0 5.0 16.0:2.756 1.921 1.567
11.0 14.0 18.0:0.551 1.475 1.065
6.0 38.0 16.0:5.933 0.377 1.481
47.0 47.0 13.0:5.034 1.215 1.387
37.0 31.0 14.0:2.467 1.31 1.07,4.892 0.61 4.662
57.0 29.0 18.0:2.255 0.341 1.37
36.0 26.0 18.0:2.082 0.344 1.201
12.0 24.0 13.0:3.896 0.172 1.291
24.0 58.0 19.0:1.199 0.192 1.113
62.0 77.0 20.0:4.11 1.582 1.413
49.0 73.0 25.0:0.405 0.74 1.528
67.0 5.0 25.0:2.614 0.314 2.066
57.0 68.0 15.0:0.484 1.171 2.472
47.0 16.0 25.0:0.964 1.087 1.027
49.0 11.0 18.0:1.812 0.868 3.134
49.0 42.0 13.0:0.309 0.412 1.642
53.0 43.0 14.0:2.66 0.644 3.701
57.0 48.0 23.0:5.535 0.229 1.324
15.0 47.0 16.0:6.234 1.688 1.869
14.0 37.0 11.0:3.232 1.082 1.447
26.0 35.0 15.0:1.924 1.948 1.459
18.0 24.0 22.0:0.97 1.541 1.006
25.0 24.0 20.0:3.651 2.009 1.079
22.0 27.0 11.0:3.338 1.558 2.637
25.0 21.0 12.0:5.862 0.416 2.556
18.0 18.0 17.0:5.777 1.629 1.979
41.0 49.0 10.0:5.93 1.853 1.89
35.0 17.0 7.0:0.692 0.726 2.358
25.0 30.0 3.0:1.998 1.074 1.232,5.11 0.79 2.901
20.0 50.0 5.0:2.494 1.69 1.32
10.0 43.0 9.0:2.595 1.639 1.498,5.375 0.596 1.956
30.0 5.0 8.0:2.415 1.303 1.065
5.0 30.0 2.0:1.038 1.637 2.53
45.0 65.0 9.0:5.787 0.708 1.922
65.0 35.0 3.0:0.804 0.541 1.843
65.0 20.0 6.0:1.274 0.505 1.765,3.512 0.183 1.146
64.0 42.0 9.0:2.157 1.922 1.753
63.0 65.0 8.0:1.813 0.641 1.032,3.035 0.389 1.301
2.0 60.0 5.0:3.21 1.103 1.299
20.0 20.0 8.0:2.844 0.288 1.07
40.0 25.0 9.0:4.377 1.384 2.978,2.339 0.509 1.205
42.0 7.0 5.0:3.069 0.38 2.322
24.0 12.0 5.0:5.877 1.064 1.104
23.0 3.0 7.0:3.575 0.94 5.313
2.0 48.0 1.0:1.331 0.209 1.826,5.224 0.469 1.238
49.0 58.0 10.0:0.683 0.712 1.584
27.0 43.0 9.0:5.787 0.269 1.454
63.0 23.0 2.0:0.293 0.148 1.134,3.672 0.869 1.09
53.0 12.0 6.0:4.63 0.987 1.79
32.0 12.0 7.0:2.013 0.245 1.137
17.0 34.0 3.0:2.016 0.463 1.691,0.859 0.245 1.434
27.0 69.0 10.0:1.352 1.691 3.219
15.0 77.0 9.0:1.148 0.897 1.287
37.0 47.0 6.0:4.596 0.336 1.872
37.0 56.0 5.0:4.956 1.721 1.067
44.0 17.0 9.0:2.94 1.253 1.092
46.0 13.0 8.0:2.648 1.57 1.708
61.0 52.0 3.0:2.559 1.061 4.159
56.0 37.0 6.0:5.743 1.22 1.141
11.0 31.0 7.0:0.716 0.947 1.227
26.0 52.0 9.0:5.582 0.632 1.075,1.837 0.144 2.349
31.0 67.0 3.0:1.875 1.737 1.174
15.0 19.0 1.0:4.374 1.273 1.835,1.316 1.032 2.617
22.0 22.0 2.0:4.752 1.329 1.551
19.0 21.0 10.0:1.943 0.445 1.756,4.446 1.717 1.091
20.0 26.0 9.0:3.642 1.258 4.741,2.187 0.186 1.977