60 1
0.000 -7.000 0
0.000 7.000 0
-1.0 -6.0 6.0:3.448 1.243 1.923
1.0 -6.0 6.0:3.424 1.084 3.224
-2.0 -5.0 12.0:2.409 0.919 1.091
0.0 -5.0 6.0:4.889 1.947 1.619
2.0 -5.0 12.0:0.743 1.847 1.307
-3.0 -4.0 18.0:3.572 1.023 1.96
-1.0 -4.0 12.0:4.284 1.202 2.111,2.259 0.175 1.236
1.0 -4.0 12.0:1.982 0.55 1.844
3.0 -4.0 18.0:2.756 0.214 1.176
-4.0 -3.0 24.0:1.591 0.723 1.28
-2.0 -3.0 18.0:0.999 1.108 1.219
0.0 -3.0 12.0:5.158 1.552 4.749
2.0 -3.0 18.0:6.137 1.301 1.332
4.0 -3.0 24.0:1.861 0.632 1.836,0.746 0.179 1.308
-5.0 -2.0 30.0:0.59 0.935 3.649
-3.0 -2.0 24.0:2.002 1.246 1.883,4.193 0.439 1.02
-1.0 -2.0 18.0:0.03 1.291 1.858
1.0 -2.0 18.0:1.402 1.574 2.681
3.0 -2.0 24.0:3.652 1.19 1.696
5.0 -2.0 30.0:4.046 0.999 1.359,2.663 0.141 2.079
-6.0 -1.0 36.0:1.823 0.249 1.894,3.883 0.451 1.854
-4.0 -1.0 30.0:4.097 0.661 3.269
-2.0 -1.0 24.0:2.309 1.698 2.217
0.0 -1.0 18.0:5.777 2.007 3.026
2.0 -1.0 24.0:3.868 0.236 2.884
4.0 -1.0 30.0:5.073 0.183 2.28,3.576 1.202 3.013
6.0 -1.0 36.0:5.377 1.279 1.056
-7.0 0.0 42.0:4.987 0.521 2.219
-5.0 0.0 36.0:1.035 0.938 3.721,3.905 0.369 1.952
-3.0 0.0 30.0:3.365 0.964 2.31
-1.0 0.0 24.0:1.96 0.605 1.236
1.0 0.0 24.0:1.17 1.302 1.258
3.0 0.0 30.0:0.365 0.471 1.474
5.0 0.0 36.0:0.155 0.181 2.138
7.0 0.0 42.0:2.851 0.856 3.27
-6.0 1.0 36.0:6.222 1.123 1.021
-4.0 1.0 30.0:2.011 0.961 1.992
-2.0 1.0 24.0:1.719 1.871 3.944
0.0 1.0 18.0:1.34 0.146 1.553,3.256 0.331 1.469
2.0 1.0 24.0:2.913 0.958 1.125
4.0 1.0 30.0:0.83 1.247 1.504
6.0 1.0 36.0:3.553 0.259 1.439,1.152 0.763 3.821
-5.0 2.0 30.0:4.809 1.731 1.803
-3.0 2.0 24.0:6.044 0.213 2.108,1.836 0.138 2.538
-1.0 2.0 18.0:3.685 0.179 1.665
1.0 2.0 18.0:6.142 0.51 1.264
3.0 2.0 24.0:5.915 1.051 1.347
5.0 2.0 30.0:3.882 0.262 1.688,2.182 0.745 1.46
-4.0 3.0 24.0:0.86 0.31 1.254,5.166 0.807 1.103
-2.0 3.0 18.0:5.417 1.739 1.085
0.0 3.0 12.0:0.832 1.268 2.472
2.0 3.0 18.0:0.5 0.379 2.97,4.223 0.897 1.315
4.0 3.0 24.0:0.826 0.456 1.609
-3.0 4.0 18.0:4.371 0.43 1.478
-1.0 4.0 12.0:1.138 1.201 1.3
1.0 4.0 12.0:1.714 0.318 1.046
3.0 4.0 18.0:0.484 0.938 1.036
-2.0 5.0 12.0:3.369 0.422 1.499,4.281 0.242 4.133
0.0 5.0 6.0:1.176 0.87 3.137
2.0 5.0 12.0:4.55 1.184 2.414
-1.0 6.0 6.0:1.009 1.443 4.198
1.0 6.0 6.0:2.879 0.707 2.719