n 66
m 4
tmax 8.8
Vcpm 1.2
R 0.8
dmax 14.08
-0.500 0.000 0 0.0 0.0848 0.0765 0.0691 0.0652 0.066 0.0719 0.0816 0.0925 0.0878 0.0746 0.062 0.0539 0.054 0.0626 0.076 0.0905 0.0951 0.0753 0.0542 0.0377 0.0373 0.0525 0.0721 0.0909 0.1072 0.0805 0.0498 0.0183 0.0179 0.0467 0.0732 0.0959 0.1216 0.0924 0.0603 0.0322 0.0313 0.0559 0.0824 0.1064 0.1342 0.1081 0.083 0.0655 0.0641 0.0782 0.099 0.1207 0.1422 0.123 0.1052 0.0945 0.0933 0.1017 0.1168 0.1338 0.1469 0.1334 0.1214 0.1148 0.1141 0.1193 0.1297 0.1418 0.0174
-7.000 -7.000 35 0.0848 0.0 0.0071 0.0157 0.0256 0.0368 0.0487 0.0609 0.0727 0.0075 0.012 0.0211 0.0326 0.0456 0.0593 0.0729 0.0856 0.0183 0.0234 0.0329 0.0459 0.0606 0.0757 0.0902 0.103 0.0352 0.0427 0.0541 0.0691 0.0852 0.1013 0.1157 0.1279 0.0611 0.0721 0.0861 0.1025 0.1196 0.1354 0.1489 0.1599 0.0915 0.105 0.1209 0.1381 0.1548 0.1702 0.1841 0.1949 0.1173 0.1319 0.1486 0.1661 0.1825 0.1986 0.2121 0.223 0.1352 0.15 0.1667 0.1839 0.1996 0.2155 0.2285 0.2403 0.1021
-7.000 -5.000 35 0.0765 0.0071 0.0 0.0086 0.0185 0.0296 0.0415 0.0536 0.0654 0.0119 0.0094 0.0146 0.0249 0.0373 0.0507 0.0641 0.0767 0.0231 0.0229 0.0282 0.0384 0.0516 0.0659 0.0798 0.0924 0.0416 0.0439 0.0511 0.0619 0.0757 0.09 0.1034 0.115 0.0696 0.0754 0.0846 0.0963 0.1096 0.1228 0.1347 0.1447 0.102 0.1113 0.1215 0.1334 0.146 0.1578 0.1686 0.1782 0.1295 0.1412 0.1517 0.1638 0.1761 0.1872 0.1983 0.2066 0.1491 0.1618 0.1724 0.1844 0.1964 0.2067 0.2172 0.2247 0.0936
-7.000 -3.000 35 0.0691 0.0157 0.0086 0.0 0.0099 0.021 0.0328 0.0448 0.0566 0.0209 0.0145 0.0111 0.0168 0.0279 0.0407 0.0538 0.0662 0.0321 0.028 0.0269 0.0321 0.0423 0.055 0.0682 0.0803 0.0519 0.0503 0.0511 0.057 0.0664 0.0782 0.0902 0.101 0.0821 0.0834 0.0862 0.0922 0.1005 0.1103 0.12 0.1287 0.1166 0.1204 0.1252 0.1304 0.1375 0.1456 0.1533 0.1602 0.1455 0.1511 0.1575 0.1625 0.1692 0.1765 0.1829 0.1893 0.1659 0.1725 0.18 0.185 0.1915 0.1982 0.2035 0.2088 0.0867
-7.000 -1.000 35 0.0652 0.0256 0.0185 0.0099 0.0 0.011 0.0227 0.0347 0.0464 0.0321 0.0247 0.0167 0.0125 0.0184 0.0297 0.0423 0.0545 0.0445 0.038 0.0321 0.0299 0.0346 0.0442 0.0558 0.0673 0.0661 0.0611 0.0569 0.0556 0.0596 0.0672 0.0768 0.0864 0.0984 0.0955 0.0926 0.0915 0.0938 0.0989 0.1056 0.1124 0.1346 0.1334 0.1314 0.1308 0.1311 0.134 0.1384 0.1429 0.164 0.1643 0.1635 0.1639 0.1635 0.1656 0.1687 0.1712 0.1843 0.1856 0.1859 0.1874 0.1869 0.1885 0.1906 0.1915 0.0828
-7.000 1.000 35 0.066 0.0368 0.0296 0.021 0.011 0.0 0.0117 0.0236 0.0351 0.0449 0.0371 0.0278 0.0184 0.0134 0.0192 0.0303 0.0419 0.059 0.0512 0.0423 0.0347 0.0314 0.0353 0.0439 0.0539 0.0828 0.0756 0.0672 0.0603 0.0569 0.0589 0.0647 0.072 0.1176 0.1111 0.103 0.0957 0.0909 0.0903 0.0927 0.097 0.1545 0.1493 0.1414 0.1336 0.1282 0.125 0.1249 0.1266 0.1832 0.1793 0.1725 0.1655 0.1608 0.1564 0.155 0.1548 0.2019 0.1992 0.1938 0.1881 0.1844 0.1797 0.1774 0.1757 0.0834
-7.000 3.000 35 0.0719 0.0487 0.0415 0.0328 0.0227 0.0117 0.0 0.0118 0.0233 0.0586 0.0506 0.0408 0.0298 0.0192 0.0136 0.0191 0.0292 0.0747 0.0661 0.0557 0.0447 0.0355 0.0314 0.0342 0.0414 0.1011 0.0922 0.0811 0.0693 0.0601 0.055 0.0554 0.0593 0.1383 0.129 0.1166 0.1036 0.0927 0.0855 0.0829 0.0834 0.1757 0.1664 0.1538 0.14 0.128 0.1195 0.1142 0.112 0.2038 0.1941 0.1828 0.17 0.1587 0.1505 0.1437 0.1396 0.2202 0.2114 0.2019 0.1908 0.1808 0.1734 0.1657 0.1602 0.0889
-7.000 5.000 35 0.0816 0.0609 0.0536 0.0448 0.0347 0.0236 0.0118 0.0 0.0113 0.0725 0.0644 0.0543 0.0427 0.0305 0.0191 0.0132 0.0179 0.0907 0.0817 0.0702 0.0574 0.0447 0.0345 0.0296 0.0314 0.1199 0.1097 0.0962 0.0815 0.0674 0.0566 0.0505 0.0496 0.1594 0.1477 0.1318 0.1142 0.0981 0.0853 0.0768 0.073 0.1974 0.1839 0.1669 0.1485 0.1311 0.117 0.1069 0.1004 0.2226 0.2096 0.1927 0.1759 0.1595 0.1458 0.1355 0.1269 0.2358 0.2237 0.2086 0.1941 0.1796 0.1668 0.1568 0.1467 0.0975
-7.000 7.000 35 0.0925 0.0727 0.0654 0.0566 0.0464 0.0351 0.0233 0.0113 0.0 0.0861 0.0778 0.0674 0.0555 0.0425 0.0295 0.018 0.012 0.1063 0.0968 0.0846 0.0705 0.0559 0.0423 0.0317 0.0264 0.1381 0.1268 0.1116 0.0943 0.0772 0.0619 0.0506 0.044 0.1797 0.1657 0.147 0.1261 0.1056 0.0882 0.0749 0.066 0.2172 0.2009 0.1798 0.1575 0.136 0.1174 0.1027 0.092 0.2395 0.2228 0.203 0.1815 0.1618 0.1438 0.1289 0.1172 0.25 0.2333 0.2156 0.1965 0.1792 0.1626 0.148 0.1359 0.1079
-5.000 -7.000 35 0.0878 0.0075 0.0119 0.0209 0.0321 0.0449 0.0586 0.0725 0.0861 0.0 0.0102 0.0226 0.0368 0.0524 0.0685 0.0844 0.0993 0.0111 0.0178 0.0314 0.0481 0.0664 0.0847 0.1019 0.1172 0.0285 0.0364 0.0509 0.07 0.0907 0.1106 0.1285 0.1435 0.0547 0.0653 0.0817 0.102 0.1236 0.1439 0.1617 0.1765 0.0851 0.0976 0.1149 0.1352 0.1558 0.1757 0.1936 0.2088 0.1105 0.1237 0.1409 0.1605 0.1798 0.199 0.2179 0.2332 0.1279 0.1411 0.1576 0.1759 0.1937 0.2128 0.2294 0.244 0.1042
-5.000 -5.000 25 0.0746 0.012 0.0094 0.0145 0.0247 0.0371 0.0506 0.0644 0.0778 0.0102 0.0 0.0123 0.0265 0.042 0.0581 0.0739 0.0886 0.0178 0.0139 0.0215 0.0365 0.0539 0.0718 0.0888 0.1039 0.0358 0.0355 0.0434 0.0582 0.0766 0.0952 0.1124 0.1271 0.064 0.0674 0.0766 0.0912 0.1088 0.127 0.1433 0.1572 0.0961 0.1031 0.1127 0.1267 0.1432 0.1594 0.1747 0.1882 0.123 0.1325 0.1421 0.1555 0.1707 0.1855 0.1999 0.2136 0.1419 0.1525 0.162 0.1747 0.1886 0.2018 0.216 0.2274 0.0911
-5.000 -3.000 25 0.062 0.0211 0.0146 0.0111 0.0167 0.0278 0.0408 0.0543 0.0674 0.0226 0.0123 0.0 0.0141 0.0295 0.0455 0.0611 0.0757 0.031 0.0215 0.0162 0.0243 0.0398 0.0569 0.0735 0.0885 0.0497 0.0431 0.041 0.0481 0.0619 0.0784 0.0945 0.1087 0.0795 0.0761 0.0765 0.0829 0.0947 0.1088 0.1234 0.1361 0.1129 0.1125 0.1152 0.1205 0.1303 0.1425 0.1546 0.1659 0.1405 0.1423 0.147 0.1518 0.1605 0.1712 0.1814 0.1912 0.1596 0.163 0.1689 0.1735 0.1814 0.1907 0.1992 0.2084 0.0791
-5.000 -1.000 25 0.0539 0.0326 0.0249 0.0168 0.0125 0.0184 0.0298 0.0427 0.0555 0.0368 0.0265 0.0141 0.0 0.0153 0.0311 0.0466 0.0611 0.0474 0.0363 0.0243 0.0178 0.0258 0.0409 0.0568 0.0715 0.0684 0.0579 0.0482 0.0441 0.0497 0.0618 0.0759 0.0893 0.0999 0.0912 0.0834 0.0803 0.0835 0.0922 0.1032 0.1145 0.1343 0.1275 0.1214 0.1193 0.1203 0.1262 0.1348 0.1434 0.1611 0.1566 0.1525 0.1519 0.152 0.1565 0.1631 0.1695 0.179 0.1764 0.1741 0.1748 0.1746 0.1782 0.1832 0.1874 0.0716
-5.000 1.000 25 0.054 0.0456 0.0373 0.0279 0.0184 0.0134 0.0192 0.0305 0.0425 0.0524 0.042 0.0295 0.0153 0.0 0.0157 0.0311 0.0454 0.0656 0.0538 0.0399 0.0259 0.0184 0.0258 0.0398 0.0539 0.0895 0.077 0.0626 0.0501 0.0442 0.0482 0.0584 0.07 0.1235 0.1108 0.0967 0.0847 0.0785 0.0792 0.0853 0.0936 0.1574 0.1462 0.1331 0.1218 0.1156 0.1135 0.1166 0.1222 0.1821 0.1731 0.1622 0.1528 0.1477 0.1444 0.1457 0.1489 0.1974 0.1905 0.1819 0.1745 0.1708 0.167 0.1669 0.1682 0.0715
-5.000 3.000 25 0.0626 0.0593 0.0507 0.0407 0.0297 0.0192 0.0136 0.0191 0.0295 0.0685 0.0581 0.0455 0.0311 0.0157 0.0 0.0153 0.0295 0.0845 0.0723 0.0575 0.0412 0.0259 0.0179 0.0245 0.0368 0.1117 0.0977 0.0807 0.0631 0.0488 0.0419 0.0444 0.0525 0.148 0.1325 0.1138 0.0954 0.0807 0.0726 0.0716 0.0757 0.1813 0.1658 0.1478 0.1296 0.1151 0.1064 0.1026 0.1036 0.2032 0.1892 0.1737 0.1579 0.145 0.1371 0.1316 0.1303 0.216 0.203 0.1904 0.1773 0.1664 0.1595 0.1531 0.15 0.0788
-5.000 5.000 25 0.076 0.0729 0.0641 0.0538 0.0423 0.0303 0.0191 0.0132 0.018 0.0844 0.0739 0.0611 0.0466 0.0311 0.0153 0.0 0.0141 0.103 0.0905 0.0751 0.0579 0.0403 0.0246 0.0166 0.022 0.1334 0.1183 0.0996 0.0792 0.0599 0.045 0.0376 0.039 0.1719 0.154 0.1322 0.1093 0.0885 0.0729 0.0641 0.0621 0.2043 0.1853 0.163 0.1403 0.1197 0.1039 0.0942 0.0894 0.2237 0.2048 0.1848 0.165 0.1466 0.132 0.1225 0.1155 0.2314 0.2156 0.1976 0.1812 0.1654 0.1525 0.1434 0.1349 0.0906
-5.000 7.000 35 0.0905 0.0856 0.0767 0.0662 0.0545 0.0419 0.0292 0.0179 0.012 0.0993 0.0886 0.0757 0.0611 0.0454 0.0295 0.0141 0.0 0.1202 0.1073 0.0915 0.0736 0.055 0.0372 0.0221 0.0145 0.1535 0.1375 0.1175 0.0953 0.0733 0.0539 0.0395 0.0322 0.1939 0.1741 0.1497 0.1237 0.0991 0.0782 0.0631 0.0544 0.225 0.2032 0.1777 0.1514 0.1269 0.106 0.0904 0.0804 0.2407 0.2197 0.1955 0.1721 0.1504 0.1313 0.1161 0.1055 0.2441 0.2253 0.2053 0.1845 0.1661 0.149 0.1347 0.1239 0.104
-3.000 -7.000 35 0.0951 0.0183 0.0231 0.0321 0.0445 0.059 0.0747 0.0907 0.1063 0.0111 0.0178 0.031 0.0474 0.0656 0.0845 0.103 0.1202 0.0 0.0158 0.0349 0.0564 0.0791 0.1015 0.1223 0.1407 0.0179 0.0286 0.0497 0.0751 0.1015 0.1266 0.1489 0.1678 0.0443 0.0554 0.0763 0.1025 0.13 0.1561 0.1792 0.1988 0.0743 0.086 0.1057 0.1297 0.1565 0.182 0.2055 0.226 0.0989 0.1107 0.1288 0.1511 0.1743 0.198 0.2208 0.2412 0.1157 0.1272 0.1435 0.1631 0.1833 0.2043 0.2261 0.245 0.1093
-3.000 -5.000 25 0.0753 0.0234 0.0229 0.028 0.038 0.0512 0.0661 0.0817 0.0968 0.0178 0.0139 0.0215 0.0363 0.0538 0.0723 0.0905 0.1073 0.0158 0.0 0.019 0.0404 0.0629 0.085 0.1056 0.1238 0.0284 0.0222 0.0339 0.0564 0.0816 0.106 0.128 0.1466 0.0549 0.0542 0.0646 0.085 0.1092 0.1334 0.1554 0.1743 0.0857 0.0894 0.0989 0.1165 0.1375 0.1605 0.1817 0.2007 0.1114 0.1178 0.1267 0.1421 0.1612 0.1806 0.2001 0.2181 0.1292 0.137 0.1456 0.159 0.1754 0.1919 0.2089 0.226 0.0891
-3.000 -3.000 15 0.0542 0.0329 0.0282 0.0269 0.0321 0.0423 0.0557 0.0702 0.0846 0.0314 0.0215 0.0162 0.0243 0.0399 0.0575 0.0751 0.0915 0.0349 0.019 0.0 0.0212 0.0435 0.0654 0.0858 0.1038 0.0493 0.0339 0.0254 0.0372 0.0593 0.0826 0.104 0.1224 0.0757 0.0645 0.0609 0.0693 0.0875 0.1085 0.1289 0.1469 0.1058 0.0991 0.0989 0.105 0.1193 0.1366 0.1556 0.1726 0.1303 0.1274 0.1297 0.1348 0.1464 0.1616 0.177 0.1921 0.1472 0.1469 0.1507 0.1554 0.165 0.1775 0.1901 0.2025 0.0692
-3.000 -1.000 15 0.0377 0.0459 0.0384 0.0321 0.0299 0.0347 0.0447 0.0574 0.0705 0.0481 0.0365 0.0243 0.0178 0.0259 0.0412 0.0579 0.0736 0.0564 0.0404 0.0212 0.0 0.0221 0.0438 0.064 0.0818 0.0745 0.0564 0.0372 0.0268 0.0377 0.058 0.0785 0.0966 0.1022 0.0853 0.0696 0.0629 0.0689 0.0842 0.1017 0.1185 0.1306 0.1174 0.1055 0.1012 0.1039 0.1148 0.1286 0.1436 0.1533 0.1431 0.135 0.1329 0.1342 0.1423 0.1537 0.1652 0.1674 0.1605 0.1554 0.1549 0.1558 0.1618 0.1704 0.1789 0.0551
-3.000 1.000 15 0.0373 0.0606 0.0516 0.0423 0.0346 0.0314 0.0355 0.0447 0.0559 0.0664 0.0539 0.0398 0.0258 0.0184 0.0259 0.0403 0.055 0.0791 0.0629 0.0435 0.0221 0.0 0.0215 0.0415 0.0592 0.1014 0.0821 0.0597 0.0378 0.0262 0.0358 0.0536 0.071 0.1311 0.1107 0.0885 0.0693 0.0604 0.0643 0.0767 0.0911 0.1587 0.1393 0.1203 0.1043 0.0969 0.0972 0.1052 0.1159 0.1766 0.1618 0.1461 0.1338 0.1282 0.1269 0.1319 0.1399 0.1866 0.1754 0.1636 0.1545 0.1505 0.1484 0.1513 0.1563 0.0542
-3.000 3.000 15 0.0525 0.0757 0.0659 0.055 0.0442 0.0353 0.0314 0.0345 0.0423 0.0847 0.0718 0.0569 0.0409 0.0258 0.0179 0.0246 0.0372 0.1015 0.085 0.0654 0.0438 0.0215 0.0 0.0199 0.0374 0.1279 0.1078 0.0839 0.0587 0.0359 0.0242 0.0322 0.0473 0.1598 0.1371 0.1111 0.0854 0.0648 0.0549 0.0572 0.0671 0.1856 0.1633 0.1382 0.1154 0.0974 0.0883 0.0872 0.0928 0.1992 0.18 0.16 0.1407 0.126 0.1184 0.1152 0.1176 0.2046 0.189 0.1733 0.1582 0.1465 0.1401 0.1358 0.1358 0.0664
-3.000 5.000 25 0.0721 0.0902 0.0798 0.0682 0.0558 0.0439 0.0342 0.0296 0.0317 0.1019 0.0888 0.0735 0.0568 0.0398 0.0245 0.0166 0.0221 0.1223 0.1056 0.0858 0.064 0.0415 0.0199 0.0 0.0174 0.1525 0.1317 0.1069 0.0802 0.0543 0.0323 0.0213 0.0277 0.1864 0.162 0.1336 0.1043 0.0778 0.0576 0.0478 0.0491 0.2104 0.1853 0.1576 0.1295 0.1054 0.0872 0.0777 0.0756 0.2197 0.1973 0.1735 0.1507 0.1299 0.1144 0.1056 0.101 0.2216 0.2016 0.1823 0.164 0.1471 0.134 0.1259 0.1196 0.084
-3.000 7.000 35 0.0909 0.103 0.0924 0.0803 0.0673 0.0539 0.0414 0.0314 0.0264 0.1172 0.1039 0.0885 0.0715 0.0539 0.0368 0.022 0.0145 0.1407 0.1238 0.1038 0.0818 0.0592 0.0374 0.0174 0.0 0.1743 0.1528 0.1273 0.0997 0.0725 0.0478 0.0278 0.0179 0.2098 0.184 0.154 0.1227 0.0931 0.0679 0.0494 0.0403 0.2319 0.2049 0.1749 0.1446 0.1163 0.0929 0.0757 0.0662 0.2372 0.2127 0.1865 0.1607 0.137 0.1162 0.1005 0.091 0.2348 0.2139 0.191 0.1697 0.1503 0.1326 0.1184 0.1089 0.1018
-1.000 -7.000 35 0.1072 0.0352 0.0416 0.0519 0.0661 0.0828 0.1011 0.1199 0.1381 0.0285 0.0358 0.0497 0.0684 0.0895 0.1117 0.1334 0.1535 0.0179 0.0284 0.0493 0.0745 0.1014 0.1279 0.1525 0.1743 0.0 0.025 0.0545 0.0867 0.1191 0.1496 0.1766 0.1996 0.0261 0.0408 0.0695 0.1031 0.1371 0.169 0.1975 0.222 0.0549 0.0669 0.0907 0.1202 0.1517 0.1827 0.2116 0.2374 0.0784 0.0892 0.1085 0.1327 0.1608 0.1888 0.2159 0.2408 0.0943 0.1044 0.1204 0.1409 0.1633 0.187 0.2107 0.2329 0.1161
-1.000 -5.000 25 0.0805 0.0427 0.0439 0.0503 0.0611 0.0756 0.0922 0.1097 0.1268 0.0364 0.0355 0.0431 0.0579 0.077 0.0977 0.1183 0.1375 0.0286 0.0222 0.0339 0.0564 0.0821 0.1078 0.1317 0.1528 0.025 0.0 0.0293 0.0612 0.0932 0.1233 0.15 0.1727 0.0408 0.0315 0.0471 0.0767 0.1091 0.1401 0.168 0.1921 0.0671 0.0653 0.0762 0.0993 0.1271 0.1557 0.1831 0.2077 0.0901 0.0924 0.1014 0.1193 0.1415 0.167 0.1916 0.2146 0.1064 0.1106 0.1187 0.133 0.1515 0.1714 0.1921 0.212 0.0885
-1.000 -3.000 15 0.0498 0.0541 0.0511 0.0511 0.0569 0.0672 0.0811 0.0962 0.1116 0.0509 0.0434 0.041 0.0482 0.0626 0.0807 0.0996 0.1175 0.0497 0.0339 0.0254 0.0372 0.0597 0.0839 0.1069 0.1273 0.0545 0.0293 0.0 0.0315 0.0632 0.0929 0.1193 0.1418 0.0696 0.0471 0.0348 0.0498 0.0782 0.1076 0.1347 0.1583 0.0913 0.0764 0.0714 0.0803 0.1012 0.1259 0.151 0.1742 0.1103 0.1018 0.1008 0.1072 0.1226 0.1421 0.164 0.1846 0.1238 0.1197 0.1208 0.1262 0.1378 0.1535 0.1703 0.1872 0.058
-1.000 -1.000 5 0.0183 0.0691 0.0619 0.057 0.0556 0.0603 0.0693 0.0815 0.0943 0.07 0.0582 0.0481 0.0441 0.0501 0.0631 0.0792 0.0953 0.0751 0.0564 0.0372 0.0268 0.0378 0.0587 0.0802 0.0997 0.0867 0.0612 0.0315 0.0 0.0314 0.0607 0.0869 0.1091 0.1034 0.0769 0.0499 0.0354 0.0489 0.0745 0.1002 0.1232 0.1213 0.0997 0.0803 0.0723 0.079 0.097 0.1184 0.1396 0.1347 0.1195 0.107 0.1027 0.1066 0.1192 0.1356 0.1536 0.1443 0.1336 0.1258 0.1238 0.1264 0.1354 0.1479 0.161 0.0311
-1.000 1.000 5 0.0179 0.0852 0.0757 0.0664 0.0596 0.0569 0.0601 0.0674 0.0772 0.0907 0.0766 0.0619 0.0497 0.0442 0.0488 0.0599 0.0733 0.1015 0.0816 0.0593 0.0377 0.0262 0.0359 0.0543 0.0725 0.1191 0.0932 0.0632 0.0314 0.0 0.0292 0.0551 0.0773 0.138 0.1097 0.0784 0.049 0.0336 0.0452 0.0675 0.0893 0.1529 0.1272 0.101 0.0788 0.069 0.0738 0.089 0.107 0.1616 0.1405 0.1212 0.1057 0.0992 0.101 0.111 0.1241 0.1651 0.1501 0.1357 0.125 0.1207 0.121 0.1272 0.1365 0.0303
-1.000 3.000 15 0.0467 0.1013 0.09 0.0782 0.0672 0.0589 0.055 0.0566 0.0619 0.1106 0.0952 0.0784 0.0618 0.0482 0.0419 0.045 0.0539 0.1266 0.106 0.0826 0.058 0.0358 0.0242 0.0323 0.0478 0.1496 0.1233 0.0929 0.0607 0.0292 0.0 0.0258 0.0479 0.1706 0.1412 0.1081 0.0746 0.0453 0.0303 0.0401 0.0589 0.183 0.155 0.1249 0.0963 0.0734 0.063 0.0664 0.0789 0.1866 0.1633 0.1385 0.1168 0.0999 0.0922 0.0923 0.0997 0.1849 0.1665 0.1484 0.1316 0.1191 0.1132 0.1115 0.1151 0.054
-1.000 5.000 25 0.0732 0.1157 0.1034 0.0902 0.0768 0.0647 0.0554 0.0505 0.0506 0.1285 0.1124 0.0945 0.0759 0.0584 0.0444 0.0376 0.0395 0.1489 0.128 0.104 0.0785 0.0536 0.0322 0.0213 0.0278 0.1766 0.15 0.1193 0.0869 0.0551 0.0258 0.0 0.022 0.1996 0.1694 0.1354 0.1004 0.0675 0.0401 0.0264 0.0345 0.21 0.1806 0.1485 0.1167 0.0881 0.0661 0.0559 0.058 0.2093 0.184 0.1574 0.1309 0.1085 0.0914 0.083 0.0816 0.2029 0.1822 0.1612 0.1413 0.1233 0.1099 0.1026 0.099 0.0796
-1.000 7.000 35 0.0959 0.1279 0.115 0.101 0.0864 0.072 0.0593 0.0496 0.044 0.1435 0.1271 0.1087 0.0893 0.07 0.0525 0.039 0.0322 0.1678 0.1466 0.1224 0.0966 0.071 0.0473 0.0277 0.0179 0.1996 0.1727 0.1418 0.1091 0.0773 0.0479 0.022 0.0 0.2245 0.1938 0.1591 0.1234 0.0893 0.0589 0.0345 0.0224 0.2334 0.203 0.17 0.1366 0.1053 0.0783 0.0578 0.0481 0.229 0.2026 0.1746 0.1467 0.12 0.098 0.0811 0.0722 0.2186 0.1966 0.1737 0.1513 0.1306 0.1121 0.0979 0.0895 0.1025
1.000 -7.000 35 0.1216 0.0611 0.0696 0.0821 0.0984 0.1176 0.1383 0.1594 0.1797 0.0547 0.064 0.0795 0.0999 0.1235 0.148 0.1719 0.1939 0.0443 0.0549 0.0757 0.1022 0.1311 0.1598 0.1864 0.2098 0.0261 0.0408 0.0696 0.1034 0.138 0.1706 0.1996 0.2245 0.0 0.0309 0.0663 0.1039 0.1411 0.1758 0.2069 0.234 0.0275 0.0424 0.0713 0.105 0.1396 0.1733 0.2047 0.233 0.0499 0.0602 0.0811 0.1077 0.137 0.1668 0.1957 0.2223 0.0651 0.0739 0.0894 0.1096 0.1333 0.1577 0.1821 0.2051 0.1224
1.000 -5.000 25 0.0924 0.0721 0.0754 0.0834 0.0955 0.1111 0.129 0.1477 0.1657 0.0653 0.0674 0.0761 0.0912 0.1108 0.1325 0.154 0.1741 0.0554 0.0542 0.0645 0.0853 0.1107 0.1371 0.162 0.184 0.0408 0.0315 0.0471 0.0769 0.1097 0.1412 0.1694 0.1938 0.0309 0.0 0.0351 0.0723 0.1091 0.1434 0.1742 0.201 0.0425 0.0323 0.0478 0.0776 0.1107 0.1434 0.1741 0.2018 0.0607 0.0582 0.068 0.0888 0.1147 0.1425 0.17 0.1955 0.075 0.0757 0.0835 0.0983 0.1178 0.14 0.1624 0.1839 0.091
1.000 -3.000 15 0.0603 0.0861 0.0846 0.0862 0.0926 0.103 0.1166 0.1318 0.147 0.0817 0.0766 0.0765 0.0834 0.0967 0.1138 0.1322 0.1497 0.0763 0.0646 0.0609 0.0696 0.0885 0.1111 0.1336 0.154 0.0695 0.0471 0.0348 0.0499 0.0784 0.1081 0.1354 0.1591 0.0663 0.0351 0.0 0.0368 0.0732 0.1072 0.1377 0.1643 0.0716 0.0478 0.0351 0.0502 0.0791 0.1101 0.1398 0.1668 0.082 0.0681 0.0633 0.0719 0.0915 0.1157 0.141 0.1651 0.0913 0.084 0.0826 0.0888 0.1022 0.12 0.1399 0.1594 0.0558
1.000 -1.000 5 0.0322 0.1025 0.0963 0.0922 0.0915 0.0957 0.1036 0.1142 0.1261 0.102 0.0912 0.0829 0.0803 0.0847 0.0954 0.1093 0.1237 0.1025 0.085 0.0693 0.0629 0.0693 0.0854 0.1043 0.1227 0.1031 0.0767 0.0498 0.0354 0.049 0.0746 0.1004 0.1234 0.1039 0.0723 0.0368 0.0 0.0361 0.0697 0.1 0.1265 0.1054 0.0776 0.0501 0.0356 0.0496 0.0765 0.1046 0.1307 0.1087 0.0887 0.0717 0.0649 0.072 0.0898 0.1116 0.1337 0.1119 0.0987 0.0886 0.0852 0.0897 0.1014 0.1169 0.1338 0.0203
1.000 1.000 5 0.0313 0.1196 0.1096 0.1005 0.0938 0.0909 0.0927 0.0981 0.1056 0.1236 0.1088 0.0947 0.0835 0.0785 0.0807 0.0885 0.0991 0.13 0.1092 0.0875 0.0689 0.0604 0.0648 0.0778 0.0931 0.1371 0.1091 0.0782 0.0489 0.0336 0.0453 0.0675 0.0893 0.1411 0.1091 0.0732 0.0361 0.0 0.0335 0.0636 0.09 0.1397 0.1102 0.0787 0.0495 0.0343 0.0469 0.0711 0.0958 0.137 0.1137 0.0906 0.0716 0.0635 0.0692 0.0849 0.1037 0.1346 0.1171 0.1012 0.089 0.0842 0.087 0.0967 0.1094 0.0198
1.000 3.000 15 0.0559 0.1354 0.1228 0.1103 0.0989 0.0903 0.0855 0.0853 0.0882 0.1439 0.127 0.1088 0.0922 0.0792 0.0726 0.0729 0.0782 0.1561 0.1334 0.1085 0.0842 0.0643 0.0549 0.0576 0.0679 0.169 0.1401 0.1076 0.0745 0.0452 0.0303 0.0401 0.0589 0.1758 0.1434 0.1072 0.0697 0.0335 0.0 0.0301 0.0563 0.1721 0.1419 0.1089 0.0759 0.0467 0.0319 0.0429 0.0642 0.1645 0.1395 0.1134 0.0886 0.0688 0.0601 0.0644 0.0776 0.1568 0.1373 0.1172 0.0996 0.0862 0.0803 0.0815 0.0887 0.0518
1.000 5.000 25 0.0824 0.1489 0.1347 0.12 0.1056 0.0927 0.0829 0.0768 0.0749 0.1617 0.1433 0.1234 0.1032 0.0853 0.0716 0.0641 0.0631 0.1792 0.1554 0.1289 0.1017 0.0767 0.0572 0.0478 0.0494 0.1975 0.168 0.1347 0.1002 0.0675 0.0401 0.0264 0.0345 0.2069 0.1742 0.1377 0.1 0.0636 0.0301 0.0 0.0263 0.2016 0.1709 0.1373 0.1032 0.0706 0.0428 0.0288 0.0381 0.19 0.1641 0.1365 0.1089 0.0838 0.064 0.055 0.0578 0.1777 0.1567 0.1349 0.1133 0.0949 0.0807 0.0738 0.0732 0.0814
1.000 7.000 35 0.1064 0.1599 0.1447 0.1287 0.1124 0.097 0.0834 0.073 0.066 0.1765 0.1572 0.1361 0.1145 0.0936 0.0757 0.0621 0.0544 0.1988 0.1743 0.1469 0.1185 0.0911 0.0671 0.0491 0.0403 0.222 0.1921 0.1583 0.1232 0.0893 0.0589 0.0345 0.0224 0.234 0.201 0.1643 0.1265 0.09 0.0563 0.0263 0.0 0.2276 0.1967 0.1629 0.1283 0.0947 0.0638 0.0381 0.0252 0.2128 0.1864 0.158 0.1292 0.1015 0.0768 0.0575 0.0485 0.1964 0.1745 0.1514 0.1284 0.1061 0.0872 0.0726 0.0649 0.1073
3.000 -7.000 35 0.1342 0.0915 0.102 0.1166 0.1346 0.1545 0.1757 0.1974 0.2172 0.0851 0.0961 0.1129 0.1343 0.1574 0.1813 0.2043 0.225 0.0743 0.0857 0.1058 0.1306 0.1587 0.1856 0.2104 0.2319 0.0549 0.0671 0.0913 0.1213 0.1529 0.183 0.21 0.2334 0.0275 0.0425 0.0716 0.1054 0.1397 0.1721 0.2016 0.2276 0.0 0.0274 0.0584 0.0914 0.1246 0.1567 0.1868 0.2141 0.0218 0.0334 0.0562 0.0831 0.1115 0.1398 0.167 0.1921 0.0369 0.0446 0.0599 0.0798 0.1019 0.1248 0.1473 0.1683 0.1268
3.000 -5.000 25 0.1081 0.105 0.1113 0.1204 0.1334 0.1493 0.1664 0.1839 0.2009 0.0976 0.1031 0.1125 0.1275 0.1462 0.1658 0.1853 0.2032 0.086 0.0894 0.0991 0.1174 0.1393 0.1633 0.1853 0.2049 0.0669 0.0653 0.0764 0.0997 0.1272 0.155 0.1806 0.203 0.0424 0.0323 0.0478 0.0776 0.1102 0.1419 0.1709 0.1967 0.0274 0.0 0.0308 0.0635 0.0964 0.1283 0.1582 0.1852 0.0335 0.0253 0.0377 0.0616 0.0887 0.1164 0.1431 0.1678 0.045 0.0428 0.0503 0.0658 0.0857 0.1072 0.1288 0.1492 0.0988
3.000 -3.000 15 0.083 0.1209 0.1215 0.1252 0.1314 0.1414 0.1538 0.1669 0.1798 0.1149 0.1127 0.1152 0.1214 0.1331 0.1478 0.163 0.1777 0.1057 0.0989 0.0989 0.1055 0.1203 0.1382 0.1576 0.1749 0.0907 0.0762 0.0714 0.0803 0.101 0.1249 0.1485 0.17 0.0713 0.0478 0.0351 0.0501 0.0787 0.1089 0.1373 0.1629 0.0584 0.0308 0.0 0.0325 0.0652 0.0968 0.1265 0.1533 0.0566 0.0377 0.0277 0.0401 0.064 0.0903 0.1163 0.1404 0.0608 0.0505 0.0468 0.0537 0.0688 0.0879 0.108 0.1273 0.0701
3.000 -1.000 15 0.0655 0.1381 0.1334 0.1304 0.1308 0.1336 0.14 0.1485 0.1575 0.1352 0.1267 0.1205 0.1193 0.1218 0.1296 0.1403 0.1514 0.1297 0.1165 0.105 0.1012 0.1043 0.1154 0.1295 0.1446 0.1202 0.0993 0.0803 0.0723 0.0788 0.0963 0.1167 0.1366 0.105 0.0776 0.0502 0.0356 0.0495 0.0759 0.1032 0.1283 0.0914 0.0635 0.0325 0.0 0.0325 0.064 0.0934 0.1201 0.0836 0.0616 0.04 0.0287 0.0406 0.0637 0.0884 0.1118 0.0813 0.0662 0.0537 0.0488 0.0548 0.069 0.0865 0.1043 0.048
3.000 1.000 15 0.0641 0.1548 0.146 0.1375 0.1311 0.1282 0.128 0.1311 0.136 0.1558 0.1432 0.1303 0.1203 0.1156 0.1151 0.1197 0.1269 0.1565 0.1375 0.1193 0.1039 0.0969 0.0974 0.1054 0.1163 0.1517 0.1271 0.1012 0.079 0.069 0.0734 0.0881 0.1053 0.1396 0.1107 0.0791 0.0496 0.0343 0.0467 0.0706 0.0947 0.1246 0.0964 0.0652 0.0325 0.0 0.0313 0.0606 0.0872 0.1118 0.0886 0.0638 0.0406 0.0286 0.0397 0.0612 0.0833 0.1036 0.0861 0.0688 0.0547 0.0488 0.0538 0.0665 0.0818 0.0471
3.000 3.000 15 0.0782 0.1702 0.1578 0.1456 0.134 0.125 0.1195 0.117 0.1174 0.1757 0.1594 0.1425 0.1262 0.1135 0.1064 0.1039 0.106 0.182 0.1605 0.1366 0.1148 0.0972 0.0883 0.0872 0.0929 0.1827 0.1557 0.1259 0.097 0.0738 0.063 0.0661 0.0783 0.1733 0.1434 0.1101 0.0765 0.0469 0.0319 0.0428 0.0638 0.1567 0.1283 0.0968 0.064 0.0313 0.0 0.0292 0.0556 0.1394 0.1156 0.0897 0.0634 0.0396 0.0274 0.0375 0.0565 0.1261 0.1072 0.0874 0.0686 0.0537 0.0471 0.0509 0.0616 0.0663
3.000 5.000 25 0.099 0.1841 0.1686 0.1533 0.1384 0.1249 0.1142 0.1069 0.1027 0.1936 0.1747 0.1546 0.1348 0.1166 0.1026 0.0942 0.0904 0.2055 0.1817 0.1556 0.1286 0.1052 0.0872 0.0777 0.0757 0.2116 0.1831 0.151 0.1184 0.089 0.0664 0.0559 0.0578 0.2047 0.1741 0.1398 0.1046 0.0711 0.0429 0.0288 0.0381 0.1868 0.1582 0.1265 0.0934 0.0606 0.0292 0.0 0.0263 0.1656 0.1414 0.115 0.0876 0.0609 0.0374 0.0254 0.0339 0.1476 0.1278 0.1067 0.0856 0.0661 0.0507 0.0436 0.046 0.0912
3.000 7.000 35 0.1207 0.1949 0.1782 0.1602 0.1429 0.1266 0.112 0.1004 0.092 0.2088 0.1882 0.1659 0.1434 0.1222 0.1036 0.0894 0.0804 0.226 0.2007 0.1726 0.1436 0.1159 0.0928 0.0756 0.0662 0.2374 0.2077 0.1742 0.1396 0.107 0.0789 0.058 0.0481 0.233 0.2018 0.1668 0.1307 0.0958 0.0642 0.0381 0.0252 0.2141 0.1852 0.1533 0.1201 0.0872 0.0556 0.0263 0.0 0.1893 0.1649 0.1382 0.1103 0.0826 0.0563 0.0338 0.0224 0.167 0.1466 0.1247 0.1024 0.0806 0.061 0.0457 0.0383 0.1156
5.000 -7.000 35 0.1422 0.1173 0.1295 0.1455 0.164 0.1832 0.2038 0.2226 0.2395 0.1105 0.123 0.1405 0.1611 0.1821 0.2032 0.2237 0.2407 0.0989 0.1114 0.1303 0.1533 0.1766 0.1992 0.2197 0.2372 0.0784 0.0901 0.1103 0.1347 0.1616 0.1866 0.2093 0.229 0.0499 0.0607 0.082 0.1087 0.137 0.1645 0.19 0.2128 0.0218 0.0335 0.0566 0.0836 0.1118 0.1394 0.1656 0.1893 0.0 0.0199 0.0425 0.0668 0.0917 0.1164 0.14 0.1615 0.0153 0.0234 0.0392 0.0579 0.0777 0.0977 0.1169 0.1346 0.1293
5.000 -5.000 25 0.123 0.1319 0.1412 0.1511 0.1643 0.1793 0.1941 0.2096 0.2228 0.1237 0.1325 0.1423 0.1566 0.1731 0.1892 0.2048 0.2197 0.1107 0.1178 0.1274 0.1431 0.1618 0.18 0.1973 0.2127 0.0892 0.0924 0.1018 0.1195 0.1405 0.1633 0.184 0.2026 0.0602 0.0582 0.0681 0.0887 0.1137 0.1395 0.1641 0.1864 0.0334 0.0253 0.0377 0.0616 0.0886 0.1156 0.1414 0.1649 0.0199 0.0 0.0224 0.0466 0.0714 0.0959 0.1193 0.1407 0.0234 0.0176 0.0262 0.043 0.062 0.0816 0.1006 0.118 0.1082
5.000 -3.000 25 0.1052 0.1486 0.1517 0.1575 0.1635 0.1725 0.1828 0.1927 0.203 0.1409 0.1421 0.147 0.1525 0.1622 0.1737 0.1848 0.1955 0.1288 0.1267 0.1297 0.135 0.1461 0.16 0.1735 0.1865 0.1085 0.1014 0.1008 0.107 0.1212 0.1385 0.1574 0.1746 0.0811 0.068 0.0633 0.0717 0.0906 0.1134 0.1365 0.158 0.0562 0.0377 0.0277 0.04 0.0638 0.0897 0.115 0.1382 0.0425 0.0224 0.0 0.024 0.0486 0.073 0.0962 0.1174 0.0396 0.0263 0.0193 0.028 0.0449 0.0637 0.0822 0.0993 0.0887
5.000 -1.000 25 0.0945 0.1661 0.1638 0.1625 0.1639 0.1655 0.17 0.1759 0.1815 0.1605 0.1555 0.1518 0.1519 0.1528 0.1579 0.165 0.1721 0.1511 0.1421 0.1348 0.1329 0.1338 0.1407 0.1507 0.1607 0.1327 0.1193 0.1072 0.1027 0.1057 0.1168 0.1309 0.1467 0.1077 0.0888 0.0719 0.0649 0.0716 0.0886 0.1089 0.1292 0.0831 0.0616 0.0401 0.0287 0.0406 0.0634 0.0876 0.1103 0.0668 0.0466 0.024 0.0 0.0245 0.0487 0.0718 0.0929 0.0587 0.0432 0.0281 0.0201 0.0287 0.0451 0.0628 0.0794 0.0758
5.000 1.000 25 0.0933 0.1825 0.1761 0.1692 0.1635 0.1608 0.1587 0.1595 0.1618 0.1798 0.1707 0.1605 0.152 0.1477 0.145 0.1466 0.1504 0.1743 0.1612 0.1464 0.1342 0.1282 0.126 0.1299 0.137 0.1608 0.1415 0.1226 0.1066 0.0992 0.0999 0.1085 0.12 0.137 0.1147 0.0915 0.072 0.0635 0.0688 0.0838 0.1015 0.1115 0.0887 0.064 0.0406 0.0286 0.0396 0.0609 0.0826 0.0917 0.0714 0.0486 0.0245 0.0 0.0241 0.0471 0.068 0.0788 0.0624 0.045 0.0287 0.0202 0.0282 0.0436 0.0594 0.075
5.000 3.000 25 0.1017 0.1986 0.1872 0.1765 0.1656 0.1564 0.1505 0.1458 0.1438 0.199 0.1855 0.1712 0.1565 0.1444 0.1371 0.132 0.1313 0.198 0.1806 0.1616 0.1423 0.1269 0.1184 0.1144 0.1162 0.1888 0.167 0.1421 0.1192 0.101 0.0922 0.0914 0.098 0.1668 0.1425 0.1157 0.0898 0.0692 0.0601 0.064 0.0768 0.1398 0.1164 0.0903 0.0637 0.0397 0.0274 0.0374 0.0563 0.1164 0.0959 0.073 0.0487 0.0241 0.0 0.0228 0.0436 0.0989 0.082 0.0637 0.0451 0.0282 0.0195 0.0267 0.0403 0.0863
5.000 5.000 25 0.1168 0.2121 0.1983 0.1829 0.1687 0.155 0.1437 0.1355 0.1289 0.2179 0.1999 0.1814 0.1631 0.1457 0.1316 0.1225 0.1161 0.2208 0.2001 0.177 0.1537 0.1319 0.1152 0.1056 0.1005 0.2159 0.1916 0.164 0.1356 0.111 0.0923 0.083 0.0811 0.1957 0.17 0.141 0.1116 0.0849 0.0644 0.055 0.0575 0.167 0.1431 0.1163 0.0884 0.0612 0.0375 0.0254 0.0338 0.14 0.1193 0.0962 0.0718 0.0471 0.0228 0.0 0.0206 0.1181 0.1008 0.082 0.0626 0.0435 0.0267 0.018 0.024 0.1041
5.000 7.000 35 0.1338 0.223 0.2066 0.1893 0.1712 0.1548 0.1396 0.1269 0.1172 0.2332 0.2136 0.1912 0.1695 0.1489 0.1303 0.1155 0.1055 0.2412 0.2181 0.1921 0.1652 0.1399 0.1176 0.101 0.091 0.2408 0.2146 0.1846 0.1536 0.1241 0.0997 0.0816 0.0722 0.2223 0.1955 0.1651 0.1337 0.1037 0.0776 0.0578 0.0485 0.1921 0.1678 0.1404 0.1118 0.0833 0.0565 0.0339 0.0224 0.1615 0.1407 0.1174 0.0929 0.068 0.0436 0.0206 0.0 0.1353 0.1178 0.0987 0.0789 0.059 0.0401 0.0239 0.0157 0.1236
7.000 -7.000 35 0.1469 0.1352 0.1491 0.1659 0.1843 0.2019 0.2202 0.2358 0.25 0.1279 0.1419 0.1596 0.179 0.1974 0.216 0.2314 0.2441 0.1157 0.1292 0.1472 0.1674 0.1866 0.2046 0.2216 0.2348 0.0943 0.1064 0.1238 0.1443 0.1651 0.1849 0.2029 0.2186 0.0651 0.075 0.0913 0.1119 0.1346 0.1568 0.1777 0.1964 0.0369 0.045 0.0608 0.0813 0.1036 0.1261 0.1476 0.167 0.0153 0.0234 0.0396 0.0587 0.0788 0.0989 0.1181 0.1353 0.0 0.0136 0.0289 0.0453 0.0621 0.0787 0.0945 0.1087 0.1314
7.000 -5.000 35 0.1334 0.15 0.1618 0.1725 0.1856 0.1992 0.2114 0.2237 0.2333 0.1411 0.1525 0.163 0.1764 0.1905 0.203 0.2156 0.2253 0.1272 0.137 0.1469 0.1605 0.1754 0.189 0.2016 0.2139 0.1044 0.1106 0.1197 0.1336 0.1501 0.1665 0.1822 0.1966 0.0739 0.0757 0.084 0.0987 0.1171 0.1373 0.1567 0.1745 0.0446 0.0428 0.0505 0.0662 0.0861 0.1072 0.1278 0.1466 0.0234 0.0176 0.0263 0.0432 0.0624 0.082 0.1008 0.1178 0.0136 0.0 0.0152 0.0315 0.0482 0.0647 0.0804 0.0945 0.1161
7.000 -3.000 35 0.1214 0.1667 0.1724 0.18 0.1859 0.1938 0.2019 0.2086 0.2156 0.1576 0.162 0.1689 0.1741 0.1819 0.1904 0.1976 0.2053 0.1435 0.1456 0.1507 0.1554 0.1636 0.1733 0.1823 0.191 0.1204 0.1187 0.1208 0.1258 0.1357 0.1484 0.1612 0.1737 0.0894 0.0835 0.0826 0.0886 0.1012 0.1172 0.1349 0.1514 0.0599 0.0503 0.0468 0.0537 0.0688 0.0874 0.1067 0.1247 0.0392 0.0262 0.0193 0.0281 0.045 0.0637 0.082 0.0987 0.0289 0.0152 0.0 0.0162 0.0328 0.0492 0.0647 0.0788 0.1035
7.000 -1.000 35 0.1148 0.1839 0.1844 0.185 0.1874 0.1881 0.1908 0.1941 0.1965 0.1759 0.1747 0.1735 0.1748 0.1745 0.1773 0.1812 0.1845 0.1631 0.159 0.1554 0.1549 0.1545 0.1582 0.164 0.1697 0.1409 0.133 0.1262 0.1238 0.125 0.1316 0.1413 0.1513 0.1096 0.0983 0.0888 0.0852 0.089 0.0996 0.1133 0.1284 0.0798 0.0658 0.0537 0.0488 0.0547 0.0686 0.0856 0.1024 0.0579 0.043 0.028 0.0201 0.0287 0.0451 0.0626 0.0789 0.0453 0.0315 0.0162 0.0 0.0165 0.0328 0.0483 0.0622 0.0956
7.000 1.000 35 0.1141 0.1996 0.1964 0.1915 0.1869 0.1844 0.1808 0.1796 0.1792 0.1937 0.1886 0.1814 0.1746 0.1708 0.1664 0.1654 0.1661 0.1833 0.1754 0.165 0.1558 0.1505 0.1465 0.1471 0.1503 0.1633 0.1515 0.1378 0.1264 0.1207 0.1191 0.1233 0.1306 0.1333 0.1178 0.1022 0.0897 0.0842 0.0862 0.0949 0.1061 0.1019 0.0857 0.0688 0.0548 0.0488 0.0537 0.0661 0.0806 0.0777 0.062 0.0449 0.0287 0.0202 0.0282 0.0435 0.059 0.0621 0.0482 0.0328 0.0165 0.0 0.0162 0.0316 0.0454 0.0952
7.000 3.000 35 0.1193 0.2155 0.2067 0.1982 0.1885 0.1797 0.1734 0.1668 0.1626 0.2128 0.2018 0.1907 0.1782 0.167 0.1595 0.1525 0.149 0.2043 0.1919 0.1775 0.1618 0.1484 0.1401 0.134 0.1326 0.187 0.1714 0.1535 0.1354 0.121 0.1132 0.1099 0.1121 0.1577 0.14 0.12 0.1014 0.087 0.0803 0.0807 0.0872 0.1248 0.1072 0.0879 0.069 0.0538 0.0471 0.0507 0.061 0.0977 0.0816 0.0637 0.0451 0.0282 0.0195 0.0267 0.0401 0.0787 0.0647 0.0492 0.0328 0.0162 0.0 0.0153 0.029 0.1023
7.000 5.000 35 0.1297 0.2285 0.2172 0.2035 0.1906 0.1774 0.1657 0.1568 0.148 0.2294 0.216 0.1992 0.1832 0.1669 0.1531 0.1434 0.1347 0.2261 0.2089 0.1901 0.1704 0.1513 0.1358 0.1259 0.1184 0.2107 0.1921 0.1703 0.1479 0.1272 0.1115 0.1026 0.0979 0.1821 0.1624 0.1399 0.1169 0.0967 0.0815 0.0738 0.0726 0.1473 0.1288 0.108 0.0865 0.0665 0.0509 0.0436 0.0457 0.1169 0.1006 0.0822 0.0628 0.0436 0.0267 0.018 0.0239 0.0945 0.0804 0.0647 0.0483 0.0316 0.0153 0.0 0.0136 0.1141
7.000 7.000 35 0.1418 0.2403 0.2247 0.2088 0.1915 0.1757 0.1602 0.1467 0.1359 0.244 0.2274 0.2084 0.1874 0.1682 0.15 0.1349 0.1239 0.245 0.226 0.2025 0.1789 0.1563 0.1358 0.1196 0.1089 0.2329 0.212 0.1872 0.161 0.1365 0.1151 0.099 0.0895 0.2051 0.1839 0.1594 0.1338 0.1094 0.0887 0.0732 0.0649 0.1683 0.1492 0.1273 0.1043 0.0818 0.0616 0.046 0.0383 0.1346 0.118 0.0993 0.0794 0.0594 0.0403 0.024 0.0157 0.1087 0.0945 0.0788 0.0622 0.0454 0.029 0.0136 0.0 0.1285
0.500 0.000 0 0.0174 0.1021 0.0936 0.0867 0.0828 0.0834 0.0889 0.0975 0.1079 0.1042 0.0911 0.0791 0.0716 0.0715 0.0788 0.0906 0.104 0.1093 0.0891 0.0692 0.0551 0.0542 0.0664 0.084 0.1018 0.1161 0.0885 0.058 0.0311 0.0303 0.054 0.0796 0.1025 0.1224 0.091 0.0558 0.0203 0.0198 0.0518 0.0814 0.1073 0.1268 0.0988 0.0701 0.048 0.0471 0.0663 0.0912 0.1156 0.1293 0.1082 0.0887 0.0758 0.075 0.0863 0.1041 0.1236 0.1314 0.1161 0.1035 0.0956 0.0952 0.1023 0.1141 0.1285 0.0