n 66
m 4
tmax 25.0
Vcpm 1.6
R 1.2
dmax 40.0
-0.500 0.000 0 0.0 0.1226 0.1113 0.102 0.0941 0.0903 0.0921 0.0998 0.1126 0.1081 0.0922 0.0773 0.0661 0.0634 0.0696 0.082 0.0983 0.0919 0.0727 0.0527 0.0364 0.0349 0.0474 0.0644 0.0836 0.0814 0.0611 0.0383 0.0141 0.0135 0.0344 0.0542 0.0743 0.0816 0.0618 0.0407 0.0218 0.0208 0.0362 0.0538 0.0729 0.0936 0.0745 0.0565 0.0437 0.0415 0.0492 0.063 0.0802 0.1141 0.0951 0.0789 0.0683 0.065 0.0697 0.0815 0.0995 0.1335 0.1158 0.1014 0.093 0.0907 0.0958 0.1092 0.1286 0.012
-7.000 -7.000 35 0.1226 0.0 0.0162 0.0355 0.0584 0.0824 0.1033 0.1213 0.1387 0.0183 0.0279 0.0477 0.0729 0.0995 0.1231 0.1437 0.1636 0.0415 0.0494 0.067 0.0908 0.1169 0.1404 0.1612 0.1816 0.064 0.071 0.0862 0.1071 0.1312 0.1524 0.1716 0.1912 0.083 0.0902 0.1036 0.1224 0.1428 0.1613 0.1784 0.1968 0.103 0.111 0.123 0.1392 0.1565 0.1721 0.1881 0.2054 0.1287 0.1372 0.1473 0.1602 0.1745 0.1888 0.2042 0.2226 0.1565 0.1644 0.1722 0.1824 0.1953 0.2105 0.2287 0.25 0.1288
-7.000 -5.000 35 0.1113 0.0162 0.0 0.0195 0.0424 0.066 0.0866 0.1043 0.1216 0.0278 0.0213 0.0327 0.0554 0.0808 0.1035 0.1237 0.1433 0.0494 0.0477 0.0568 0.0763 0.0996 0.1211 0.1408 0.1605 0.0714 0.0726 0.0808 0.0974 0.1168 0.1359 0.1532 0.1715 0.0908 0.0937 0.1018 0.1163 0.1333 0.1482 0.1629 0.1795 0.1119 0.1158 0.1237 0.1362 0.1501 0.162 0.1746 0.1904 0.1388 0.143 0.1494 0.1591 0.1702 0.1805 0.1932 0.2091 0.1672 0.1712 0.1752 0.1827 0.1929 0.2044 0.2196 0.2381 0.1203
-7.000 -3.000 35 0.102 0.0355 0.0195 0.0 0.0227 0.0458 0.0659 0.0833 0.1004 0.0477 0.0327 0.025 0.0372 0.0592 0.0805 0.0999 0.1192 0.0672 0.0569 0.0547 0.0636 0.081 0.099 0.1169 0.1357 0.0872 0.0812 0.0824 0.0899 0.103 0.1163 0.1315 0.1482 0.1054 0.1028 0.1059 0.113 0.123 0.1332 0.1443 0.1588 0.1262 0.1257 0.1292 0.1357 0.1432 0.15 0.1588 0.1716 0.1534 0.1535 0.1557 0.1604 0.1656 0.1706 0.1792 0.1921 0.182 0.1815 0.1822 0.1852 0.1902 0.1966 0.2077 0.2226 0.1125
-7.000 -1.000 35 0.0941 0.0584 0.0424 0.0227 0.0 0.0225 0.0421 0.0594 0.0765 0.0729 0.0554 0.0372 0.0269 0.0371 0.055 0.0735 0.0925 0.0915 0.0766 0.0637 0.0585 0.0632 0.0755 0.0907 0.1084 0.1089 0.0982 0.0901 0.0877 0.0894 0.0963 0.1073 0.1225 0.1254 0.1179 0.1134 0.1125 0.1125 0.1154 0.1232 0.1353 0.1451 0.14 0.1371 0.1361 0.1345 0.1345 0.1397 0.1501 0.1717 0.1671 0.1635 0.1611 0.1581 0.1567 0.1613 0.1718 0.1998 0.1943 0.1893 0.1864 0.1838 0.184 0.1911 0.2033 0.1066
-7.000 1.000 35 0.0903 0.0824 0.066 0.0458 0.0225 0.0 0.0195 0.037 0.0543 0.0995 0.0808 0.0592 0.0371 0.0248 0.0326 0.049 0.0675 0.1179 0.1 0.0811 0.0633 0.054 0.0559 0.0674 0.0834 0.1333 0.1177 0.1031 0.0894 0.081 0.0792 0.0865 0.099 0.1464 0.1348 0.1232 0.1123 0.1039 0.0998 0.1041 0.1143 0.1642 0.1543 0.1444 0.1345 0.1252 0.1194 0.122 0.1304 0.1895 0.1795 0.1689 0.1582 0.1478 0.1416 0.1444 0.1527 0.2155 0.2044 0.1927 0.1821 0.173 0.1692 0.1748 0.1845 0.1022
-7.000 3.000 35 0.0921 0.1033 0.0866 0.0659 0.0421 0.0195 0.0 0.0179 0.0354 0.1233 0.1038 0.0807 0.0552 0.0326 0.0218 0.03 0.0465 0.1418 0.1219 0.0994 0.0757 0.056 0.0476 0.0515 0.0639 0.1546 0.1367 0.1164 0.0963 0.0792 0.0715 0.0732 0.0821 0.1645 0.1491 0.1327 0.1148 0.0994 0.0918 0.0926 0.0994 0.1799 0.1656 0.1502 0.1336 0.1187 0.1107 0.1116 0.1172 0.2032 0.1879 0.1714 0.1545 0.1397 0.1322 0.1346 0.1404 0.2264 0.2094 0.1923 0.1763 0.1638 0.1596 0.1656 0.1728 0.1016
-7.000 5.000 35 0.0998 0.1213 0.1043 0.0833 0.0594 0.037 0.0179 0.0 0.0174 0.1444 0.1244 0.1005 0.0739 0.0492 0.03 0.021 0.0289 0.1633 0.1421 0.1177 0.0913 0.0676 0.0515 0.0458 0.0493 0.1737 0.1537 0.1314 0.1071 0.0862 0.073 0.0691 0.0703 0.1807 0.1627 0.1428 0.1218 0.103 0.092 0.0894 0.0896 0.1941 0.1763 0.1571 0.1372 0.1198 0.1103 0.1088 0.1087 0.2149 0.1959 0.1754 0.1555 0.1393 0.1318 0.1321 0.1326 0.2348 0.2142 0.1934 0.1754 0.1628 0.1599 0.164 0.1654 0.1077
-7.000 7.000 35 0.1126 0.1387 0.1216 0.1004 0.0765 0.0543 0.0354 0.0174 0.0 0.1649 0.1446 0.1203 0.0933 0.0679 0.0467 0.0289 0.0193 0.1843 0.1623 0.1369 0.1092 0.0838 0.0641 0.0495 0.0418 0.1928 0.1715 0.1476 0.1218 0.0984 0.0818 0.0703 0.0632 0.1973 0.1776 0.1558 0.1326 0.1122 0.0982 0.0892 0.0821 0.2086 0.189 0.1673 0.1453 0.1266 0.1149 0.108 0.1003 0.2275 0.2059 0.1832 0.1616 0.1447 0.1357 0.1312 0.123 0.2448 0.2213 0.199 0.1803 0.168 0.1641 0.1632 0.1548 0.1184
-5.000 -7.000 35 0.1081 0.0183 0.0278 0.0477 0.0729 0.0995 0.1233 0.1444 0.1649 0.0 0.0226 0.0485 0.0779 0.1083 0.1355 0.1592 0.1819 0.0225 0.0337 0.0566 0.0848 0.1144 0.1412 0.1649 0.1879 0.044 0.0518 0.0694 0.0932 0.1195 0.1435 0.1653 0.1872 0.0625 0.0696 0.0837 0.1036 0.1263 0.147 0.1663 0.1865 0.0825 0.0901 0.1021 0.1187 0.1374 0.1548 0.1719 0.191 0.1082 0.1163 0.1261 0.1392 0.1543 0.1696 0.1866 0.2068 0.136 0.1433 0.1509 0.1611 0.1745 0.1904 0.2101 0.2332 0.1124
-5.000 -5.000 25 0.0922 0.0279 0.0213 0.0327 0.0554 0.0808 0.1038 0.1244 0.1446 0.0226 0.0 0.026 0.0553 0.0855 0.1123 0.1356 0.1582 0.0337 0.0254 0.0381 0.0636 0.092 0.1179 0.1411 0.1639 0.052 0.0494 0.0582 0.0776 0.1011 0.1233 0.1439 0.1651 0.0699 0.07 0.0778 0.0932 0.112 0.1305 0.148 0.167 0.0906 0.092 0.0994 0.1118 0.1269 0.1413 0.1562 0.1738 0.1173 0.1192 0.125 0.1343 0.1461 0.1583 0.173 0.1909 0.1454 0.1474 0.1507 0.1577 0.1682 0.1811 0.198 0.2187 0.099
-5.000 -3.000 25 0.0773 0.0477 0.0327 0.025 0.0372 0.0592 0.0807 0.1005 0.1203 0.0485 0.026 0.0 0.0292 0.0588 0.085 0.1081 0.1305 0.0568 0.0382 0.0288 0.0423 0.067 0.0913 0.1138 0.1361 0.0699 0.0584 0.0554 0.0643 0.0818 0.1004 0.1193 0.1394 0.0848 0.0784 0.0783 0.0858 0.0982 0.1116 0.1267 0.1442 0.1042 0.1007 0.1015 0.1079 0.1167 0.1262 0.138 0.1535 0.1308 0.1282 0.1281 0.1324 0.1385 0.1456 0.1568 0.1726 0.1588 0.1558 0.1545 0.1571 0.1627 0.1707 0.1842 0.2014 0.0867
-5.000 -1.000 25 0.0661 0.0729 0.0554 0.0372 0.0269 0.0371 0.0552 0.0739 0.0933 0.0779 0.0553 0.0292 0.0 0.029 0.0547 0.0776 0.1 0.0853 0.0638 0.0423 0.0305 0.042 0.0625 0.0839 0.1058 0.0943 0.078 0.0644 0.0588 0.0638 0.0764 0.0925 0.1113 0.1057 0.0942 0.086 0.083 0.0852 0.092 0.1034 0.1189 0.1231 0.1147 0.109 0.1064 0.1066 0.1095 0.1174 0.1307 0.1487 0.141 0.1351 0.1314 0.13 0.1309 0.1379 0.1511 0.1755 0.1673 0.1605 0.1566 0.1554 0.1577 0.1669 0.1817 0.0779
-5.000 1.000 25 0.0634 0.0995 0.0808 0.0592 0.0371 0.0248 0.0326 0.0492 0.0679 0.1083 0.0855 0.0588 0.029 0.0 0.0256 0.0487 0.0713 0.1152 0.0923 0.0671 0.042 0.0282 0.0371 0.056 0.0772 0.1208 0.1015 0.0817 0.0638 0.0543 0.0566 0.0685 0.0855 0.1287 0.113 0.0982 0.085 0.0766 0.0756 0.083 0.0963 0.1438 0.1304 0.1179 0.1066 0.0977 0.0946 0.0994 0.1101 0.1675 0.1541 0.1414 0.13 0.1203 0.1166 0.1211 0.1314 0.1917 0.1777 0.1645 0.1537 0.1455 0.1439 0.1511 0.1627 0.0747
-5.000 3.000 25 0.0696 0.1231 0.1035 0.0805 0.055 0.0326 0.0218 0.03 0.0467 0.1355 0.1123 0.085 0.0547 0.0256 0.0 0.0235 0.0463 0.142 0.1182 0.0913 0.0625 0.0371 0.0249 0.0342 0.0531 0.1446 0.1233 0.1001 0.0761 0.0565 0.048 0.0524 0.0654 0.1491 0.1308 0.111 0.0913 0.0752 0.0678 0.0704 0.0797 0.1616 0.1444 0.1265 0.1087 0.0939 0.0865 0.0888 0.0962 0.1828 0.1648 0.1463 0.1289 0.1149 0.108 0.1116 0.1189 0.2036 0.1845 0.1662 0.1503 0.139 0.1355 0.1426 0.151 0.0781
-5.000 5.000 25 0.082 0.1437 0.1237 0.0999 0.0735 0.049 0.03 0.021 0.0289 0.1592 0.1356 0.1081 0.0776 0.0487 0.0235 0.0 0.0226 0.1657 0.1414 0.1138 0.0838 0.056 0.0342 0.024 0.0329 0.1657 0.1432 0.1183 0.0917 0.0681 0.0522 0.0465 0.0506 0.1672 0.147 0.1249 0.1018 0.082 0.0699 0.0664 0.0685 0.1774 0.1576 0.1365 0.1152 0.0976 0.0878 0.0857 0.0871 0.1963 0.1751 0.1531 0.1325 0.1167 0.1093 0.1091 0.111 0.2137 0.1913 0.1699 0.1521 0.1403 0.1376 0.1412 0.1438 0.088
-5.000 7.000 35 0.0983 0.1636 0.1433 0.1192 0.0925 0.0675 0.0465 0.0289 0.0193 0.1819 0.1582 0.1305 0.1 0.0713 0.0463 0.0226 0.0 0.1886 0.164 0.1359 0.1056 0.0771 0.053 0.0329 0.0219 0.1864 0.1633 0.1374 0.1098 0.0846 0.065 0.0504 0.0426 0.1854 0.1641 0.1406 0.116 0.0942 0.0787 0.0682 0.0611 0.1938 0.1724 0.1494 0.1263 0.1069 0.0943 0.0865 0.0792 0.2107 0.1872 0.1635 0.1415 0.1243 0.1149 0.1098 0.1021 0.225 0.2006 0.1781 0.1598 0.1478 0.1435 0.142 0.1341 0.1022
-3.000 -7.000 35 0.0919 0.0415 0.0494 0.0672 0.0915 0.1179 0.1418 0.1633 0.1843 0.0225 0.0337 0.0568 0.0853 0.1152 0.142 0.1657 0.1886 0.0 0.0236 0.0499 0.0793 0.1095 0.1366 0.1602 0.1831 0.0209 0.0313 0.0522 0.0779 0.1051 0.1297 0.1517 0.1737 0.0394 0.0467 0.0623 0.0836 0.107 0.1285 0.1483 0.1687 0.0597 0.067 0.0796 0.0971 0.1166 0.1348 0.1525 0.1721 0.0859 0.0933 0.1035 0.1171 0.133 0.1493 0.1673 0.1885 0.1138 0.1203 0.1281 0.1388 0.1527 0.1695 0.1901 0.2146 0.0938
-3.000 -5.000 25 0.0727 0.0494 0.0477 0.0569 0.0766 0.1 0.1219 0.1421 0.1623 0.0337 0.0254 0.0382 0.0638 0.0923 0.1182 0.1414 0.164 0.0236 0.0 0.0264 0.0558 0.0858 0.1124 0.1358 0.1586 0.0313 0.0233 0.0349 0.0581 0.0842 0.108 0.1296 0.1513 0.0468 0.044 0.052 0.0691 0.0901 0.11 0.1288 0.1486 0.0671 0.0663 0.0732 0.0862 0.1026 0.1187 0.135 0.1536 0.0939 0.094 0.0991 0.1085 0.1211 0.1348 0.1511 0.1708 0.1219 0.1223 0.1248 0.1317 0.1428 0.1569 0.1757 0.1978 0.0767
-3.000 -3.000 15 0.0527 0.067 0.0568 0.0547 0.0637 0.0811 0.0994 0.1177 0.1369 0.0566 0.0381 0.0288 0.0423 0.0671 0.0913 0.1138 0.1359 0.0499 0.0264 0.0 0.0292 0.0587 0.0848 0.1079 0.1305 0.0524 0.035 0.0261 0.0385 0.0612 0.0835 0.1044 0.1256 0.0627 0.0522 0.049 0.0571 0.0726 0.0894 0.1066 0.1256 0.0809 0.0741 0.0725 0.0787 0.0893 0.1014 0.1153 0.1325 0.107 0.1015 0.0994 0.1033 0.1105 0.1197 0.1331 0.1509 0.1342 0.1287 0.1259 0.128 0.1343 0.1441 0.1597 0.1796 0.0601
-3.000 -1.000 15 0.0364 0.0908 0.0763 0.0636 0.0585 0.0633 0.0757 0.0913 0.1092 0.0848 0.0636 0.0423 0.0305 0.042 0.0625 0.0838 0.1056 0.0793 0.0558 0.0292 0.0 0.0289 0.0546 0.0775 0.1001 0.0784 0.0583 0.0385 0.0277 0.0382 0.0571 0.0769 0.0977 0.0848 0.0696 0.0573 0.0519 0.0567 0.0678 0.0825 0.1004 0.1007 0.0884 0.0796 0.0755 0.0774 0.0833 0.0944 0.1094 0.1248 0.1138 0.1054 0.1008 0.1006 0.1041 0.1134 0.129 0.1502 0.1391 0.1305 0.1261 0.126 0.1304 0.1418 0.159 0.0476
-3.000 1.000 15 0.0349 0.1169 0.0996 0.081 0.0632 0.054 0.056 0.0676 0.0838 0.1144 0.092 0.067 0.042 0.0282 0.0371 0.056 0.0771 0.1095 0.0858 0.0587 0.0289 0.0 0.0255 0.0487 0.0715 0.1056 0.0843 0.0611 0.0382 0.0256 0.0338 0.0513 0.0714 0.1088 0.0909 0.0727 0.0566 0.0479 0.0502 0.061 0.0772 0.1221 0.1061 0.0905 0.0775 0.0691 0.0685 0.0757 0.0891 0.1445 0.128 0.1131 0.1008 0.092 0.0904 0.0969 0.1092 0.1665 0.1501 0.1354 0.1244 0.1174 0.1177 0.1265 0.1402 0.0456
-3.000 3.000 15 0.0474 0.1404 0.1211 0.099 0.0755 0.0559 0.0476 0.0515 0.0641 0.1412 0.1179 0.0913 0.0625 0.0371 0.0249 0.0342 0.053 0.1366 0.1124 0.0848 0.0546 0.0255 0.0 0.0236 0.0466 0.13 0.1079 0.0832 0.057 0.0338 0.0226 0.0315 0.0494 0.1304 0.1106 0.0892 0.0675 0.05 0.0424 0.047 0.0594 0.1416 0.1222 0.1023 0.0831 0.0682 0.0613 0.0647 0.0741 0.1614 0.1409 0.1207 0.1027 0.0891 0.0831 0.0877 0.0965 0.1795 0.1587 0.1395 0.1239 0.1135 0.111 0.1186 0.1286 0.0541
-3.000 5.000 25 0.0644 0.1612 0.1408 0.1169 0.0907 0.0674 0.0515 0.0458 0.0495 0.1649 0.1411 0.1138 0.0839 0.056 0.0342 0.024 0.0329 0.1602 0.1358 0.1079 0.0775 0.0487 0.0236 0.0 0.0229 0.1515 0.1289 0.1037 0.0764 0.0511 0.0314 0.0222 0.0307 0.1495 0.1286 0.1057 0.0817 0.0606 0.0468 0.042 0.0463 0.1589 0.1376 0.1151 0.0931 0.0747 0.0642 0.0615 0.0643 0.1765 0.1534 0.1303 0.1093 0.0935 0.086 0.0853 0.0884 0.1912 0.1675 0.1461 0.1287 0.1174 0.1146 0.1178 0.1214 0.0682
-3.000 7.000 35 0.0836 0.1816 0.1605 0.1357 0.1084 0.0834 0.0639 0.0493 0.0418 0.1879 0.1639 0.1361 0.1058 0.0772 0.0531 0.0329 0.0219 0.1831 0.1586 0.1305 0.1001 0.0715 0.0466 0.0229 0.0 0.1726 0.1498 0.1243 0.0967 0.0709 0.0492 0.0307 0.0204 0.1687 0.1472 0.1235 0.0986 0.0761 0.0589 0.0461 0.0388 0.1767 0.1542 0.1304 0.1068 0.087 0.0731 0.064 0.0572 0.1926 0.1678 0.1432 0.1211 0.1038 0.0937 0.0876 0.0805 0.2042 0.1793 0.157 0.1394 0.1277 0.1227 0.1201 0.1129 0.0853
-1.000 -7.000 35 0.0814 0.064 0.0714 0.0872 0.1089 0.1333 0.1546 0.1737 0.1928 0.044 0.052 0.0699 0.0943 0.1208 0.1446 0.1657 0.1864 0.0209 0.0313 0.0524 0.0784 0.1056 0.13 0.1515 0.1726 0.0 0.0206 0.0436 0.0691 0.0954 0.119 0.1396 0.1603 0.0189 0.0285 0.0474 0.0702 0.094 0.1154 0.1347 0.1545 0.04 0.0476 0.0625 0.0818 0.1024 0.1214 0.1395 0.1592 0.0668 0.0738 0.0856 0.101 0.1185 0.1361 0.1553 0.1777 0.0947 0.1006 0.1095 0.1217 0.137 0.1552 0.1776 0.2039 0.0813
-1.000 -5.000 25 0.0611 0.071 0.0726 0.0812 0.0982 0.1177 0.1367 0.1537 0.1715 0.0518 0.0494 0.0584 0.078 0.1015 0.1233 0.1432 0.1633 0.0313 0.0233 0.035 0.0583 0.0843 0.1079 0.1289 0.1498 0.0206 0.0 0.023 0.0485 0.0747 0.0979 0.1183 0.1388 0.0285 0.0211 0.0315 0.0521 0.0749 0.0957 0.1147 0.1344 0.0476 0.0443 0.0514 0.0666 0.0851 0.1028 0.1203 0.1395 0.0743 0.0725 0.0772 0.088 0.1024 0.1182 0.1362 0.1576 0.1019 0.1008 0.1028 0.1106 0.1231 0.139 0.1597 0.1844 0.0621
-1.000 -3.000 15 0.0383 0.0862 0.0808 0.0824 0.0901 0.1031 0.1164 0.1314 0.1476 0.0694 0.0582 0.0554 0.0644 0.0817 0.1001 0.1183 0.1374 0.0522 0.0349 0.0261 0.0385 0.0611 0.0832 0.1037 0.1243 0.0436 0.023 0.0 0.0254 0.0511 0.0739 0.0941 0.1145 0.0476 0.0316 0.0233 0.0343 0.0542 0.0738 0.0923 0.1117 0.0633 0.0519 0.0475 0.0542 0.0678 0.0829 0.0991 0.1177 0.0881 0.0788 0.0748 0.0786 0.0878 0.1001 0.1158 0.1359 0.1139 0.1053 0.1014 0.1031 0.1109 0.1231 0.141 0.1637 0.0413
-1.000 -1.000 5 0.0141 0.1071 0.0974 0.0899 0.0877 0.0894 0.0963 0.1071 0.1218 0.0932 0.0776 0.0643 0.0588 0.0638 0.0761 0.0917 0.1098 0.0779 0.0581 0.0385 0.0277 0.0382 0.057 0.0764 0.0967 0.0691 0.0485 0.0254 0.0 0.0252 0.0475 0.0676 0.0881 0.071 0.0524 0.0343 0.0245 0.0338 0.0504 0.068 0.087 0.0845 0.068 0.0547 0.0486 0.0526 0.0626 0.0767 0.0943 0.1071 0.0916 0.0799 0.0743 0.0755 0.0822 0.0953 0.1128 0.1298 0.1152 0.1044 0.0997 0.1007 0.1077 0.1218 0.1419 0.0222
-1.000 1.000 5 0.0135 0.1312 0.1168 0.103 0.0894 0.081 0.0792 0.0862 0.0984 0.1195 0.1011 0.0818 0.0638 0.0543 0.0565 0.0681 0.0846 0.1051 0.0842 0.0612 0.0382 0.0256 0.0338 0.0511 0.0709 0.0954 0.0747 0.0511 0.0252 0.0 0.0222 0.0426 0.0632 0.0954 0.0757 0.0545 0.0338 0.0225 0.0298 0.0455 0.064 0.1074 0.0879 0.0687 0.0528 0.0442 0.0464 0.0569 0.0729 0.1275 0.1077 0.0895 0.0755 0.0675 0.0681 0.0772 0.093 0.1462 0.127 0.1105 0.099 0.0932 0.0952 0.1062 0.1226 0.0212
-1.000 3.000 15 0.0344 0.1524 0.1359 0.1163 0.0963 0.0792 0.0715 0.073 0.0818 0.1435 0.1233 0.1004 0.0764 0.0566 0.048 0.0522 0.065 0.1297 0.108 0.0835 0.0571 0.0338 0.0226 0.0314 0.0492 0.119 0.0979 0.0739 0.0475 0.0222 0.0 0.0208 0.0417 0.1173 0.0967 0.0741 0.0504 0.0298 0.02 0.0281 0.0447 0.1278 0.1063 0.084 0.0627 0.0462 0.0393 0.0442 0.0566 0.1457 0.1225 0.1003 0.0809 0.0671 0.0617 0.0671 0.0783 0.1602 0.1375 0.1175 0.1016 0.0917 0.09 0.098 0.11 0.0369
-1.000 5.000 25 0.0542 0.1716 0.1532 0.1315 0.1073 0.0865 0.0732 0.0691 0.0703 0.1653 0.1439 0.1193 0.0925 0.0685 0.0524 0.0465 0.0504 0.1517 0.1296 0.1044 0.0769 0.0513 0.0315 0.0222 0.0307 0.1396 0.1183 0.0941 0.0676 0.0426 0.0208 0.0 0.0206 0.1366 0.1156 0.0923 0.0678 0.0453 0.0281 0.02 0.028 0.1461 0.1233 0.0995 0.0761 0.0564 0.044 0.0399 0.0445 0.162 0.1369 0.1126 0.0912 0.0745 0.0659 0.0644 0.0687 0.173 0.1486 0.1271 0.11 0.0986 0.0949 0.0974 0.1019 0.0548
-1.000 7.000 35 0.0743 0.1912 0.1715 0.1482 0.1225 0.099 0.0821 0.0703 0.0632 0.1872 0.1651 0.1394 0.1113 0.0855 0.0654 0.0506 0.0426 0.1737 0.1513 0.1256 0.0977 0.0714 0.0494 0.0307 0.0204 0.1603 0.1388 0.1145 0.0881 0.0632 0.0417 0.0206 0.0 0.1562 0.1348 0.1113 0.0865 0.0636 0.0445 0.028 0.0186 0.1648 0.1413 0.1167 0.0926 0.0717 0.0561 0.0444 0.0373 0.1794 0.1533 0.1281 0.1057 0.0882 0.0762 0.0682 0.0613 0.1878 0.1629 0.1413 0.1242 0.1122 0.1055 0.101 0.0942 0.074
1.000 -7.000 35 0.0816 0.083 0.0908 0.1054 0.1254 0.1464 0.1645 0.1807 0.1973 0.0625 0.0699 0.0848 0.1057 0.1287 0.1491 0.1672 0.1854 0.0394 0.0468 0.0627 0.0848 0.1088 0.1304 0.1495 0.1687 0.0189 0.0285 0.0476 0.071 0.0954 0.1173 0.1366 0.1562 0.0 0.0209 0.0437 0.068 0.0924 0.1138 0.1328 0.1522 0.0218 0.0326 0.0529 0.0758 0.0985 0.1189 0.1381 0.1588 0.0489 0.0568 0.0726 0.0917 0.112 0.1322 0.154 0.1788 0.0765 0.0823 0.0937 0.1085 0.1271 0.1481 0.1731 0.2022 0.08
1.000 -5.000 25 0.0618 0.0902 0.0937 0.1028 0.1179 0.1348 0.1491 0.1627 0.1776 0.0696 0.07 0.0784 0.0942 0.113 0.1308 0.147 0.1641 0.0467 0.044 0.0522 0.0696 0.0909 0.1106 0.1286 0.1472 0.0285 0.0211 0.0316 0.0524 0.0757 0.0967 0.1156 0.1348 0.0209 0.0 0.0227 0.047 0.0711 0.0923 0.1111 0.1305 0.0326 0.0238 0.0344 0.0548 0.0766 0.0966 0.1156 0.1362 0.0571 0.0523 0.0581 0.0727 0.0907 0.1098 0.1308 0.155 0.0832 0.0802 0.0826 0.0928 0.1079 0.1272 0.1509 0.1789 0.0593
1.000 -3.000 15 0.0407 0.1036 0.1018 0.1059 0.1134 0.1232 0.1327 0.1428 0.1558 0.0837 0.0778 0.0783 0.086 0.0982 0.111 0.1249 0.1406 0.0623 0.052 0.049 0.0573 0.0727 0.0892 0.1057 0.1235 0.0474 0.0315 0.0233 0.0343 0.0545 0.0741 0.0923 0.1113 0.0437 0.0227 0.0 0.0241 0.0479 0.0688 0.0874 0.1067 0.0534 0.0345 0.0247 0.035 0.0542 0.0731 0.0918 0.1121 0.074 0.0588 0.0522 0.0573 0.0707 0.0872 0.1068 0.1302 0.0962 0.0837 0.0784 0.0808 0.0913 0.1071 0.1285 0.1549 0.0367
1.000 -1.000 5 0.0218 0.1224 0.1163 0.113 0.1125 0.1123 0.1148 0.1218 0.1326 0.1036 0.0932 0.0858 0.083 0.085 0.0913 0.1018 0.116 0.0836 0.0691 0.0571 0.0519 0.0566 0.0675 0.0817 0.0986 0.0702 0.0521 0.0343 0.0245 0.0338 0.0504 0.0678 0.0865 0.068 0.047 0.0241 0.0 0.0234 0.0439 0.0625 0.0819 0.0774 0.0555 0.0352 0.0245 0.0333 0.0495 0.0674 0.0874 0.0952 0.0743 0.0577 0.0504 0.0541 0.0657 0.0831 0.1052 0.1124 0.0943 0.0809 0.0757 0.0783 0.0889 0.1074 0.1311 0.0134
1.000 1.000 5 0.0208 0.1428 0.1333 0.123 0.1125 0.1039 0.0994 0.103 0.1122 0.1263 0.112 0.0982 0.0852 0.0766 0.0752 0.082 0.0942 0.107 0.0901 0.0726 0.0567 0.0479 0.05 0.0606 0.0761 0.094 0.0749 0.0542 0.0338 0.0225 0.0298 0.0453 0.0636 0.0924 0.0711 0.0479 0.0234 0.0 0.0204 0.0393 0.059 0.1015 0.0782 0.0546 0.0333 0.022 0.0292 0.0453 0.0647 0.1171 0.093 0.071 0.0539 0.0457 0.0493 0.0627 0.0827 0.1302 0.1077 0.0894 0.0766 0.0715 0.0756 0.0898 0.1105 0.0127
1.000 3.000 15 0.0362 0.1613 0.1482 0.1332 0.1154 0.0998 0.0918 0.092 0.0982 0.147 0.1305 0.1116 0.092 0.0756 0.0678 0.0699 0.0787 0.1285 0.11 0.0894 0.0678 0.0502 0.0424 0.0468 0.0589 0.1154 0.0957 0.0738 0.0504 0.0298 0.02 0.0281 0.0445 0.1138 0.0923 0.0688 0.0439 0.0204 0.0 0.0194 0.0393 0.1226 0.0984 0.0735 0.0494 0.0292 0.0198 0.0283 0.0457 0.1365 0.1105 0.0858 0.0643 0.0486 0.0428 0.0499 0.0652 0.1456 0.1215 0.1 0.0836 0.073 0.0715 0.0802 0.0954 0.0323
1.000 5.000 25 0.0538 0.1784 0.1629 0.1443 0.1232 0.1041 0.0926 0.0894 0.0892 0.1663 0.148 0.1267 0.1034 0.083 0.0704 0.0664 0.0682 0.1483 0.1288 0.1066 0.0825 0.061 0.047 0.042 0.0461 0.1347 0.1147 0.0923 0.068 0.0455 0.0281 0.02 0.028 0.1328 0.1111 0.0874 0.0625 0.0393 0.0194 0.0 0.0196 0.1416 0.1169 0.0915 0.0667 0.0449 0.0282 0.0204 0.029 0.1544 0.1275 0.102 0.0791 0.0607 0.0491 0.0458 0.052 0.1608 0.136 0.1144 0.0967 0.0842 0.0782 0.0793 0.0849 0.051
1.000 7.000 35 0.0729 0.1968 0.1795 0.1588 0.1353 0.1143 0.0994 0.0896 0.0821 0.1865 0.167 0.1442 0.1189 0.0963 0.0797 0.0685 0.0611 0.1687 0.1486 0.1256 0.1004 0.0772 0.0594 0.0463 0.0388 0.1545 0.1344 0.1117 0.087 0.064 0.0447 0.028 0.0186 0.1522 0.1305 0.1067 0.0819 0.059 0.0393 0.0196 0.0 0.1612 0.1363 0.1107 0.0858 0.0638 0.0454 0.0289 0.0193 0.1737 0.1466 0.1209 0.098 0.0788 0.0639 0.0518 0.0442 0.1787 0.1543 0.1332 0.116 0.1022 0.0926 0.0845 0.0776 0.0705
3.000 -7.000 35 0.0936 0.103 0.1119 0.1262 0.1451 0.1642 0.1799 0.1941 0.2086 0.0825 0.0906 0.1042 0.1231 0.1438 0.1616 0.1774 0.1938 0.0597 0.0671 0.0809 0.1007 0.1221 0.1416 0.1589 0.1767 0.04 0.0476 0.0633 0.0845 0.1074 0.1278 0.1461 0.1648 0.0218 0.0326 0.0534 0.0774 0.1015 0.1226 0.1416 0.1612 0.0 0.0257 0.0524 0.0786 0.1033 0.1252 0.1459 0.1682 0.0268 0.0391 0.0617 0.0859 0.1098 0.1333 0.1582 0.1864 0.0534 0.0605 0.0761 0.0951 0.1169 0.1413 0.1696 0.2021 0.0904
3.000 -5.000 25 0.0745 0.111 0.1158 0.1257 0.14 0.1543 0.1656 0.1763 0.189 0.0901 0.092 0.1007 0.1147 0.1304 0.1444 0.1576 0.1724 0.067 0.0663 0.0741 0.0884 0.1061 0.1222 0.1376 0.1542 0.0476 0.0443 0.0519 0.068 0.0879 0.1063 0.1233 0.1413 0.0326 0.0238 0.0345 0.0555 0.0782 0.0984 0.1169 0.1363 0.0257 0.0 0.0264 0.0524 0.0769 0.0987 0.1192 0.1416 0.0392 0.0281 0.039 0.0602 0.0832 0.1062 0.1308 0.1588 0.0608 0.0549 0.0596 0.074 0.0934 0.1164 0.1439 0.1756 0.0689
3.000 -3.000 15 0.0565 0.123 0.1237 0.1292 0.1371 0.1444 0.1502 0.1571 0.1673 0.1021 0.0994 0.1015 0.109 0.1179 0.1265 0.1365 0.1494 0.0796 0.0732 0.0725 0.0796 0.0905 0.1023 0.1151 0.1304 0.0625 0.0514 0.0475 0.0547 0.0687 0.084 0.0995 0.1167 0.0529 0.0344 0.0247 0.0352 0.0546 0.0735 0.0915 0.1107 0.0524 0.0264 0.0 0.0259 0.0502 0.0718 0.0924 0.1149 0.0622 0.0391 0.0272 0.0374 0.0576 0.0795 0.1036 0.1312 0.0768 0.0597 0.0525 0.0574 0.0722 0.0928 0.1188 0.1494 0.048
3.000 -1.000 15 0.0437 0.1392 0.1362 0.1357 0.1361 0.1345 0.1336 0.1372 0.1453 0.1187 0.1118 0.1079 0.1064 0.1066 0.1087 0.1152 0.1263 0.0971 0.0862 0.0787 0.0755 0.0775 0.0831 0.0931 0.1068 0.0818 0.0666 0.0542 0.0486 0.0528 0.0627 0.0761 0.0926 0.0758 0.0548 0.035 0.0245 0.0333 0.0494 0.0667 0.0858 0.0786 0.0524 0.0259 0.0 0.0241 0.0456 0.0663 0.089 0.087 0.0606 0.0374 0.0258 0.0352 0.0543 0.0775 0.1045 0.0956 0.0737 0.0569 0.0506 0.0562 0.0718 0.0954 0.1244 0.0324
3.000 1.000 15 0.0415 0.1565 0.1501 0.1432 0.1345 0.1252 0.1187 0.1198 0.1266 0.1374 0.1269 0.1167 0.1066 0.0977 0.0939 0.0976 0.1069 0.1166 0.1026 0.0893 0.0774 0.0691 0.0682 0.0747 0.087 0.1024 0.0851 0.0678 0.0526 0.0442 0.0462 0.0564 0.0717 0.0985 0.0766 0.0542 0.0333 0.022 0.0292 0.0449 0.0638 0.1033 0.0769 0.0502 0.0241 0.0 0.0216 0.0427 0.0657 0.1109 0.0832 0.0572 0.0351 0.0239 0.0333 0.0541 0.0801 0.1151 0.0909 0.0703 0.0551 0.0497 0.0566 0.0757 0.1021 0.0307
3.000 3.000 15 0.0492 0.1721 0.162 0.15 0.1345 0.1194 0.1107 0.1103 0.1149 0.1548 0.1413 0.1262 0.1095 0.0946 0.0865 0.0878 0.0943 0.1348 0.1187 0.1014 0.0833 0.0685 0.0613 0.0642 0.0731 0.1214 0.1028 0.0829 0.0626 0.0464 0.0393 0.044 0.0561 0.1189 0.0966 0.0731 0.0495 0.0292 0.0198 0.0282 0.0454 0.1252 0.0987 0.0718 0.0456 0.0216 0.0 0.0216 0.0448 0.1325 0.1044 0.0776 0.0533 0.033 0.0236 0.0352 0.0583 0.1339 0.109 0.0871 0.0688 0.0554 0.0524 0.0627 0.0835 0.0416
3.000 5.000 25 0.063 0.1881 0.1746 0.1588 0.1397 0.122 0.1116 0.1088 0.108 0.1719 0.1562 0.138 0.1174 0.0994 0.0888 0.0857 0.0865 0.1525 0.135 0.1153 0.0944 0.0757 0.0647 0.0615 0.064 0.1395 0.1203 0.0991 0.0767 0.0569 0.0442 0.0399 0.0444 0.1381 0.1156 0.0918 0.0674 0.0453 0.0283 0.0204 0.0289 0.1459 0.1192 0.0924 0.0663 0.0427 0.0216 0.0 0.0228 0.1539 0.1258 0.0992 0.0747 0.053 0.035 0.0262 0.0378 0.1541 0.1295 0.1077 0.0888 0.0731 0.062 0.0598 0.0678 0.0575
3.000 7.000 35 0.0802 0.2054 0.1904 0.1716 0.1501 0.1304 0.1172 0.1087 0.1003 0.191 0.1738 0.1535 0.1307 0.1101 0.0962 0.0871 0.0792 0.1721 0.1536 0.1325 0.1094 0.0891 0.0741 0.0643 0.0572 0.1592 0.1395 0.1177 0.0943 0.0729 0.0566 0.0445 0.0373 0.1588 0.1362 0.1121 0.0874 0.0647 0.0457 0.029 0.0193 0.1682 0.1416 0.1149 0.089 0.0657 0.0448 0.0228 0.0 0.1779 0.15 0.1237 0.0996 0.0778 0.0577 0.0377 0.0257 0.1784 0.1545 0.1334 0.1148 0.0979 0.0825 0.0677 0.0592 0.0765
5.000 -7.000 35 0.1141 0.1287 0.1388 0.1534 0.1717 0.1895 0.2032 0.2149 0.2275 0.1082 0.1173 0.1308 0.1487 0.1675 0.1828 0.1963 0.2107 0.0859 0.0939 0.107 0.1248 0.1445 0.1614 0.1765 0.1926 0.0668 0.0743 0.0881 0.1071 0.1275 0.1457 0.162 0.1794 0.0489 0.0571 0.074 0.0952 0.1171 0.1365 0.1544 0.1737 0.0268 0.0392 0.0622 0.087 0.1109 0.1325 0.1539 0.1779 0.0 0.028 0.0557 0.0818 0.1069 0.1317 0.1585 0.1895 0.0252 0.0362 0.0565 0.0787 0.1024 0.1284 0.1582 0.1923 0.1086
5.000 -5.000 25 0.0951 0.1372 0.143 0.1535 0.1671 0.1795 0.1879 0.1959 0.2059 0.1163 0.1192 0.1282 0.141 0.1541 0.1648 0.1751 0.1872 0.0933 0.094 0.1015 0.1138 0.128 0.1409 0.1534 0.1678 0.0738 0.0725 0.0788 0.0916 0.1077 0.1225 0.1369 0.1533 0.0568 0.0523 0.0588 0.0743 0.093 0.1105 0.1275 0.1466 0.0391 0.0281 0.0391 0.0606 0.0832 0.1044 0.1258 0.15 0.028 0.0 0.0274 0.0534 0.0785 0.1033 0.1303 0.1614 0.0362 0.0256 0.0352 0.0547 0.0775 0.103 0.1326 0.1665 0.0872
5.000 -3.000 25 0.0789 0.1473 0.1494 0.1557 0.1635 0.1689 0.1714 0.1754 0.1832 0.1261 0.125 0.1281 0.1351 0.1414 0.1463 0.1531 0.1635 0.1035 0.0991 0.0994 0.1054 0.1131 0.1207 0.1303 0.1432 0.0856 0.0772 0.0748 0.0799 0.0895 0.1003 0.1126 0.1281 0.0726 0.0581 0.0522 0.0577 0.071 0.0858 0.102 0.1209 0.0617 0.039 0.0272 0.0374 0.0572 0.0776 0.0992 0.1237 0.0557 0.0274 0.0 0.026 0.0512 0.0762 0.1034 0.1347 0.0565 0.0351 0.0244 0.0341 0.0544 0.079 0.1082 0.1418 0.0687
5.000 -1.000 25 0.0683 0.1602 0.1591 0.1604 0.1611 0.1582 0.1545 0.1555 0.1616 0.1392 0.1343 0.1324 0.1314 0.13 0.1289 0.1325 0.1415 0.1171 0.1085 0.1033 0.1008 0.1008 0.1027 0.1093 0.1211 0.101 0.088 0.0786 0.0743 0.0755 0.0809 0.0912 0.1057 0.0917 0.0727 0.0573 0.0504 0.0539 0.0643 0.0791 0.098 0.0859 0.0602 0.0374 0.0258 0.0351 0.0533 0.0747 0.0996 0.0818 0.0534 0.026 0.0 0.0252 0.0503 0.0778 0.1094 0.0781 0.0542 0.0339 0.0242 0.0347 0.0567 0.085 0.1181 0.0567
5.000 1.000 25 0.065 0.1745 0.1702 0.1656 0.1581 0.1478 0.1397 0.1393 0.1447 0.1543 0.1461 0.1385 0.13 0.1203 0.1149 0.1167 0.1243 0.133 0.1211 0.1105 0.1006 0.092 0.0891 0.0935 0.1038 0.1185 0.1024 0.0878 0.0755 0.0675 0.0671 0.0745 0.0882 0.112 0.0907 0.0707 0.0541 0.0457 0.0486 0.0607 0.0788 0.1098 0.0832 0.0576 0.0352 0.0239 0.033 0.053 0.0778 0.1069 0.0785 0.0512 0.0252 0.0 0.0254 0.0533 0.0851 0.1001 0.0758 0.0535 0.0345 0.0251 0.0371 0.0629 0.0948 0.0541
5.000 3.000 25 0.0697 0.1888 0.1805 0.1706 0.1567 0.1416 0.1322 0.1318 0.1357 0.1696 0.1583 0.1456 0.1309 0.1166 0.108 0.1093 0.1149 0.1493 0.1348 0.1197 0.1041 0.0904 0.0831 0.086 0.0937 0.1361 0.1182 0.1001 0.0822 0.0681 0.0617 0.0659 0.0762 0.1322 0.1098 0.0872 0.0657 0.0493 0.0428 0.0491 0.0639 0.1333 0.1062 0.0795 0.0543 0.0333 0.0236 0.035 0.0577 0.1317 0.1033 0.0762 0.0503 0.0254 0.0 0.0284 0.0601 0.1232 0.099 0.0766 0.0557 0.0369 0.0281 0.0428 0.0713 0.0606
5.000 5.000 25 0.0815 0.2042 0.1932 0.1792 0.1613 0.1444 0.1346 0.1321 0.1312 0.1866 0.173 0.1568 0.1379 0.1211 0.1116 0.1091 0.1098 0.1673 0.1511 0.1331 0.1134 0.0969 0.0877 0.0853 0.0876 0.1553 0.1362 0.1158 0.0953 0.0772 0.0671 0.0644 0.0682 0.154 0.1308 0.1068 0.0831 0.0627 0.0499 0.0458 0.0518 0.1582 0.1308 0.1036 0.0775 0.0541 0.0352 0.0262 0.0377 0.1585 0.1303 0.1034 0.0778 0.0533 0.0284 0.0 0.0311 0.1498 0.126 0.104 0.0831 0.0623 0.0428 0.0326 0.0468 0.0751
5.000 7.000 35 0.0995 0.2226 0.2091 0.1921 0.1718 0.1527 0.1404 0.1326 0.123 0.2068 0.1909 0.1726 0.1511 0.1314 0.1189 0.111 0.1021 0.1885 0.1708 0.1509 0.129 0.1092 0.0965 0.0884 0.0805 0.1777 0.1576 0.1359 0.1128 0.093 0.0783 0.0687 0.0613 0.1788 0.155 0.1302 0.1052 0.0827 0.0652 0.052 0.0442 0.1864 0.1588 0.1312 0.1045 0.0801 0.0583 0.0378 0.0257 0.1895 0.1614 0.1347 0.1094 0.0851 0.0601 0.0311 0.0 0.1813 0.158 0.1364 0.1155 0.0942 0.0713 0.0469 0.0322 0.0952
7.000 -7.000 35 0.1335 0.1565 0.1672 0.182 0.1998 0.2155 0.2264 0.2348 0.2448 0.136 0.1454 0.1588 0.1755 0.1917 0.2036 0.2137 0.225 0.1138 0.1219 0.1342 0.1502 0.1665 0.1795 0.1912 0.2042 0.0947 0.1019 0.1139 0.1298 0.1462 0.1602 0.173 0.1878 0.0765 0.0832 0.0962 0.1124 0.1302 0.1456 0.1608 0.1787 0.0534 0.0608 0.0768 0.0956 0.1151 0.1339 0.1541 0.1784 0.0252 0.0362 0.0565 0.0781 0.1001 0.1232 0.1498 0.1813 0.0 0.0215 0.0425 0.0629 0.0846 0.1085 0.1365 0.1691 0.1255
7.000 -5.000 35 0.1158 0.1644 0.1712 0.1815 0.1943 0.2044 0.2094 0.2142 0.2213 0.1433 0.1474 0.1558 0.1673 0.1777 0.1845 0.1913 0.2006 0.1203 0.1223 0.1287 0.1391 0.1501 0.1587 0.1675 0.1793 0.1006 0.1008 0.1053 0.1152 0.127 0.1375 0.1486 0.1629 0.0823 0.0802 0.0837 0.0943 0.1077 0.1215 0.136 0.1543 0.0605 0.0549 0.0597 0.0737 0.0909 0.109 0.1295 0.1545 0.0362 0.0256 0.0351 0.0542 0.0758 0.099 0.126 0.158 0.0215 0.0 0.0209 0.0414 0.0632 0.0874 0.1156 0.1483 0.1056
7.000 -3.000 35 0.1014 0.1722 0.1752 0.1822 0.1893 0.1927 0.1923 0.1934 0.199 0.1509 0.1507 0.1545 0.1605 0.1645 0.1662 0.1699 0.1781 0.1281 0.1248 0.1259 0.1305 0.1354 0.1395 0.1461 0.157 0.1095 0.1028 0.1014 0.1044 0.1105 0.1175 0.1271 0.1413 0.0937 0.0826 0.0784 0.0809 0.0894 0.1 0.1144 0.1332 0.0761 0.0596 0.0525 0.0569 0.0703 0.0871 0.1077 0.1334 0.0565 0.0352 0.0244 0.0339 0.0535 0.0766 0.104 0.1364 0.0425 0.0209 0.0 0.0208 0.0428 0.0672 0.0956 0.1285 0.0903
7.000 -1.000 35 0.093 0.1824 0.1827 0.1852 0.1864 0.1821 0.1763 0.1754 0.1803 0.1611 0.1577 0.1571 0.1566 0.1537 0.1503 0.1521 0.1598 0.1388 0.1317 0.128 0.1261 0.1244 0.1239 0.1287 0.1394 0.1217 0.1106 0.1031 0.0997 0.099 0.1016 0.11 0.1242 0.1085 0.0928 0.0808 0.0757 0.0766 0.0836 0.0967 0.116 0.0951 0.074 0.0574 0.0506 0.0551 0.0688 0.0888 0.1148 0.0787 0.0547 0.0341 0.0242 0.0345 0.0557 0.0831 0.1155 0.0629 0.0414 0.0208 0.0 0.0222 0.0468 0.0755 0.1084 0.0811
7.000 1.000 35 0.0907 0.1953 0.1929 0.1902 0.1838 0.173 0.1638 0.1628 0.168 0.1745 0.1682 0.1627 0.1554 0.1455 0.139 0.1403 0.1478 0.1527 0.1428 0.1343 0.126 0.1174 0.1135 0.1174 0.1277 0.137 0.1231 0.1109 0.1007 0.0932 0.0917 0.0986 0.1122 0.1271 0.1079 0.0913 0.0783 0.0715 0.073 0.0842 0.1022 0.1169 0.0934 0.0722 0.0562 0.0497 0.0554 0.0731 0.0979 0.1024 0.0775 0.0544 0.0347 0.0251 0.0369 0.0623 0.0942 0.0846 0.0632 0.0428 0.0222 0.0 0.0248 0.0538 0.0867 0.0795
7.000 3.000 35 0.0958 0.2105 0.2044 0.1966 0.184 0.1692 0.1596 0.1599 0.1641 0.1904 0.1811 0.1707 0.1577 0.1439 0.1355 0.1376 0.1435 0.1695 0.1569 0.1441 0.1304 0.1177 0.111 0.1146 0.1227 0.1552 0.139 0.1231 0.1077 0.0952 0.09 0.0949 0.1055 0.1481 0.1272 0.1071 0.0889 0.0756 0.0715 0.0782 0.0926 0.1413 0.1164 0.0928 0.0718 0.0566 0.0524 0.062 0.0825 0.1284 0.103 0.079 0.0567 0.0371 0.0281 0.0428 0.0713 0.1085 0.0874 0.0672 0.0468 0.0248 0.0 0.0292 0.0619 0.086
7.000 5.000 35 0.1092 0.2287 0.2196 0.2077 0.1911 0.1748 0.1656 0.164 0.1632 0.2101 0.198 0.1842 0.1669 0.1511 0.1426 0.1412 0.142 0.1901 0.1757 0.1597 0.1418 0.1265 0.1186 0.1178 0.1201 0.1776 0.1597 0.141 0.1218 0.1062 0.098 0.0974 0.101 0.1731 0.1509 0.1285 0.1074 0.0898 0.0802 0.0793 0.0845 0.1696 0.1439 0.1188 0.0954 0.0757 0.0627 0.0598 0.0677 0.1582 0.1326 0.1082 0.085 0.0629 0.0428 0.0326 0.0469 0.1365 0.1156 0.0956 0.0755 0.0538 0.0292 0.0 0.0319 0.1016
7.000 7.000 35 0.1286 0.25 0.2381 0.2226 0.2033 0.1845 0.1728 0.1654 0.1548 0.2332 0.2187 0.2014 0.1817 0.1627 0.151 0.1438 0.1341 0.2146 0.1978 0.1796 0.159 0.1402 0.1286 0.1214 0.1129 0.2039 0.1844 0.1637 0.1419 0.1226 0.11 0.1019 0.0942 0.2022 0.1789 0.1549 0.1311 0.1105 0.0954 0.0849 0.0776 0.2021 0.1756 0.1494 0.1244 0.1021 0.0835 0.0678 0.0592 0.1923 0.1665 0.1418 0.1181 0.0948 0.0713 0.0468 0.0322 0.1691 0.1483 0.1285 0.1084 0.0867 0.0619 0.0319 0.0 0.1226
0.500 0.000 0 0.012 0.1288 0.1203 0.1125 0.1066 0.1022 0.1016 0.1077 0.1184 0.1124 0.099 0.0867 0.0779 0.0747 0.0781 0.088 0.1022 0.0938 0.0767 0.0601 0.0476 0.0456 0.0541 0.0682 0.0853 0.0813 0.0621 0.0413 0.0222 0.0212 0.0369 0.0548 0.074 0.08 0.0593 0.0367 0.0134 0.0127 0.0323 0.051 0.0705 0.0904 0.0689 0.048 0.0324 0.0307 0.0416 0.0575 0.0765 0.1086 0.0872 0.0687 0.0567 0.0541 0.0606 0.0751 0.0952 0.1255 0.1056 0.0903 0.0811 0.0795 0.086 0.1016 0.1226 0.0