n 64
m 2
tmax 17.5
Vcpm 1.6
R 1.2
dmax 28.0
0.000 -7.000 0 0.0 0.0152 0.0162 0.0328 0.024 0.0357 0.0542 0.0406 0.0419 0.0583 0.0793 0.0617 0.0559 0.0642 0.0832 0.1046 0.0857 0.0749 0.0762 0.0891 0.1082 0.1257 0.1086 0.0959 0.0928 0.0994 0.1145 0.1314 0.1439 0.1286 0.1172 0.1113 0.1138 0.1244 0.1386 0.1523 0.1481 0.1372 0.1309 0.1311 0.1373 0.1487 0.161 0.1579 0.152 0.1504 0.1541 0.1621 0.1712 0.174 0.1718 0.1736 0.1782 0.185 0.1939 0.1945 0.1971 0.2011 0.2143 0.2167 0.2176 0.2336 0.2346 0.25
-1.000 -6.000 6 0.0152 0.0 0.024 0.0178 0.0181 0.0419 0.0395 0.0276 0.0395 0.0643 0.0645 0.047 0.0468 0.0638 0.0895 0.0899 0.07 0.0625 0.07 0.09 0.1149 0.1106 0.0931 0.0817 0.0824 0.0956 0.1165 0.1387 0.1275 0.1128 0.1013 0.0987 0.1056 0.1218 0.1417 0.1604 0.1313 0.1212 0.1164 0.1198 0.1313 0.1477 0.1652 0.1414 0.136 0.1371 0.1446 0.1575 0.1726 0.1575 0.1568 0.1616 0.171 0.1822 0.1774 0.1808 0.1868 0.1953 0.1991 0.2039 0.2099 0.2198 0.2235 0.2365
1.000 -6.000 6 0.0162 0.024 0.0 0.0406 0.0188 0.0195 0.0624 0.0397 0.0289 0.0421 0.0877 0.0632 0.0478 0.049 0.0665 0.1126 0.0883 0.0703 0.0642 0.0727 0.0916 0.1331 0.1119 0.0941 0.0837 0.0852 0.0978 0.1145 0.1509 0.1325 0.1166 0.1051 0.1023 0.1084 0.1214 0.1343 0.1527 0.1382 0.1275 0.1219 0.1237 0.1322 0.1425 0.1608 0.1504 0.1439 0.1427 0.1465 0.1539 0.1745 0.1679 0.1644 0.1649 0.1686 0.192 0.1876 0.1859 0.1854 0.2102 0.2069 0.2043 0.226 0.2233 0.2394
-2.000 -5.000 12 0.0328 0.0178 0.0406 0.0 0.0276 0.0562 0.0218 0.0211 0.0471 0.0773 0.0466 0.0321 0.0446 0.0709 0.1014 0.0708 0.0527 0.0521 0.0698 0.0969 0.1265 0.0917 0.0739 0.0672 0.0753 0.0964 0.1233 0.1501 0.1082 0.0936 0.0844 0.0865 0.1009 0.1235 0.1488 0.1708 0.1117 0.1024 0.1012 0.1101 0.128 0.1504 0.1727 0.122 0.1188 0.1238 0.137 0.1558 0.1761 0.1387 0.1409 0.1503 0.1652 0.1826 0.1598 0.1663 0.1777 0.1912 0.1827 0.1911 0.2022 0.204 0.2134 0.2224
0.000 -5.000 6 0.024 0.0181 0.0188 0.0276 0.0 0.0289 0.0474 0.021 0.0214 0.049 0.0716 0.0446 0.0317 0.0455 0.0729 0.0956 0.0693 0.0519 0.0526 0.0714 0.098 0.1153 0.0929 0.0745 0.068 0.077 0.0978 0.1213 0.1319 0.1133 0.097 0.0872 0.0891 0.103 0.1228 0.1416 0.1328 0.1183 0.108 0.1059 0.1133 0.1285 0.1453 0.1405 0.1305 0.1259 0.1289 0.139 0.1523 0.1541 0.1484 0.1482 0.1535 0.163 0.1717 0.1697 0.1716 0.177 0.1904 0.191 0.1923 0.2083 0.2086 0.2237
2.000 -5.000 12 0.0357 0.0419 0.0195 0.0562 0.0289 0.0 0.0768 0.0479 0.022 0.0224 0.1009 0.0711 0.0456 0.0329 0.0467 0.1242 0.0958 0.0705 0.0535 0.054 0.0711 0.1433 0.1189 0.0956 0.0771 0.07 0.0775 0.0941 0.1598 0.1395 0.1192 0.1016 0.0905 0.0906 0.1008 0.1135 0.1601 0.1422 0.126 0.1135 0.1088 0.1123 0.1213 0.1662 0.1512 0.1385 0.1305 0.1291 0.1333 0.1774 0.165 0.1552 0.1498 0.1488 0.1913 0.1812 0.1729 0.1679 0.2057 0.1963 0.1889 0.2184 0.2089 0.2272
-3.000 -4.000 18 0.0542 0.0395 0.0624 0.0218 0.0474 0.0768 0.0 0.0321 0.0635 0.0961 0.0244 0.0239 0.0526 0.0849 0.1187 0.0479 0.0343 0.0482 0.0765 0.1091 0.1421 0.0675 0.0524 0.0536 0.0731 0.102 0.1343 0.1647 0.0841 0.0704 0.0658 0.0764 0.0993 0.1288 0.159 0.1847 0.0879 0.0814 0.0856 0.102 0.1273 0.1557 0.1819 0.0996 0.0995 0.1108 0.1308 0.1561 0.1816 0.1174 0.124 0.1392 0.1605 0.1836 0.1398 0.1513 0.1684 0.1883 0.1641 0.1781 0.1944 0.187 0.2014 0.2076
-1.000 -4.000 12 0.0406 0.0276 0.0397 0.0211 0.021 0.0479 0.0321 0.0 0.0317 0.0646 0.0533 0.0235 0.0234 0.0528 0.0861 0.0751 0.0479 0.0341 0.0485 0.0775 0.1093 0.0941 0.0706 0.054 0.0549 0.0748 0.1034 0.1321 0.1102 0.0911 0.0749 0.0694 0.0796 0.102 0.1284 0.152 0.1104 0.0959 0.0878 0.0911 0.1064 0.1287 0.1513 0.1177 0.1089 0.1077 0.1169 0.1339 0.1537 0.1315 0.1282 0.1325 0.1442 0.1599 0.1499 0.1512 0.1582 0.1697 0.17 0.1742 0.1819 0.1898 0.1941 0.2062
1.000 -4.000 12 0.0419 0.0395 0.0289 0.0471 0.0214 0.022 0.0635 0.0317 0.0 0.0329 0.0848 0.0523 0.0236 0.024 0.054 0.1057 0.0756 0.0484 0.0348 0.0497 0.0775 0.1237 0.098 0.0731 0.0557 0.0566 0.0756 0.1005 0.1395 0.1181 0.0968 0.079 0.0724 0.0812 0.1006 0.1204 0.1382 0.1196 0.1031 0.093 0.0941 0.1064 0.1229 0.1434 0.128 0.1166 0.1126 0.1179 0.1297 0.1539 0.1421 0.1351 0.1349 0.1412 0.168 0.1595 0.1556 0.1561 0.1832 0.177 0.1739 0.1968 0.1925 0.2088
3.000 -4.000 18 0.0583 0.0643 0.0421 0.0773 0.049 0.0224 0.0961 0.0646 0.0329 0.0 0.1182 0.0854 0.0536 0.0243 0.024 0.1389 0.1081 0.0776 0.0497 0.0352 0.0481 0.1564 0.1299 0.1022 0.0757 0.0568 0.0557 0.0703 0.1721 0.1499 0.1259 0.1018 0.0815 0.0723 0.0773 0.0898 0.1705 0.1496 0.1278 0.1078 0.0941 0.0912 0.0974 0.1746 0.1548 0.1353 0.1192 0.1105 0.1099 0.1827 0.164 0.1467 0.1339 0.1276 0.1925 0.1751 0.1595 0.1487 0.2016 0.1856 0.1711 0.2091 0.1932 0.2142
-4.000 -3.000 24 0.0793 0.0645 0.0877 0.0466 0.0716 0.1009 0.0244 0.0533 0.0848 0.1182 0.0 0.0343 0.0682 0.1028 0.1382 0.0229 0.0236 0.0538 0.0881 0.124 0.1593 0.0421 0.0316 0.0467 0.0765 0.1111 0.1468 0.1795 0.0586 0.0468 0.0498 0.0708 0.1013 0.136 0.1699 0.1985 0.0637 0.0605 0.0728 0.0971 0.1289 0.1621 0.1919 0.0767 0.082 0.0995 0.1268 0.1577 0.1872 0.0962 0.1086 0.13 0.1573 0.1854 0.1209 0.1373 0.1604 0.1858 0.1464 0.1655 0.1879 0.1709 0.1899 0.192
-2.000 -3.000 18 0.0617 0.047 0.0632 0.0321 0.0446 0.0711 0.0239 0.0235 0.0523 0.0854 0.0343 0.0 0.0341 0.0687 0.1042 0.0526 0.024 0.0243 0.0551 0.0902 0.1251 0.0697 0.0463 0.0339 0.0493 0.0798 0.1138 0.1456 0.0857 0.0663 0.0521 0.0544 0.0757 0.1061 0.1378 0.1649 0.0857 0.072 0.0678 0.0797 0.1037 0.1327 0.1601 0.0931 0.0865 0.0911 0.1079 0.1324 0.1581 0.108 0.1078 0.1186 0.1374 0.1595 0.1275 0.1333 0.1468 0.1645 0.1495 0.1584 0.1722 0.1705 0.1811 0.1888
0.000 -3.000 12 0.0559 0.0468 0.0478 0.0446 0.0317 0.0456 0.0526 0.0234 0.0236 0.0536 0.0682 0.0341 0.0 0.0348 0.0702 0.0857 0.0542 0.0246 0.025 0.0566 0.0906 0.1015 0.075 0.0491 0.0356 0.0513 0.0812 0.1113 0.1169 0.0948 0.0724 0.0561 0.0577 0.0782 0.1058 0.1308 0.1147 0.0952 0.0791 0.0733 0.0835 0.1049 0.1283 0.119 0.1034 0.0944 0.0967 0.1105 0.1298 0.1291 0.1186 0.1156 0.1223 0.1361 0.1435 0.1378 0.139 0.1469 0.1596 0.158 0.1603 0.1758 0.1755 0.1902
2.000 -3.000 18 0.0642 0.0638 0.049 0.0709 0.0455 0.0329 0.0849 0.0528 0.024 0.0243 0.1028 0.0687 0.0348 0.0 0.0352 0.1204 0.0886 0.0559 0.0254 0.0255 0.0557 0.1356 0.1084 0.0792 0.0513 0.0366 0.0511 0.0769 0.1509 0.1278 0.1025 0.0771 0.0585 0.0583 0.0755 0.0966 0.1483 0.126 0.1032 0.0837 0.0751 0.082 0.0978 0.151 0.1301 0.1107 0.0977 0.0961 0.1047 0.1579 0.1391 0.1238 0.116 0.1171 0.1672 0.1512 0.1394 0.1345 0.1772 0.1635 0.1546 0.1865 0.1747 0.1933
4.000 -3.000 24 0.0832 0.0895 0.0665 0.1014 0.0729 0.0467 0.1187 0.0861 0.054 0.024 0.1382 0.1042 0.0702 0.0352 0.0 0.1563 0.1243 0.091 0.0568 0.025 0.0238 0.1714 0.1438 0.1134 0.0814 0.0512 0.035 0.0457 0.1869 0.1633 0.1364 0.1072 0.0782 0.0569 0.0535 0.0646 0.1842 0.1602 0.1336 0.1061 0.0826 0.0704 0.0721 0.186 0.1615 0.1352 0.1105 0.0929 0.0863 0.1904 0.1654 0.1402 0.119 0.106 0.195 0.1702 0.147 0.1289 0.1985 0.1745 0.1531 0.1993 0.1773 0.1989
-5.000 -2.000 30 0.1046 0.0899 0.1126 0.0708 0.0956 0.1242 0.0479 0.0751 0.1057 0.1389 0.0229 0.0526 0.0857 0.1204 0.1563 0.0 0.0316 0.0656 0.1014 0.1385 0.1749 0.0192 0.0207 0.0495 0.084 0.1212 0.1587 0.193 0.036 0.0275 0.0422 0.0715 0.1068 0.1442 0.18 0.2099 0.0424 0.0458 0.0665 0.0973 0.1333 0.1694 0.2015 0.0578 0.0699 0.0944 0.1269 0.1617 0.1941 0.0803 0.0979 0.1255 0.1576 0.1889 0.1063 0.1282 0.1563 0.1863 0.1332 0.1568 0.1841 0.1579 0.1824 0.1794
-3.000 -2.000 24 0.0857 0.07 0.0883 0.0527 0.0693 0.0958 0.0343 0.0479 0.0756 0.1081 0.0236 0.024 0.0542 0.0886 0.1243 0.0316 0.0 0.0339 0.0696 0.1065 0.1427 0.0463 0.0221 0.0232 0.0543 0.0905 0.1274 0.1611 0.062 0.0421 0.0317 0.0476 0.0789 0.1146 0.1492 0.1783 0.0619 0.0492 0.0525 0.0747 0.1064 0.1404 0.171 0.0699 0.0663 0.0791 0.1043 0.1352 0.1653 0.0857 0.0909 0.1088 0.1348 0.1625 0.1072 0.1186 0.1389 0.1628 0.1308 0.146 0.1655 0.1533 0.1696 0.1741
-1.000 -2.000 18 0.0749 0.0625 0.0703 0.0521 0.0519 0.0705 0.0482 0.0341 0.0484 0.0776 0.0538 0.0243 0.0246 0.0559 0.091 0.0656 0.0339 0.0 0.0356 0.0725 0.1084 0.079 0.0518 0.0242 0.0251 0.0576 0.0935 0.1266 0.0937 0.0707 0.0474 0.0352 0.0516 0.083 0.1159 0.1439 0.0908 0.0704 0.0554 0.0579 0.0797 0.1094 0.1379 0.0942 0.079 0.0739 0.0853 0.1085 0.1345 0.104 0.0957 0.0989 0.1142 0.1354 0.1191 0.1176 0.1254 0.1408 0.1371 0.1402 0.15 0.1557 0.1602 0.1715
1.000 -2.000 18 0.0762 0.07 0.0642 0.0698 0.0526 0.0535 0.0765 0.0485 0.0348 0.0497 0.0881 0.0551 0.025 0.0254 0.0568 0.1014 0.0696 0.0356 0.0 0.0366 0.0721 0.1145 0.0868 0.056 0.0258 0.0262 0.0582 0.0901 0.129 0.1051 0.0783 0.0516 0.0373 0.053 0.0814 0.1077 0.1255 0.1017 0.0776 0.0596 0.0602 0.0793 0.1037 0.1268 0.1046 0.0857 0.0777 0.0859 0.1042 0.1324 0.1135 0.1012 0.1004 0.1108 0.1413 0.127 0.1205 0.1227 0.1523 0.1423 0.1388 0.1629 0.1568 0.1732
3.000 -2.000 24 0.0891 0.09 0.0727 0.0969 0.0714 0.054 0.1091 0.0775 0.0497 0.0352 0.124 0.0902 0.0566 0.0255 0.025 0.1385 0.1065 0.0725 0.0366 0.0 0.035 0.1517 0.1238 0.0924 0.0584 0.0261 0.0255 0.0534 0.1664 0.142 0.114 0.0831 0.0531 0.0369 0.0496 0.0716 0.163 0.1376 0.1094 0.0809 0.0597 0.0574 0.0714 0.1634 0.1372 0.11 0.0866 0.075 0.0786 0.166 0.1402 0.1158 0.0985 0.0931 0.1695 0.1455 0.1249 0.1129 0.173 0.1518 0.1349 0.176 0.1569 0.1782
5.000 -2.000 30 0.1082 0.1149 0.0916 0.1265 0.098 0.0711 0.1421 0.1093 0.0775 0.0481 0.1593 0.1251 0.0906 0.0557 0.0238 0.1749 0.1427 0.1084 0.0721 0.035 0.0 0.1883 0.1602 0.1282 0.0932 0.0567 0.024 0.0217 0.2033 0.1785 0.1496 0.1168 0.082 0.0497 0.0324 0.0405 0.2002 0.1735 0.1428 0.1094 0.0771 0.0537 0.0482 0.1997 0.1707 0.1385 0.1061 0.0792 0.0646 0.1997 0.1689 0.1365 0.1072 0.0864 0.1987 0.1669 0.1362 0.1109 0.1953 0.1643 0.1366 0.1901 0.161 0.183
-6.000 -1.000 36 0.1257 0.1106 0.1331 0.0917 0.1153 0.1433 0.0675 0.0941 0.1237 0.1564 0.0421 0.0697 0.1015 0.1356 0.1714 0.0192 0.0463 0.079 0.1145 0.1517 0.1883 0.0 0.0275 0.0592 0.0946 0.1326 0.1709 0.2059 0.0172 0.0187 0.0453 0.0786 0.1159 0.1547 0.1916 0.2224 0.0263 0.0403 0.0686 0.1037 0.1419 0.1795 0.2125 0.0458 0.066 0.0967 0.1331 0.1706 0.2047 0.0706 0.0951 0.1279 0.1636 0.1976 0.0982 0.1256 0.1583 0.1911 0.1253 0.1539 0.1856 0.1499 0.1789 0.1722
-4.000 -1.000 30 0.1086 0.0931 0.1119 0.0739 0.0929 0.1189 0.0524 0.0706 0.098 0.1299 0.0316 0.0463 0.075 0.1084 0.1438 0.0207 0.0221 0.0518 0.0868 0.1238 0.1602 0.0275 0.0 0.0317 0.0669 0.1047 0.1428 0.1775 0.0419 0.0202 0.0217 0.052 0.0886 0.1269 0.1633 0.1937 0.0403 0.0305 0.0464 0.0779 0.1147 0.1514 0.1838 0.0491 0.0524 0.0748 0.1076 0.1432 0.1763 0.0674 0.0799 0.106 0.1382 0.1701 0.0912 0.1098 0.1367 0.1659 0.1164 0.138 0.1635 0.1411 0.1622 0.1618
-2.000 -1.000 24 0.0959 0.0817 0.0941 0.0672 0.0745 0.0956 0.0536 0.054 0.0731 0.1022 0.0467 0.0339 0.0491 0.0792 0.1134 0.0495 0.0232 0.0242 0.056 0.0924 0.1282 0.0592 0.0317 0.0 0.0352 0.0727 0.1105 0.1447 0.0731 0.0487 0.0232 0.0246 0.0576 0.0949 0.1307 0.1605 0.0687 0.0464 0.0348 0.0519 0.0845 0.1195 0.1509 0.0705 0.0558 0.0588 0.0816 0.1132 0.1443 0.0801 0.0755 0.0876 0.1122 0.1402 0.0965 0.1006 0.1172 0.1399 0.117 0.1258 0.1432 0.1369 0.1491 0.155
0.000 -1.000 18 0.0928 0.0824 0.0837 0.0753 0.068 0.0771 0.0731 0.0549 0.0557 0.0757 0.0765 0.0493 0.0356 0.0513 0.0814 0.084 0.0543 0.0251 0.0258 0.0584 0.0932 0.0946 0.0669 0.0352 0.0 0.0373 0.0747 0.1083 0.1086 0.0836 0.055 0.0258 0.0266 0.06 0.0946 0.1236 0.1037 0.0779 0.0519 0.038 0.0546 0.0852 0.1149 0.103 0.079 0.0612 0.0624 0.0831 0.1101 0.1068 0.0881 0.0807 0.0897 0.1101 0.1155 0.1038 0.104 0.1159 0.1271 0.1226 0.126 0.1407 0.1397 0.1541
2.000 -1.000 24 0.0994 0.0956 0.0852 0.0964 0.077 0.07 0.102 0.0748 0.0566 0.0568 0.1111 0.0798 0.0513 0.0366 0.0512 0.1212 0.0905 0.0576 0.0262 0.0261 0.0567 0.1326 0.1047 0.0727 0.0373 0.0 0.0369 0.0699 0.147 0.1217 0.0924 0.0594 0.0269 0.0267 0.0572 0.0851 0.1424 0.1152 0.0849 0.0548 0.0386 0.0529 0.0781 0.1408 0.1126 0.084 0.0626 0.061 0.0772 0.1413 0.1141 0.0907 0.0794 0.0842 0.1434 0.1199 0.1031 0.0985 0.1471 0.128 0.1175 0.1519 0.1372 0.156
4.000 -1.000 30 0.1145 0.1165 0.0978 0.1233 0.0978 0.0775 0.1343 0.1034 0.0756 0.0557 0.1468 0.1138 0.0812 0.0511 0.035 0.1587 0.1274 0.0935 0.0582 0.0255 0.024 0.1709 0.1428 0.1105 0.0747 0.0369 0.0 0.0324 0.1858 0.1602 0.1303 0.0961 0.0595 0.0257 0.024 0.0481 0.1815 0.1533 0.121 0.086 0.053 0.0354 0.0456 0.1796 0.1488 0.115 0.082 0.0582 0.0536 0.1774 0.1452 0.1125 0.0851 0.0708 0.1743 0.1428 0.1137 0.093 0.1704 0.1414 0.1169 0.1662 0.1409 0.1622
6.000 -1.000 36 0.1314 0.1387 0.1145 0.1501 0.1213 0.0941 0.1647 0.1321 0.1005 0.0703 0.1795 0.1456 0.1113 0.0769 0.0457 0.193 0.1611 0.1266 0.0901 0.0534 0.0217 0.2059 0.1775 0.1447 0.1083 0.0699 0.0324 0.0 0.2212 0.1952 0.1647 0.1296 0.0915 0.0535 0.0216 0.0187 0.2169 0.1878 0.1541 0.1166 0.0787 0.0456 0.0284 0.2145 0.1817 0.1449 0.1066 0.0719 0.048 0.2099 0.1742 0.1361 0.1 0.0715 0.2022 0.1653 0.1284 0.097 0.1924 0.1555 0.1223 0.1803 0.146 0.1681
-7.000 0.000 42 0.1439 0.1275 0.1509 0.1082 0.1319 0.1598 0.0841 0.1102 0.1395 0.1721 0.0586 0.0857 0.1169 0.1509 0.1869 0.036 0.062 0.0937 0.129 0.1664 0.2033 0.0172 0.0419 0.0731 0.1086 0.147 0.1858 0.2212 0.0 0.0263 0.0567 0.0915 0.1301 0.17 0.2078 0.2393 0.0189 0.0456 0.0788 0.1165 0.1566 0.1955 0.2295 0.0418 0.0707 0.1064 0.1457 0.1851 0.2204 0.068 0.0995 0.1369 0.1759 0.2121 0.0958 0.1289 0.166 0.202 0.1223 0.1557 0.1904 0.1456 0.1789 0.1664
-5.000 0.000 36 0.1286 0.1128 0.1325 0.0936 0.1133 0.1395 0.0704 0.0911 0.1181 0.1499 0.0468 0.0663 0.0948 0.1278 0.1633 0.0275 0.0421 0.0707 0.1051 0.142 0.1785 0.0187 0.0202 0.0487 0.0836 0.1217 0.1602 0.1952 0.0263 0.0 0.0305 0.0653 0.1038 0.1435 0.181 0.2121 0.0204 0.0218 0.0522 0.0893 0.1291 0.1677 0.2014 0.0316 0.0476 0.0798 0.1179 0.1565 0.1915 0.0541 0.0768 0.1107 0.1479 0.1831 0.0805 0.1072 0.1406 0.1744 0.1077 0.1352 0.1662 0.1319 0.1589 0.1526
-3.000 0.000 30 0.1172 0.1013 0.1166 0.0844 0.097 0.1192 0.0658 0.0749 0.0968 0.1259 0.0498 0.0521 0.0724 0.1025 0.1364 0.0422 0.0317 0.0474 0.0783 0.114 0.1496 0.0453 0.0217 0.0232 0.055 0.0924 0.1303 0.1647 0.0567 0.0305 0.0 0.0348 0.0731 0.1125 0.1496 0.1802 0.0488 0.0233 0.0248 0.0586 0.0974 0.1356 0.1688 0.0476 0.0358 0.0534 0.0873 0.1244 0.1586 0.0574 0.0606 0.0842 0.1176 0.1509 0.0766 0.0889 0.115 0.1448 0.0992 0.1171 0.1414 0.1213 0.1407 0.1422
-1.000 0.000 24 0.1113 0.0987 0.1051 0.0865 0.0872 0.1016 0.0764 0.0694 0.079 0.1018 0.0708 0.0544 0.0561 0.0771 0.1072 0.0715 0.0476 0.0352 0.0516 0.0831 0.1168 0.0786 0.052 0.0246 0.0258 0.0594 0.0961 0.1296 0.0915 0.0653 0.0348 0.0 0.038 0.077 0.1136 0.1436 0.0842 0.0556 0.0262 0.0273 0.0622 0.0993 0.1318 0.08 0.0534 0.0394 0.057 0.0895 0.122 0.0812 0.0633 0.065 0.0869 0.1162 0.0892 0.0828 0.0927 0.1147 0.1032 0.1049 0.1185 0.1199 0.1253 0.1351
1.000 0.000 24 0.1138 0.1056 0.1023 0.1009 0.0891 0.0905 0.0993 0.0796 0.0724 0.0815 0.1013 0.0757 0.0577 0.0585 0.0782 0.1068 0.0789 0.0516 0.0373 0.0531 0.082 0.1159 0.0886 0.0576 0.0266 0.0269 0.0595 0.0915 0.1301 0.1038 0.0731 0.038 0.0 0.0386 0.0745 0.104 0.1237 0.0942 0.061 0.0279 0.028 0.0608 0.0923 0.1189 0.0879 0.0572 0.0406 0.0561 0.0841 0.1162 0.0872 0.0656 0.0645 0.0823 0.1165 0.0935 0.083 0.0886 0.1204 0.105 0.1016 0.1264 0.1184 0.1346
3.000 0.000 30 0.1244 0.1218 0.1084 0.1235 0.103 0.0906 0.1288 0.102 0.0812 0.0723 0.136 0.1061 0.0782 0.0583 0.0569 0.1442 0.1146 0.083 0.053 0.0369 0.0497 0.1547 0.1269 0.0949 0.06 0.0267 0.0257 0.0535 0.17 0.1435 0.1125 0.077 0.0386 0.0 0.0354 0.0642 0.1644 0.1343 0.0999 0.0624 0.0273 0.026 0.0535 0.1594 0.1264 0.0905 0.0564 0.0382 0.0501 0.1545 0.1204 0.0866 0.0622 0.0582 0.149 0.1169 0.0895 0.0756 0.1443 0.1169 0.0969 0.1413 0.1188 0.1399
5.000 0.000 36 0.1386 0.1417 0.1214 0.1488 0.1228 0.1008 0.159 0.1284 0.1006 0.0773 0.1699 0.1378 0.1058 0.0755 0.0535 0.18 0.1492 0.1159 0.0814 0.0496 0.0324 0.1916 0.1633 0.1307 0.0946 0.0572 0.024 0.0216 0.2078 0.181 0.1496 0.1136 0.0745 0.0354 0.0 0.0284 0.2025 0.1719 0.1365 0.0976 0.058 0.024 0.0215 0.1973 0.1628 0.1244 0.085 0.0502 0.0322 0.1905 0.1532 0.1141 0.0781 0.0532 0.1804 0.1429 0.1066 0.0775 0.1688 0.1335 0.1025 0.1572 0.126 0.1469
7.000 0.000 42 0.1523 0.1604 0.1343 0.1708 0.1416 0.1135 0.1847 0.152 0.1204 0.0898 0.1985 0.1649 0.1308 0.0966 0.0646 0.2099 0.1783 0.1439 0.1077 0.0716 0.0405 0.2224 0.1937 0.1605 0.1236 0.0851 0.0481 0.0187 0.2393 0.2121 0.1802 0.1436 0.104 0.0642 0.0284 0.0 0.2341 0.2028 0.1666 0.1266 0.0857 0.0479 0.0185 0.2283 0.1926 0.1526 0.1108 0.0715 0.0398 0.2197 0.1803 0.1381 0.0975 0.0631 0.2057 0.1648 0.1237 0.0874 0.1883 0.1483 0.1111 0.1706 0.133 0.153
-6.000 1.000 36 0.1481 0.1313 0.1527 0.1117 0.1328 0.1601 0.0879 0.1104 0.1382 0.1705 0.0637 0.0857 0.1147 0.1483 0.1842 0.0424 0.0619 0.0908 0.1255 0.163 0.2002 0.0263 0.0403 0.0687 0.1037 0.1424 0.1815 0.2169 0.0189 0.0204 0.0488 0.0842 0.1237 0.1644 0.2025 0.2341 0.0 0.0316 0.0674 0.1071 0.1488 0.1889 0.2237 0.0228 0.0544 0.0928 0.1343 0.1753 0.2119 0.0489 0.0818 0.1212 0.1618 0.1993 0.0761 0.1104 0.1489 0.1864 0.1025 0.1363 0.1719 0.1256 0.1577 0.145
-4.000 1.000 30 0.1372 0.1212 0.1382 0.1024 0.1183 0.1422 0.0814 0.0959 0.1196 0.1496 0.0605 0.072 0.0952 0.126 0.1602 0.0458 0.0492 0.0704 0.1017 0.1376 0.1735 0.0403 0.0305 0.0464 0.0779 0.1152 0.1533 0.1878 0.0456 0.0218 0.0233 0.0556 0.0942 0.1343 0.1719 0.2028 0.0316 0.0 0.0358 0.0754 0.1169 0.1566 0.1909 0.0243 0.0258 0.0608 0.1015 0.142 0.1782 0.0368 0.0548 0.0899 0.1289 0.1655 0.0604 0.0844 0.1191 0.1544 0.0857 0.1125 0.1438 0.11 0.1357 0.1304
-2.000 1.000 24 0.1309 0.1164 0.1275 0.1012 0.108 0.126 0.0856 0.0878 0.1031 0.1278 0.0728 0.0678 0.0791 0.1032 0.1336 0.0665 0.0525 0.0554 0.0776 0.1094 0.1428 0.0686 0.0464 0.0348 0.0519 0.0849 0.121 0.1541 0.0788 0.0522 0.0248 0.0262 0.061 0.0999 0.1365 0.1666 0.0674 0.0358 0.0 0.0394 0.0805 0.1197 0.1535 0.0577 0.0272 0.0284 0.0651 0.1045 0.1401 0.0548 0.0407 0.059 0.0933 0.1282 0.0634 0.0657 0.0887 0.1199 0.0808 0.0916 0.1152 0.1 0.1153 0.1181
0.000 1.000 18 0.1311 0.1198 0.1219 0.1101 0.1059 0.1135 0.102 0.0911 0.093 0.1078 0.0971 0.0797 0.0733 0.0837 0.1061 0.0973 0.0747 0.0579 0.0596 0.0809 0.1094 0.1037 0.0779 0.0519 0.038 0.0548 0.086 0.1166 0.1165 0.0893 0.0586 0.0273 0.0279 0.0624 0.0976 0.1266 0.1071 0.0754 0.0394 0.0 0.0406 0.0793 0.1125 0.0978 0.0635 0.0292 0.0294 0.0645 0.099 0.0903 0.0591 0.0424 0.059 0.0891 0.0877 0.0669 0.0665 0.0856 0.092 0.0832 0.0899 0.1016 0.1002 0.1134
2.000 1.000 24 0.1373 0.1313 0.1237 0.128 0.1133 0.1088 0.1273 0.1064 0.0941 0.0941 0.1289 0.1037 0.0835 0.0751 0.0826 0.1333 0.1064 0.0797 0.0602 0.0597 0.0771 0.1419 0.1147 0.0845 0.0546 0.0386 0.053 0.0787 0.1566 0.1291 0.0974 0.0622 0.028 0.0273 0.058 0.0857 0.1488 0.1169 0.0805 0.0406 0.0 0.0382 0.0708 0.14 0.1045 0.0657 0.029 0.0279 0.0582 0.1305 0.0941 0.0592 0.0405 0.0537 0.1221 0.0889 0.0647 0.0611 0.1164 0.0904 0.0775 0.1147 0.0967 0.1156
4.000 1.000 30 0.1487 0.1477 0.1322 0.1504 0.1285 0.1123 0.1557 0.1287 0.1064 0.0912 0.1621 0.1327 0.1049 0.082 0.0704 0.1694 0.1404 0.1094 0.0793 0.0574 0.0537 0.1795 0.1514 0.1195 0.0852 0.0529 0.0354 0.0456 0.1955 0.1677 0.1356 0.0993 0.0608 0.026 0.024 0.0479 0.1889 0.1566 0.1197 0.0793 0.0382 0.0 0.0322 0.1803 0.1439 0.1036 0.0623 0.0262 0.0239 0.1692 0.1304 0.09 0.0539 0.0351 0.1566 0.1182 0.0819 0.0566 0.1434 0.1088 0.0803 0.1323 0.1035 0.1241
6.000 1.000 36 0.161 0.1652 0.1425 0.1727 0.1453 0.1213 0.1819 0.1513 0.1229 0.0974 0.1919 0.1601 0.1283 0.0978 0.0721 0.2015 0.171 0.1379 0.1037 0.0714 0.0482 0.2125 0.1838 0.1509 0.1149 0.0781 0.0456 0.0284 0.2295 0.2014 0.1688 0.1318 0.0923 0.0535 0.0215 0.0185 0.2237 0.1909 0.1535 0.1125 0.0708 0.0322 0.0 0.2149 0.1777 0.1363 0.0935 0.0533 0.0212 0.2021 0.1617 0.1189 0.078 0.0443 0.186 0.1446 0.1037 0.0682 0.1671 0.1278 0.0919 0.1487 0.1136 0.1328
-5.000 2.000 30 0.1579 0.1414 0.1608 0.122 0.1405 0.1662 0.0996 0.1177 0.1434 0.1746 0.0767 0.0931 0.119 0.151 0.186 0.0578 0.0699 0.0942 0.1268 0.1634 0.1997 0.0458 0.0491 0.0705 0.103 0.1408 0.1796 0.2145 0.0418 0.0316 0.0476 0.08 0.1189 0.1594 0.1973 0.2283 0.0228 0.0243 0.0577 0.0978 0.14 0.1803 0.2149 0.0 0.0368 0.0777 0.1209 0.163 0.2001 0.0258 0.0609 0.1025 0.1447 0.1831 0.0526 0.0873 0.127 0.1653 0.0781 0.1122 0.1484 0.1012 0.1328 0.1204
-3.000 2.000 24 0.152 0.136 0.1504 0.1188 0.1305 0.1512 0.0995 0.1089 0.128 0.1548 0.082 0.0865 0.1034 0.1301 0.1615 0.0699 0.0663 0.079 0.1046 0.1372 0.1707 0.066 0.0524 0.0558 0.079 0.1126 0.1488 0.1817 0.0707 0.0476 0.0358 0.0534 0.0879 0.1264 0.1628 0.1926 0.0544 0.0258 0.0272 0.0635 0.1045 0.1439 0.1777 0.0368 0.0 0.0407 0.0835 0.1252 0.1618 0.0273 0.0287 0.0661 0.1072 0.145 0.0395 0.0579 0.0928 0.1292 0.0616 0.0848 0.1167 0.0839 0.1081 0.1042
-1.000 2.000 18 0.1504 0.1371 0.1439 0.1238 0.1259 0.1385 0.1108 0.1077 0.1166 0.1353 0.0995 0.0911 0.0944 0.1107 0.1352 0.0944 0.0791 0.0739 0.0857 0.11 0.1385 0.0967 0.0748 0.0588 0.0612 0.084 0.115 0.1449 0.1064 0.0798 0.0534 0.0394 0.0572 0.0905 0.1244 0.1526 0.0928 0.0608 0.0284 0.0292 0.0657 0.1036 0.1363 0.0777 0.0407 0.0 0.0424 0.0835 0.1195 0.0639 0.0297 0.0302 0.0668 0.1033 0.0579 0.0422 0.0594 0.0907 0.0638 0.0645 0.0846 0.0776 0.0859 0.0927
1.000 2.000 18 0.1541 0.1446 0.1427 0.137 0.1289 0.1305 0.1308 0.1169 0.1126 0.1192 0.1268 0.1079 0.0967 0.0977 0.1105 0.1269 0.1043 0.0853 0.0777 0.0866 0.1061 0.1331 0.1076 0.0816 0.0624 0.0626 0.082 0.1066 0.1457 0.1179 0.0873 0.057 0.0406 0.0564 0.085 0.1108 0.1343 0.1015 0.0651 0.0294 0.029 0.0623 0.0935 0.1209 0.0835 0.0424 0.0 0.0405 0.076 0.106 0.0673 0.03 0.0291 0.0614 0.0932 0.0595 0.0413 0.0553 0.086 0.0637 0.0611 0.086 0.0752 0.0913
3.000 2.000 24 0.1621 0.1575 0.1465 0.1558 0.139 0.1291 0.1561 0.1339 0.1179 0.1105 0.1577 0.1324 0.1105 0.0961 0.0929 0.1617 0.1352 0.1085 0.0859 0.075 0.0792 0.1706 0.1432 0.1132 0.0831 0.061 0.0582 0.0719 0.1851 0.1565 0.1244 0.0895 0.0561 0.0382 0.0502 0.0715 0.1753 0.142 0.1045 0.0645 0.0279 0.0262 0.0533 0.163 0.1252 0.0835 0.0405 0.0 0.0351 0.1472 0.107 0.0649 0.0276 0.0255 0.1303 0.0913 0.0554 0.0365 0.1158 0.0816 0.0573 0.1051 0.079 0.0993
5.000 2.000 30 0.1712 0.1726 0.1539 0.1761 0.1523 0.1333 0.1816 0.1537 0.1297 0.1099 0.1872 0.1581 0.1298 0.1047 0.0863 0.1941 0.1653 0.1345 0.1042 0.0786 0.0646 0.2047 0.1763 0.1443 0.1101 0.0772 0.0536 0.048 0.2204 0.1915 0.1586 0.122 0.0841 0.0501 0.0322 0.0398 0.2119 0.1782 0.1401 0.099 0.0582 0.0239 0.0212 0.2001 0.1618 0.1195 0.076 0.0351 0.0 0.1832 0.142 0.0985 0.0568 0.023 0.1631 0.1218 0.081 0.0467 0.1432 0.1045 0.0698 0.1249 0.0915 0.1105
-4.000 3.000 24 0.174 0.1575 0.1745 0.1387 0.1541 0.1774 0.1174 0.1315 0.1539 0.1827 0.0962 0.108 0.1291 0.1579 0.1904 0.0803 0.0857 0.104 0.1324 0.166 0.1997 0.0706 0.0674 0.0801 0.1068 0.1413 0.1774 0.2099 0.068 0.0541 0.0574 0.0812 0.1162 0.1545 0.1905 0.2197 0.0489 0.0368 0.0548 0.0903 0.1305 0.1692 0.2021 0.0258 0.0273 0.0639 0.106 0.1472 0.1832 0.0 0.0395 0.082 0.1244 0.1626 0.0265 0.0621 0.1025 0.1408 0.0516 0.0848 0.1207 0.074 0.1046 0.0932
-2.000 3.000 18 0.1718 0.1568 0.1679 0.1409 0.1484 0.165 0.124 0.1282 0.1421 0.164 0.1086 0.1078 0.1186 0.1391 0.1654 0.0979 0.0909 0.0957 0.1135 0.1402 0.1689 0.0951 0.0799 0.0755 0.0881 0.1141 0.1452 0.1742 0.0995 0.0768 0.0606 0.0633 0.0872 0.1204 0.1532 0.1803 0.0818 0.0548 0.0407 0.0591 0.0941 0.1304 0.1617 0.0609 0.0287 0.0297 0.0673 0.107 0.142 0.0395 0.0 0.0422 0.084 0.1216 0.0278 0.0288 0.0648 0.1019 0.0383 0.0553 0.0864 0.0575 0.0776 0.0762
0.000 3.000 12 0.1736 0.1616 0.1644 0.1503 0.1482 0.1552 0.1392 0.1325 0.1351 0.1467 0.13 0.1186 0.1156 0.1238 0.1402 0.1255 0.1088 0.0989 0.1012 0.1158 0.1365 0.1279 0.106 0.0876 0.0807 0.0907 0.1125 0.1361 0.1369 0.1107 0.0842 0.065 0.0656 0.0866 0.1141 0.1381 0.1212 0.0899 0.059 0.0424 0.0592 0.09 0.1189 0.1025 0.0661 0.0302 0.03 0.0649 0.0985 0.082 0.0422 0.0 0.0413 0.0782 0.0641 0.0291 0.0287 0.0614 0.0553 0.0392 0.0535 0.0583 0.0573 0.0683
2.000 3.000 18 0.1782 0.171 0.1649 0.1652 0.1535 0.1498 0.1605 0.1442 0.1349 0.1339 0.1573 0.1374 0.1223 0.116 0.119 0.1576 0.1348 0.1142 0.1004 0.0985 0.1072 0.1636 0.1382 0.1122 0.0897 0.0794 0.0851 0.1 0.1759 0.1479 0.1176 0.0869 0.0645 0.0622 0.0781 0.0975 0.1618 0.1289 0.0933 0.059 0.0405 0.0539 0.078 0.1447 0.1072 0.0668 0.0291 0.0276 0.0568 0.1244 0.084 0.0413 0.0 0.0365 0.1036 0.064 0.0276 0.0258 0.0865 0.0535 0.0358 0.0763 0.0547 0.0735
4.000 3.000 24 0.185 0.1822 0.1686 0.1826 0.163 0.1488 0.1836 0.1599 0.1412 0.1276 0.1854 0.1595 0.1361 0.1171 0.106 0.1889 0.1625 0.1354 0.1108 0.0931 0.0864 0.1976 0.1701 0.1402 0.1101 0.0842 0.0708 0.0715 0.2121 0.1831 0.1509 0.1162 0.0823 0.0582 0.0532 0.0631 0.1993 0.1655 0.1282 0.0891 0.0537 0.0351 0.0443 0.1831 0.145 0.1033 0.0614 0.0255 0.023 0.1626 0.1216 0.0782 0.0365 0.0 0.1392 0.0982 0.0575 0.0235 0.117 0.0793 0.0464 0.0992 0.0676 0.0867
-3.000 4.000 18 0.1939 0.1774 0.192 0.1598 0.1717 0.1913 0.1398 0.1499 0.168 0.1925 0.1209 0.1275 0.1435 0.1672 0.195 0.1063 0.1072 0.1191 0.1413 0.1695 0.1987 0.0982 0.0912 0.0965 0.1155 0.1434 0.1743 0.2022 0.0958 0.0805 0.0766 0.0892 0.1165 0.149 0.1804 0.2057 0.0761 0.0604 0.0634 0.0877 0.1221 0.1566 0.186 0.0526 0.0395 0.0579 0.0932 0.1303 0.1631 0.0265 0.0278 0.0641 0.1036 0.1392 0.0 0.0383 0.0781 0.1151 0.0249 0.0576 0.0929 0.047 0.0758 0.0659
-1.000 4.000 12 0.1945 0.1808 0.1876 0.1663 0.1697 0.1812 0.1513 0.1512 0.1595 0.1751 0.1373 0.1333 0.1378 0.1512 0.1702 0.1282 0.1186 0.1176 0.127 0.1455 0.1669 0.1256 0.1098 0.1006 0.1038 0.1199 0.1428 0.1653 0.1289 0.1072 0.0889 0.0828 0.0935 0.1169 0.1429 0.1648 0.1104 0.0844 0.0657 0.0669 0.0889 0.1182 0.1446 0.0873 0.0579 0.0422 0.0595 0.0913 0.1218 0.0621 0.0288 0.0291 0.064 0.0982 0.0383 0.0 0.0392 0.0755 0.0259 0.0262 0.0573 0.0343 0.0483 0.0501
1.000 4.000 12 0.1971 0.1868 0.1859 0.1777 0.1716 0.1729 0.1684 0.1582 0.1556 0.1595 0.1604 0.1468 0.139 0.1394 0.147 0.1563 0.1389 0.1254 0.1205 0.1249 0.1362 0.1583 0.1367 0.1172 0.104 0.1031 0.1137 0.1284 0.166 0.1406 0.115 0.0927 0.083 0.0895 0.1066 0.1237 0.1489 0.1191 0.0887 0.0665 0.0647 0.0819 0.1037 0.127 0.0928 0.0594 0.0413 0.0554 0.081 0.1025 0.0648 0.0287 0.0276 0.0575 0.0781 0.0392 0.0 0.0358 0.0583 0.0257 0.0245 0.0483 0.0331 0.0492
3.000 4.000 18 0.2011 0.1953 0.1854 0.1912 0.177 0.1679 0.1883 0.1697 0.1561 0.1487 0.1858 0.1645 0.1469 0.1345 0.1289 0.1863 0.1628 0.1408 0.1227 0.1129 0.1109 0.1911 0.1659 0.1399 0.1159 0.0985 0.093 0.097 0.202 0.1744 0.1448 0.1147 0.0886 0.0756 0.0775 0.0874 0.1864 0.1544 0.1199 0.0856 0.0611 0.0566 0.0682 0.1653 0.1292 0.0907 0.0553 0.0365 0.0467 0.1408 0.1019 0.0614 0.0258 0.0235 0.1151 0.0755 0.0358 0.0 0.0913 0.0546 0.0227 0.0731 0.0438 0.0624
-2.000 5.000 12 0.2143 0.1991 0.2102 0.1827 0.1904 0.2057 0.1641 0.17 0.1832 0.2016 0.1464 0.1495 0.1596 0.1772 0.1985 0.1332 0.1308 0.1371 0.1523 0.173 0.1953 0.1253 0.1164 0.117 0.1271 0.1471 0.1704 0.1924 0.1223 0.1077 0.0992 0.1032 0.1204 0.1443 0.1688 0.1883 0.1025 0.0857 0.0808 0.092 0.1164 0.1434 0.1671 0.0781 0.0616 0.0638 0.086 0.1158 0.1432 0.0516 0.0383 0.0553 0.0865 0.117 0.0249 0.0259 0.0583 0.0913 0.0 0.0343 0.0679 0.022 0.0499 0.0408
0.000 5.000 6 0.2167 0.2039 0.2069 0.1911 0.191 0.1963 0.1781 0.1742 0.177 0.1856 0.1655 0.1584 0.158 0.1635 0.1745 0.1568 0.146 0.1402 0.1423 0.1518 0.1643 0.1539 0.138 0.1258 0.1226 0.128 0.1414 0.1555 0.1557 0.1352 0.1171 0.1049 0.105 0.1169 0.1335 0.1483 0.1363 0.1125 0.0916 0.0832 0.0904 0.1088 0.1278 0.1122 0.0848 0.0645 0.0637 0.0816 0.1045 0.0848 0.0553 0.0392 0.0535 0.0793 0.0576 0.0262 0.0257 0.0546 0.0343 0.0 0.0331 0.0224 0.022 0.0289
2.000 5.000 12 0.2176 0.2099 0.2043 0.2022 0.1923 0.1889 0.1944 0.1819 0.1739 0.1711 0.1879 0.1722 0.1603 0.1546 0.1531 0.1841 0.1655 0.15 0.1388 0.1349 0.1366 0.1856 0.1635 0.1432 0.126 0.1175 0.1169 0.1223 0.1904 0.1662 0.1414 0.1185 0.1016 0.0969 0.1025 0.1111 0.1719 0.1438 0.1152 0.0899 0.0775 0.0803 0.0919 0.1484 0.1167 0.0846 0.0611 0.0573 0.0698 0.1207 0.0864 0.0535 0.0358 0.0464 0.0929 0.0573 0.0245 0.0227 0.0679 0.0331 0.0 0.049 0.0209 0.0395
-1.000 6.000 6 0.2336 0.2198 0.226 0.204 0.2083 0.2184 0.187 0.1898 0.1968 0.2091 0.1709 0.1705 0.1758 0.1865 0.1993 0.1579 0.1533 0.1557 0.1629 0.176 0.1901 0.1499 0.1411 0.1369 0.1407 0.1519 0.1662 0.1803 0.1456 0.1319 0.1213 0.1199 0.1264 0.1413 0.1572 0.1706 0.1256 0.11 0.1 0.1016 0.1147 0.1323 0.1487 0.1012 0.0839 0.0776 0.086 0.1051 0.1249 0.074 0.0575 0.0583 0.0763 0.0992 0.047 0.0343 0.0483 0.0731 0.022 0.0224 0.049 0.0 0.0289 0.0188
1.000 6.000 6 0.2346 0.2235 0.2233 0.2134 0.2086 0.2089 0.2014 0.1941 0.1925 0.1932 0.1899 0.1811 0.1755 0.1747 0.1773 0.1824 0.1696 0.1602 0.1568 0.1569 0.161 0.1789 0.1622 0.1491 0.1397 0.1372 0.1409 0.146 0.1789 0.1589 0.1407 0.1253 0.1184 0.1188 0.126 0.133 0.1577 0.1357 0.1153 0.1002 0.0967 0.1035 0.1136 0.1328 0.1081 0.0859 0.0752 0.079 0.0915 0.1046 0.0776 0.0573 0.0547 0.0676 0.0758 0.0483 0.0331 0.0438 0.0499 0.022 0.0209 0.0289 0.0 0.0185
0.000 7.000 0 0.25 0.2365 0.2394 0.2224 0.2237 0.2272 0.2076 0.2062 0.2088 0.2142 0.192 0.1888 0.1902 0.1933 0.1989 0.1794 0.1741 0.1715 0.1732 0.1782 0.183 0.1722 0.1618 0.155 0.1541 0.156 0.1622 0.1681 0.1664 0.1526 0.1422 0.1351 0.1346 0.1399 0.1469 0.153 0.145 0.1304 0.1181 0.1134 0.1156 0.1241 0.1328 0.1204 0.1042 0.0927 0.0913 0.0993 0.1105 0.0932 0.0762 0.0683 0.0735 0.0867 0.0659 0.0501 0.0492 0.0624 0.0408 0.0289 0.0395 0.0188 0.0185 0.0