n 64
m 3
tmax 26.7
Vcpm 1.2
R 0.8
dmax 32.04
0.000 -7.000 0 0.0 0.0137 0.0184 0.0259 0.0227 0.0442 0.0393 0.0324 0.0412 0.0761 0.0551 0.0449 0.0461 0.0653 0.1112 0.075 0.0599 0.0562 0.0656 0.0938 0.145 0.0968 0.0787 0.0702 0.0732 0.0902 0.1249 0.1761 0.1177 0.1007 0.0868 0.0855 0.0959 0.1196 0.1582 0.2055 0.1233 0.1069 0.1003 0.1063 0.1238 0.1531 0.1922 0.1293 0.1172 0.1189 0.1324 0.156 0.1887 0.1369 0.1325 0.1424 0.1627 0.1913 0.1478 0.1525 0.1699 0.196 0.1627 0.1765 0.2001 0.182 0.2028 0.2043
-1.000 -6.000 6 0.0137 0.0 0.0227 0.0126 0.0144 0.0421 0.0264 0.0195 0.0324 0.0676 0.0431 0.0314 0.034 0.0541 0.0958 0.0629 0.047 0.0429 0.0531 0.0793 0.1246 0.0849 0.0659 0.0565 0.06 0.0765 0.1078 0.1527 0.1056 0.0881 0.0737 0.0716 0.0822 0.1046 0.1392 0.1804 0.1109 0.094 0.0863 0.0919 0.109 0.1368 0.1719 0.1167 0.1036 0.1041 0.1171 0.1403 0.1714 0.1239 0.1178 0.1266 0.1465 0.1746 0.1335 0.1366 0.1528 0.1787 0.1473 0.1588 0.1821 0.165 0.1836 0.1848
1.000 -6.000 6 0.0184 0.0227 0.0 0.033 0.0186 0.0257 0.0461 0.033 0.0298 0.0574 0.0616 0.0476 0.041 0.052 0.0913 0.0816 0.0636 0.0551 0.0572 0.0793 0.1252 0.1038 0.083 0.0708 0.0691 0.0804 0.11 0.1558 0.1251 0.1053 0.0892 0.0844 0.0894 0.1089 0.1427 0.1833 0.1281 0.1099 0.1008 0.1033 0.1162 0.1413 0.1754 0.1321 0.1191 0.1185 0.1277 0.1477 0.1761 0.139 0.1335 0.1407 0.1571 0.1818 0.1495 0.1529 0.1672 0.1895 0.1646 0.176 0.1966 0.1833 0.202 0.205
-2.000 -5.000 12 0.0259 0.0126 0.033 0.0 0.0195 0.0474 0.0141 0.0139 0.0342 0.0682 0.031 0.0208 0.0303 0.0536 0.0925 0.0511 0.0353 0.0349 0.0498 0.0768 0.1183 0.0731 0.0543 0.0464 0.0534 0.0731 0.1043 0.1456 0.0937 0.0764 0.0628 0.0626 0.076 0.1009 0.1353 0.1726 0.099 0.0829 0.0761 0.0835 0.1032 0.1329 0.1681 0.1055 0.0931 0.094 0.1088 0.1345 0.1675 0.1131 0.1073 0.1162 0.138 0.1686 0.1232 0.1251 0.1422 0.1698 0.1364 0.1464 0.1705 0.1521 0.1707 0.1705
0.000 -5.000 6 0.0227 0.0144 0.0186 0.0195 0.0 0.0298 0.0316 0.0152 0.0181 0.0524 0.0478 0.0304 0.0236 0.0397 0.0793 0.0673 0.0475 0.037 0.0412 0.0648 0.1077 0.0894 0.067 0.0534 0.0513 0.0643 0.0934 0.1357 0.1108 0.0894 0.0719 0.066 0.0722 0.092 0.1247 0.1623 0.1127 0.0929 0.0827 0.0847 0.0985 0.124 0.1569 0.1158 0.1011 0.0992 0.109 0.1293 0.1583 0.1214 0.1143 0.1209 0.1376 0.1632 0.1308 0.1326 0.1465 0.1695 0.1441 0.1549 0.1748 0.1617 0.1791 0.1823
2.000 -5.000 12 0.0442 0.0421 0.0257 0.0474 0.0298 0.0 0.0586 0.0414 0.0233 0.0312 0.0742 0.0558 0.0406 0.0356 0.0645 0.0926 0.0718 0.0578 0.0494 0.06 0.097 0.1149 0.0916 0.0753 0.0666 0.0677 0.0892 0.1277 0.1367 0.114 0.0951 0.0846 0.0828 0.0939 0.1205 0.1548 0.1368 0.1165 0.104 0.1008 0.1059 0.1249 0.1522 0.1388 0.1238 0.1186 0.1223 0.1355 0.1576 0.1438 0.1363 0.1389 0.149 0.1681 0.1536 0.1538 0.1631 0.1797 0.1674 0.1751 0.1907 0.1851 0.1992 0.2051
-3.000 -4.000 18 0.0393 0.0264 0.0461 0.0141 0.0316 0.0586 0.0 0.0208 0.0434 0.0759 0.0171 0.0158 0.0351 0.061 0.0983 0.0372 0.0243 0.0329 0.054 0.0834 0.1234 0.0587 0.0417 0.0391 0.0527 0.0768 0.11 0.1506 0.0793 0.063 0.0529 0.0575 0.0758 0.1045 0.141 0.1788 0.0851 0.0718 0.0682 0.0793 0.1032 0.1364 0.1739 0.0931 0.084 0.087 0.105 0.1343 0.1708 0.1031 0.0988 0.1095 0.134 0.168 0.1145 0.1167 0.135 0.1654 0.1274 0.1378 0.1626 0.1425 0.1605 0.1603
-1.000 -4.000 12 0.0324 0.0195 0.033 0.0139 0.0152 0.0414 0.0208 0.0 0.0236 0.0576 0.0356 0.0156 0.0164 0.0413 0.0798 0.0549 0.0329 0.0237 0.0361 0.0641 0.105 0.0767 0.0529 0.0387 0.0408 0.0597 0.0913 0.1323 0.0978 0.0753 0.0571 0.0525 0.0633 0.0876 0.1223 0.1595 0.0986 0.0782 0.068 0.0724 0.0903 0.1196 0.1548 0.1012 0.0861 0.0849 0.0972 0.1215 0.1541 0.1067 0.0992 0.1066 0.1263 0.1555 0.1154 0.1172 0.132 0.158 0.1283 0.1383 0.1606 0.1451 0.1619 0.1637
1.000 -4.000 12 0.0412 0.0324 0.0298 0.0342 0.0181 0.0233 0.0434 0.0236 0.0 0.0356 0.0583 0.0371 0.0184 0.0216 0.0595 0.0774 0.054 0.0363 0.0285 0.0467 0.0866 0.0988 0.0734 0.0551 0.0445 0.0495 0.0752 0.115 0.1203 0.0958 0.0749 0.0631 0.0617 0.0766 0.1065 0.1418 0.1192 0.0965 0.0825 0.0785 0.0863 0.108 0.1386 0.1196 0.1023 0.0962 0.1004 0.116 0.1419 0.1231 0.1138 0.1157 0.1275 0.1492 0.1311 0.13 0.14 0.158 0.1439 0.1507 0.167 0.1599 0.1745 0.1794
3.000 -4.000 18 0.0761 0.0676 0.0574 0.0682 0.0524 0.0312 0.0759 0.0576 0.0356 0.0 0.0903 0.0697 0.0494 0.0266 0.0328 0.1093 0.0861 0.0664 0.0476 0.0393 0.0649 0.1301 0.1046 0.0847 0.0685 0.0571 0.0649 0.0948 0.1521 0.127 0.1052 0.0893 0.0783 0.0772 0.0946 0.1219 0.1505 0.1271 0.1108 0.1 0.0965 0.105 0.1245 0.1495 0.1318 0.1216 0.1177 0.1214 0.1355 0.1525 0.1416 0.1379 0.1407 0.1509 0.16 0.1561 0.1589 0.1678 0.1718 0.1747 0.1834 0.1872 0.1958 0.2053
-4.000 -3.000 24 0.0551 0.0431 0.0616 0.031 0.0478 0.0742 0.0171 0.0356 0.0583 0.0903 0.0 0.0243 0.0471 0.074 0.1106 0.02 0.0187 0.0394 0.0645 0.0957 0.1357 0.0412 0.0285 0.0376 0.0586 0.0869 0.1222 0.1634 0.0607 0.0473 0.0449 0.0577 0.0811 0.1134 0.1525 0.1922 0.0676 0.0601 0.0634 0.08 0.108 0.1448 0.1855 0.0789 0.0756 0.0838 0.1055 0.1386 0.1787 0.0924 0.0927 0.1065 0.1339 0.1712 0.1062 0.1115 0.1315 0.1642 0.1204 0.1319 0.1581 0.1361 0.1537 0.1525
-2.000 -3.000 18 0.0449 0.0314 0.0476 0.0208 0.0304 0.0558 0.0158 0.0156 0.0371 0.0697 0.0243 0.0 0.0237 0.0515 0.0889 0.0418 0.0175 0.0173 0.0409 0.0724 0.1131 0.0626 0.0375 0.0256 0.0373 0.0636 0.0986 0.1399 0.0836 0.06 0.0424 0.0426 0.0609 0.0908 0.129 0.1681 0.0833 0.0632 0.0551 0.0643 0.0882 0.1225 0.1616 0.0861 0.0721 0.0731 0.09 0.1194 0.1569 0.0921 0.086 0.0954 0.1191 0.1532 0.1017 0.1036 0.1211 0.1506 0.1146 0.1244 0.1488 0.13 0.148 0.1477
0.000 -3.000 12 0.0461 0.034 0.041 0.0303 0.0236 0.0406 0.0351 0.0164 0.0184 0.0494 0.0471 0.0237 0.0 0.0285 0.0669 0.0648 0.039 0.0182 0.0198 0.0494 0.0904 0.0855 0.0582 0.0372 0.0282 0.0435 0.076 0.1168 0.1064 0.08 0.0573 0.0449 0.0488 0.0715 0.1067 0.1444 0.1032 0.0789 0.0638 0.0616 0.0753 0.1035 0.1391 0.102 0.0837 0.0776 0.0849 0.1062 0.138 0.1046 0.0942 0.0976 0.1129 0.1401 0.1118 0.1104 0.1218 0.1445 0.1232 0.1311 0.149 0.1391 0.1538 0.158
2.000 -3.000 18 0.0653 0.0541 0.052 0.0536 0.0397 0.0356 0.061 0.0413 0.0216 0.0266 0.074 0.0515 0.0285 0.0 0.0393 0.0924 0.067 0.0445 0.022 0.0251 0.0638 0.1136 0.0861 0.0635 0.0436 0.034 0.0535 0.091 0.1345 0.1075 0.0836 0.0655 0.0533 0.0584 0.0846 0.1185 0.1307 0.1053 0.087 0.075 0.0734 0.0888 0.1167 0.1283 0.1081 0.0965 0.0926 0.1007 0.1219 0.1293 0.1163 0.1119 0.1168 0.1321 0.135 0.1299 0.1331 0.1452 0.1454 0.1474 0.1583 0.16 0.1688 0.1767
4.000 -3.000 24 0.1112 0.0958 0.0913 0.0925 0.0793 0.0645 0.0983 0.0798 0.0595 0.0328 0.1106 0.0889 0.0669 0.0393 0.0 0.129 0.1042 0.0818 0.0567 0.0287 0.0318 0.1506 0.1233 0.1004 0.0776 0.0541 0.0416 0.0615 0.1715 0.1445 0.1203 0.0997 0.0795 0.0641 0.0673 0.0881 0.1678 0.1422 0.1222 0.1045 0.0899 0.0849 0.0953 0.1652 0.144 0.1285 0.1156 0.1085 0.1114 0.1651 0.1502 0.1399 0.1332 0.1327 0.1699 0.1608 0.1561 0.1553 0.1787 0.1752 0.1757 0.1903 0.1927 0.205
-5.000 -2.000 30 0.075 0.0629 0.0816 0.0511 0.0673 0.0926 0.0372 0.0549 0.0774 0.1093 0.02 0.0418 0.0648 0.0924 0.129 0.0 0.0285 0.0535 0.0802 0.1125 0.153 0.0208 0.0212 0.045 0.0706 0.1014 0.1386 0.1811 0.0399 0.0308 0.0425 0.0643 0.0923 0.1275 0.1687 0.2099 0.0479 0.0494 0.0635 0.0859 0.1175 0.1571 0.2006 0.0631 0.0694 0.0847 0.1106 0.1467 0.1899 0.0808 0.0892 0.1074 0.1379 0.1783 0.0983 0.1088 0.1316 0.1664 0.1151 0.1291 0.1567 0.1311 0.1501 0.1472
-3.000 -2.000 24 0.0599 0.047 0.0636 0.0353 0.0475 0.0718 0.0243 0.0329 0.054 0.0861 0.0187 0.0175 0.039 0.067 0.1042 0.0285 0.0 0.0256 0.0531 0.0862 0.1272 0.047 0.0201 0.019 0.0429 0.0738 0.1114 0.1541 0.0663 0.0425 0.0284 0.0393 0.0653 0.1 0.1411 0.1819 0.0651 0.0472 0.0452 0.062 0.0916 0.1302 0.173 0.0691 0.0591 0.0653 0.0875 0.1218 0.1636 0.0776 0.0748 0.0882 0.1161 0.1545 0.0893 0.0933 0.1135 0.1466 0.1027 0.1142 0.1403 0.118 0.1363 0.1353
-1.000 -2.000 18 0.0562 0.0429 0.0551 0.0349 0.037 0.0578 0.0329 0.0237 0.0363 0.0664 0.0394 0.0173 0.0182 0.0445 0.0818 0.0535 0.0256 0.0 0.0282 0.0617 0.1032 0.0724 0.0428 0.019 0.0201 0.0488 0.0862 0.1289 0.0917 0.064 0.0392 0.0287 0.0438 0.0756 0.1156 0.1556 0.0866 0.061 0.0456 0.0487 0.0714 0.1068 0.1476 0.0841 0.065 0.0608 0.074 0.1026 0.1408 0.0861 0.0759 0.0818 0.1031 0.1364 0.0928 0.0925 0.1067 0.1345 0.1044 0.1126 0.1345 0.1199 0.1352 0.1374
1.000 -2.000 18 0.0656 0.0531 0.0572 0.0498 0.0412 0.0494 0.054 0.0361 0.0285 0.0476 0.0645 0.0409 0.0198 0.022 0.0567 0.0802 0.0531 0.0282 0.0 0.034 0.0757 0.0999 0.0704 0.0451 0.0218 0.0238 0.0582 0.1003 0.1196 0.0912 0.0647 0.0437 0.0337 0.0518 0.088 0.1262 0.1132 0.0858 0.0652 0.0529 0.0578 0.0838 0.1202 0.1085 0.0863 0.0734 0.0722 0.0878 0.1182 0.1076 0.0932 0.0893 0.0981 0.1214 0.1118 0.1057 0.1113 0.128 0.1213 0.1236 0.1367 0.1345 0.1452 0.1516
3.000 -2.000 24 0.0938 0.0793 0.0793 0.0768 0.0648 0.06 0.0834 0.0641 0.0467 0.0393 0.0957 0.0724 0.0494 0.0251 0.0287 0.1125 0.0862 0.0617 0.034 0.0 0.0416 0.1332 0.1042 0.0792 0.0533 0.0261 0.0284 0.0662 0.1538 0.1253 0.0988 0.0753 0.0519 0.0397 0.0593 0.0922 0.1473 0.1197 0.0974 0.0773 0.0627 0.0668 0.0907 0.1422 0.1189 0.1014 0.0876 0.0846 0.0981 0.1402 0.123 0.1115 0.1062 0.1128 0.1426 0.1321 0.1273 0.131 0.1496 0.146 0.1484 0.1607 0.163 0.1751
5.000 -2.000 30 0.145 0.1246 0.1252 0.1183 0.1077 0.097 0.1234 0.105 0.0866 0.0649 0.1357 0.1131 0.0904 0.0638 0.0318 0.153 0.1272 0.1032 0.0757 0.0416 0.0 0.1743 0.1457 0.1209 0.0945 0.0635 0.0299 0.0296 0.1956 0.1672 0.1409 0.1164 0.0889 0.0596 0.0424 0.056 0.1895 0.1619 0.1388 0.1152 0.0896 0.0688 0.0662 0.1844 0.1605 0.1401 0.1188 0.0988 0.0878 0.1818 0.1626 0.1454 0.1285 0.1152 0.1828 0.1681 0.1551 0.1431 0.1875 0.1771 0.1688 0.1952 0.1891 0.2043
-6.000 -1.000 36 0.0968 0.0849 0.1038 0.0731 0.0894 0.1149 0.0587 0.0767 0.0988 0.1301 0.0412 0.0626 0.0855 0.1136 0.1506 0.0208 0.047 0.0724 0.0999 0.1332 0.1743 0.0 0.0308 0.0598 0.0872 0.1192 0.1577 0.2015 0.0188 0.0215 0.0491 0.0765 0.1069 0.1439 0.187 0.2301 0.0291 0.0445 0.0691 0.0965 0.1308 0.1726 0.218 0.0487 0.0669 0.0898 0.1192 0.1577 0.2031 0.0705 0.0882 0.1115 0.1446 0.1872 0.0914 0.1083 0.1343 0.1715 0.1099 0.1281 0.1577 0.1267 0.1481 0.1431
-4.000 -1.000 30 0.0787 0.0659 0.083 0.0543 0.067 0.0916 0.0417 0.0529 0.0734 0.1046 0.0285 0.0375 0.0582 0.0861 0.1233 0.0212 0.0201 0.0428 0.0704 0.1042 0.1457 0.0308 0.0 0.0284 0.0562 0.0888 0.1279 0.172 0.0475 0.0222 0.0212 0.0456 0.076 0.1133 0.1566 0.1996 0.0445 0.0313 0.0421 0.0668 0.1006 0.1422 0.1872 0.0505 0.0487 0.0635 0.0907 0.1285 0.1734 0.0632 0.0675 0.0861 0.1177 0.1593 0.0782 0.0872 0.1104 0.1463 0.0937 0.1076 0.1358 0.1098 0.1288 0.1261
-2.000 -1.000 24 0.0702 0.0565 0.0708 0.0464 0.0534 0.0753 0.0391 0.0387 0.0551 0.0847 0.0376 0.0256 0.0372 0.0635 0.1004 0.045 0.019 0.019 0.0451 0.0792 0.1209 0.0598 0.0284 0.0 0.0287 0.0621 0.1016 0.1459 0.0768 0.0473 0.0202 0.0205 0.049 0.0862 0.1295 0.1722 0.0688 0.042 0.0292 0.0434 0.0748 0.1154 0.1598 0.0651 0.0468 0.0477 0.0692 0.1044 0.1478 0.0674 0.0596 0.0703 0.0977 0.1367 0.0754 0.077 0.0957 0.1282 0.0877 0.0974 0.1226 0.1027 0.12 0.1196
0.000 -1.000 18 0.0732 0.06 0.0691 0.0534 0.0513 0.0666 0.0527 0.0408 0.0445 0.0685 0.0586 0.0373 0.0282 0.0436 0.0776 0.0706 0.0429 0.0201 0.0218 0.0533 0.0945 0.0872 0.0562 0.0287 0.0 0.0337 0.0734 0.1174 0.105 0.0749 0.046 0.0218 0.0238 0.0579 0.1004 0.1423 0.0957 0.0664 0.0432 0.0332 0.0514 0.0881 0.1306 0.0883 0.0643 0.0512 0.0562 0.0825 0.1216 0.0856 0.07 0.0686 0.0844 0.1163 0.0888 0.0829 0.0917 0.1157 0.0973 0.1014 0.1181 0.1108 0.1226 0.1277
2.000 -1.000 24 0.0902 0.0765 0.0804 0.0731 0.0643 0.0677 0.0768 0.0597 0.0495 0.0571 0.0869 0.0636 0.0435 0.034 0.0541 0.1014 0.0738 0.0488 0.0238 0.0261 0.0635 0.1192 0.0888 0.0621 0.0337 0.0 0.0397 0.0832 0.138 0.108 0.0795 0.0531 0.0259 0.028 0.0665 0.1068 0.1289 0.0994 0.0742 0.0513 0.0395 0.0599 0.097 0.1204 0.095 0.075 0.0614 0.0666 0.0937 0.1159 0.0966 0.0839 0.0825 0.0986 0.1161 0.1044 0.1007 0.1097 0.1217 0.1174 0.1233 0.132 0.1354 0.1454
4.000 -1.000 30 0.1249 0.1078 0.11 0.1043 0.0934 0.0892 0.11 0.0913 0.0752 0.0649 0.1222 0.0986 0.076 0.0535 0.0416 0.1386 0.1114 0.0862 0.0582 0.0284 0.0299 0.1577 0.1279 0.1016 0.0734 0.0397 0.0 0.0424 0.1776 0.1479 0.1199 0.0933 0.0626 0.0299 0.0307 0.0654 0.1692 0.1399 0.1143 0.0879 0.0599 0.0443 0.0617 0.1608 0.1351 0.1125 0.0888 0.0705 0.0716 0.1556 0.1344 0.1155 0.0985 0.0921 0.1541 0.1379 0.1246 0.1161 0.1566 0.1461 0.1388 0.163 0.1585 0.1729
6.000 -1.000 36 0.1761 0.1527 0.1558 0.1456 0.1357 0.1277 0.1506 0.1323 0.115 0.0948 0.1634 0.1399 0.1168 0.091 0.0615 0.1811 0.1541 0.1289 0.1003 0.0662 0.0296 0.2015 0.172 0.1459 0.1174 0.0832 0.0424 0.0 0.2223 0.1927 0.1648 0.1379 0.106 0.0682 0.0296 0.0263 0.2144 0.1852 0.1592 0.131 0.0976 0.0619 0.0403 0.2064 0.1803 0.1559 0.1275 0.0953 0.0683 0.2005 0.1778 0.1545 0.1279 0.1008 0.1972 0.1776 0.1565 0.1335 0.1974 0.18 0.162 0.1994 0.185 0.2036
-7.000 0.000 42 0.1177 0.1056 0.1251 0.0937 0.1108 0.1367 0.0793 0.0978 0.1203 0.1521 0.0607 0.0836 0.1064 0.1345 0.1715 0.0399 0.0663 0.0917 0.1196 0.1538 0.1956 0.0188 0.0475 0.0768 0.105 0.138 0.1776 0.2223 0.0 0.0291 0.062 0.0913 0.1227 0.1608 0.2053 0.25 0.019 0.0483 0.0788 0.1087 0.1445 0.1876 0.2346 0.041 0.0692 0.0972 0.1293 0.1695 0.2164 0.0639 0.09 0.1172 0.1522 0.1961 0.086 0.109 0.1379 0.1765 0.1051 0.1276 0.1592 0.122 0.1462 0.138
-5.000 0.000 36 0.1007 0.0881 0.1053 0.0764 0.0894 0.114 0.063 0.0753 0.0958 0.127 0.0473 0.06 0.08 0.1075 0.1445 0.0308 0.0425 0.064 0.0912 0.1253 0.1672 0.0215 0.0222 0.0473 0.0749 0.108 0.1479 0.1927 0.0291 0.0 0.0313 0.06 0.0915 0.1299 0.1746 0.2193 0.0219 0.0227 0.0488 0.0779 0.1137 0.1569 0.2038 0.0319 0.0448 0.0686 0.0997 0.1396 0.1862 0.0506 0.0656 0.0895 0.1237 0.1672 0.0697 0.0856 0.1121 0.1499 0.0878 0.1055 0.1354 0.1044 0.1253 0.1203
-3.000 0.000 30 0.0868 0.0737 0.0892 0.0628 0.0719 0.0951 0.0529 0.0571 0.0749 0.1052 0.0449 0.0424 0.0573 0.0836 0.1203 0.0425 0.0284 0.0392 0.0647 0.0988 0.1409 0.0491 0.0212 0.0202 0.046 0.0795 0.1199 0.1648 0.062 0.0313 0.0 0.0292 0.0618 0.1009 0.1459 0.1906 0.0502 0.0218 0.021 0.0482 0.0842 0.1276 0.1745 0.0447 0.0303 0.0425 0.0717 0.1111 0.1575 0.0489 0.0473 0.0655 0.0978 0.1406 0.06 0.0666 0.0898 0.1261 0.0741 0.0872 0.1152 0.0896 0.1086 0.1064
-1.000 0.000 24 0.0855 0.0716 0.0844 0.0626 0.066 0.0846 0.0575 0.0525 0.0631 0.0893 0.0577 0.0426 0.0449 0.0655 0.0997 0.0643 0.0393 0.0287 0.0437 0.0753 0.1164 0.0765 0.0456 0.0205 0.0218 0.0531 0.0933 0.1379 0.0913 0.06 0.0292 0.0 0.0332 0.0727 0.1178 0.1621 0.0785 0.0473 0.0214 0.023 0.0565 0.0994 0.1457 0.0684 0.0425 0.0316 0.0489 0.0851 0.1299 0.0639 0.0483 0.0522 0.0774 0.1168 0.0666 0.0627 0.0769 0.1079 0.0757 0.0817 0.1039 0.0895 0.1033 0.1056
1.000 0.000 24 0.0959 0.0822 0.0894 0.076 0.0722 0.0828 0.0758 0.0633 0.0617 0.0783 0.0811 0.0609 0.0488 0.0533 0.0795 0.0923 0.0653 0.0438 0.0337 0.0519 0.0889 0.1069 0.076 0.049 0.0238 0.0259 0.0626 0.106 0.1227 0.0915 0.0618 0.0332 0.0 0.0395 0.0844 0.1278 0.1103 0.0792 0.0515 0.0252 0.0276 0.0666 0.1116 0.0991 0.0713 0.0488 0.0381 0.0587 0.0985 0.0913 0.0701 0.0576 0.0635 0.092 0.0896 0.0767 0.0763 0.0934 0.094 0.0905 0.1003 0.1035 0.1094 0.1175
3.000 0.000 30 0.1196 0.1046 0.1089 0.1009 0.092 0.0939 0.1045 0.0876 0.0766 0.0772 0.1134 0.0908 0.0715 0.0584 0.0641 0.1275 0.1 0.0756 0.0518 0.0397 0.0596 0.1439 0.1133 0.0862 0.0579 0.028 0.0299 0.0682 0.1608 0.1299 0.1009 0.0727 0.0395 0.0 0.0443 0.0863 0.1492 0.1185 0.091 0.0616 0.0299 0.0316 0.0712 0.138 0.1101 0.0846 0.0586 0.0446 0.0652 0.1292 0.1059 0.0846 0.0688 0.0729 0.125 0.1071 0.0931 0.0902 0.1256 0.1143 0.1094 0.131 0.1264 0.1406
5.000 0.000 36 0.1582 0.1392 0.1427 0.1353 0.1247 0.1205 0.141 0.1223 0.1065 0.0946 0.1525 0.129 0.1067 0.0846 0.0673 0.1687 0.1411 0.1156 0.088 0.0593 0.0424 0.187 0.1566 0.1295 0.1004 0.0665 0.0307 0.0296 0.2053 0.1746 0.1459 0.1178 0.0844 0.0443 0.0 0.0403 0.1945 0.1641 0.1367 0.1066 0.0704 0.0321 0.0306 0.1836 0.1557 0.1291 0.0984 0.0652 0.0455 0.1745 0.1502 0.1251 0.0969 0.0739 0.1686 0.1476 0.1255 0.104 0.1661 0.1487 0.1319 0.1668 0.1541 0.1709
7.000 0.000 42 0.2055 0.1804 0.1833 0.1726 0.1623 0.1548 0.1788 0.1595 0.1418 0.1219 0.1922 0.1681 0.1444 0.1185 0.0881 0.2099 0.1819 0.1556 0.1262 0.0922 0.056 0.2301 0.1996 0.1722 0.1423 0.1068 0.0654 0.0263 0.25 0.2193 0.1906 0.1621 0.1278 0.0863 0.0403 0.0 0.2396 0.2092 0.1816 0.1505 0.1122 0.0678 0.0269 0.2287 0.2005 0.1728 0.1394 0.0995 0.0586 0.2194 0.1939 0.166 0.1317 0.0928 0.2115 0.1877 0.1599 0.127 0.2055 0.1831 0.1567 0.2025 0.1806 0.2
-6.000 1.000 36 0.1233 0.1109 0.1281 0.099 0.1127 0.1368 0.0851 0.0986 0.1192 0.1505 0.0676 0.0833 0.1032 0.1307 0.1678 0.0479 0.0651 0.0866 0.1132 0.1473 0.1895 0.0291 0.0445 0.0688 0.0957 0.1289 0.1692 0.2144 0.019 0.0219 0.0502 0.0785 0.1103 0.1492 0.1945 0.2396 0.0 0.0319 0.0629 0.0931 0.1293 0.1732 0.2213 0.0218 0.0502 0.0791 0.1118 0.1525 0.2001 0.0443 0.0694 0.0975 0.1333 0.1777 0.0655 0.0883 0.1172 0.1559 0.0846 0.1066 0.1379 0.1013 0.1246 0.1166
-4.000 1.000 30 0.1069 0.094 0.1099 0.0829 0.0929 0.1165 0.0718 0.0782 0.0965 0.1271 0.0601 0.0632 0.0789 0.1053 0.1422 0.0494 0.0472 0.061 0.0858 0.1197 0.1619 0.0445 0.0313 0.042 0.0664 0.0994 0.1399 0.1852 0.0483 0.0227 0.0218 0.0473 0.0792 0.1185 0.1641 0.2092 0.0319 0.0 0.0303 0.0609 0.0978 0.1422 0.1905 0.0227 0.0219 0.0478 0.0805 0.1216 0.1694 0.0315 0.0427 0.0681 0.1036 0.148 0.048 0.0628 0.0898 0.1282 0.0651 0.0826 0.1128 0.0816 0.1025 0.0977
-2.000 1.000 24 0.1003 0.0863 0.1008 0.0761 0.0827 0.104 0.0682 0.068 0.0825 0.1108 0.0634 0.0551 0.0638 0.087 0.1222 0.0635 0.0452 0.0456 0.0652 0.0974 0.1388 0.0691 0.0421 0.0292 0.0432 0.0742 0.1143 0.1592 0.0788 0.0488 0.021 0.0214 0.0515 0.091 0.1367 0.1816 0.0629 0.0303 0.0 0.0316 0.0694 0.1142 0.1625 0.049 0.0212 0.0217 0.0526 0.0937 0.1414 0.0427 0.0299 0.0447 0.078 0.1217 0.0464 0.0474 0.0691 0.1055 0.0575 0.0677 0.0946 0.072 0.0892 0.0882
0.000 1.000 18 0.1063 0.0919 0.1033 0.0835 0.0847 0.1008 0.0793 0.0724 0.0785 0.1 0.08 0.0643 0.0616 0.075 0.1045 0.0859 0.062 0.0487 0.0529 0.0773 0.1152 0.0965 0.0668 0.0434 0.0332 0.0513 0.0879 0.131 0.1087 0.0779 0.0482 0.023 0.0252 0.0616 0.1066 0.1505 0.0931 0.0609 0.0316 0.0 0.0381 0.0829 0.1307 0.0785 0.0488 0.0234 0.0259 0.0637 0.1104 0.0682 0.0447 0.0347 0.0543 0.0939 0.0643 0.0514 0.057 0.0845 0.0679 0.0667 0.0828 0.078 0.0864 0.0924
2.000 1.000 24 0.1238 0.109 0.1162 0.1032 0.0985 0.1059 0.1032 0.0903 0.0863 0.0965 0.108 0.0882 0.0753 0.0734 0.0899 0.1175 0.0916 0.0714 0.0578 0.0627 0.0896 0.1308 0.1006 0.0748 0.0514 0.0395 0.0599 0.0976 0.1445 0.1137 0.0842 0.0565 0.0276 0.0299 0.0704 0.1122 0.1293 0.0978 0.0694 0.0381 0.0 0.0446 0.0915 0.115 0.0857 0.0579 0.0285 0.0309 0.0728 0.1034 0.0778 0.0543 0.0422 0.0641 0.0961 0.0763 0.0631 0.0689 0.0948 0.0827 0.0821 0.0993 0.0963 0.1086
4.000 1.000 30 0.1531 0.1368 0.1413 0.1329 0.124 0.1249 0.1364 0.1196 0.108 0.105 0.1448 0.1225 0.1035 0.0888 0.0849 0.1571 0.1302 0.1068 0.0838 0.0668 0.0688 0.1726 0.1422 0.1154 0.0881 0.0599 0.0443 0.0619 0.1876 0.1569 0.1276 0.0994 0.0666 0.0316 0.0321 0.0678 0.1732 0.1422 0.1142 0.0829 0.0446 0.0 0.0455 0.1593 0.1303 0.1022 0.069 0.0328 0.0332 0.1472 0.121 0.0936 0.064 0.0472 0.1382 0.1155 0.0917 0.0732 0.1334 0.115 0.0986 0.1328 0.1204 0.1367
6.000 1.000 36 0.1922 0.1719 0.1754 0.1681 0.1569 0.1522 0.1739 0.1548 0.1386 0.1245 0.1855 0.1616 0.1391 0.1167 0.0953 0.2006 0.173 0.1476 0.1202 0.0907 0.0662 0.218 0.1872 0.1598 0.1306 0.097 0.0617 0.0403 0.2346 0.2038 0.1745 0.1457 0.1116 0.0712 0.0306 0.0269 0.2213 0.1905 0.1625 0.1307 0.0915 0.0455 0.0 0.2075 0.1786 0.1501 0.1154 0.0735 0.0314 0.1948 0.1681 0.1388 0.1034 0.0652 0.1847 0.16 0.1314 0.0981 0.1768 0.1539 0.1279 0.1714 0.1514 0.169
-5.000 2.000 30 0.1293 0.1167 0.1321 0.1055 0.1158 0.1388 0.0931 0.1012 0.1196 0.1495 0.0789 0.0861 0.102 0.1283 0.1652 0.0631 0.0691 0.0841 0.1085 0.1422 0.1844 0.0487 0.0505 0.0651 0.0883 0.1204 0.1608 0.2064 0.041 0.0319 0.0447 0.0684 0.0991 0.138 0.1836 0.2287 0.0218 0.0227 0.049 0.0785 0.115 0.1593 0.2075 0.0 0.0315 0.0609 0.0938 0.1348 0.1829 0.0222 0.0481 0.0771 0.1133 0.1579 0.0431 0.0659 0.0958 0.1348 0.0616 0.0836 0.115 0.0783 0.1014 0.0936
-3.000 2.000 24 0.1172 0.1036 0.1191 0.0931 0.1011 0.1238 0.084 0.0861 0.1023 0.1318 0.0756 0.0721 0.0837 0.1081 0.144 0.0694 0.0591 0.065 0.0863 0.1189 0.1605 0.0669 0.0487 0.0468 0.0643 0.095 0.1351 0.1803 0.0692 0.0448 0.0303 0.0425 0.0713 0.1101 0.1557 0.2005 0.0502 0.0219 0.0212 0.0488 0.0857 0.1303 0.1786 0.0315 0.0 0.0299 0.0638 0.1056 0.1541 0.0215 0.0208 0.0479 0.0845 0.1296 0.0293 0.0409 0.069 0.1079 0.0443 0.061 0.0912 0.0605 0.0808 0.0767
-1.000 2.000 18 0.1189 0.1041 0.1185 0.094 0.0992 0.1186 0.087 0.0849 0.0962 0.1216 0.0838 0.0731 0.0776 0.0965 0.1285 0.0847 0.0653 0.0608 0.0734 0.1014 0.1401 0.0898 0.0635 0.0477 0.0512 0.075 0.1125 0.1559 0.0972 0.0686 0.0425 0.0316 0.0488 0.0846 0.1291 0.1728 0.0791 0.0478 0.0217 0.0234 0.0579 0.1022 0.1501 0.0609 0.0299 0.0 0.0347 0.077 0.1254 0.0469 0.0213 0.0231 0.0573 0.1019 0.041 0.0305 0.0475 0.0836 0.0452 0.0488 0.0728 0.0567 0.0695 0.0717
1.000 2.000 18 0.1324 0.1171 0.1277 0.1088 0.109 0.1223 0.105 0.0972 0.1004 0.1177 0.1055 0.09 0.0849 0.0926 0.1156 0.1106 0.0875 0.074 0.0722 0.0876 0.1188 0.1192 0.0907 0.0692 0.0562 0.0614 0.0888 0.1275 0.1293 0.0997 0.0717 0.0489 0.0381 0.0586 0.0984 0.1394 0.1118 0.0805 0.0526 0.0259 0.0285 0.069 0.1154 0.0938 0.0638 0.0347 0.0 0.0422 0.0903 0.0791 0.0518 0.0256 0.0284 0.069 0.0693 0.0475 0.0374 0.0584 0.066 0.0543 0.0605 0.0699 0.0698 0.08
3.000 2.000 24 0.156 0.1403 0.1477 0.1345 0.1293 0.1355 0.1343 0.1215 0.116 0.1214 0.1386 0.1194 0.1062 0.1007 0.1085 0.1467 0.1218 0.1026 0.0878 0.0846 0.0988 0.1577 0.1285 0.1044 0.0825 0.0666 0.0705 0.0953 0.1695 0.1396 0.1111 0.0851 0.0587 0.0446 0.0652 0.0995 0.1525 0.1216 0.0937 0.0637 0.0309 0.0328 0.0735 0.1348 0.1056 0.077 0.0422 0.0 0.0472 0.1198 0.0926 0.0633 0.031 0.0329 0.1082 0.0835 0.0583 0.0448 0.1008 0.0809 0.0665 0.0988 0.0864 0.1024
5.000 2.000 30 0.1887 0.1714 0.1761 0.1675 0.1583 0.1576 0.1708 0.1541 0.1419 0.1355 0.1787 0.1569 0.138 0.1219 0.1114 0.1899 0.1636 0.1408 0.1182 0.0981 0.0878 0.2031 0.1734 0.1478 0.1216 0.0937 0.0716 0.0683 0.2164 0.1862 0.1575 0.1299 0.0985 0.0652 0.0455 0.0586 0.2001 0.1694 0.1414 0.1104 0.0728 0.0332 0.0314 0.1829 0.1541 0.1254 0.0903 0.0472 0.0 0.1675 0.1403 0.1102 0.0731 0.0333 0.1544 0.1286 0.0986 0.0657 0.1444 0.1208 0.0942 0.1377 0.1177 0.1351
-4.000 3.000 24 0.1369 0.1239 0.139 0.1131 0.1214 0.1438 0.1031 0.1067 0.1231 0.1525 0.0924 0.0921 0.1046 0.1293 0.1651 0.0808 0.0776 0.0861 0.1076 0.1402 0.1818 0.0705 0.0632 0.0674 0.0856 0.1159 0.1556 0.2005 0.0639 0.0506 0.0489 0.0639 0.0913 0.1292 0.1745 0.2194 0.0443 0.0315 0.0427 0.0682 0.1034 0.1472 0.1948 0.0222 0.0215 0.0469 0.0791 0.1198 0.1675 0.0 0.0293 0.0587 0.0948 0.1394 0.0206 0.0447 0.0752 0.1141 0.0391 0.0618 0.0936 0.0558 0.0788 0.0711
-2.000 3.000 18 0.1325 0.1178 0.1335 0.1073 0.1143 0.1363 0.0988 0.0992 0.1138 0.1416 0.0927 0.086 0.0942 0.1163 0.1502 0.0892 0.0748 0.0759 0.0932 0.123 0.1626 0.0882 0.0675 0.0596 0.07 0.0966 0.1344 0.1778 0.09 0.0656 0.0473 0.0483 0.0701 0.1059 0.1502 0.1939 0.0694 0.0427 0.0299 0.0447 0.0778 0.121 0.1681 0.0481 0.0208 0.0213 0.0518 0.0926 0.1403 0.0293 0.0 0.0305 0.0675 0.1126 0.0199 0.0202 0.0491 0.0883 0.0271 0.0403 0.0704 0.0417 0.0603 0.0575
0.000 3.000 12 0.1424 0.1266 0.1407 0.1162 0.1209 0.1389 0.1095 0.1066 0.1157 0.1379 0.1065 0.0954 0.0976 0.1119 0.1399 0.1074 0.0882 0.0818 0.0893 0.1115 0.1454 0.1115 0.0861 0.0703 0.0686 0.0839 0.1155 0.1545 0.1172 0.0895 0.0655 0.0522 0.0576 0.0846 0.1251 0.166 0.0975 0.0681 0.0447 0.0347 0.0543 0.0936 0.1388 0.0771 0.0479 0.0231 0.0256 0.0633 0.1102 0.0587 0.0305 0.0 0.0374 0.0825 0.0456 0.0219 0.0244 0.0607 0.0404 0.0314 0.0495 0.0449 0.0499 0.0565
2.000 3.000 18 0.1627 0.1465 0.1571 0.138 0.1376 0.149 0.134 0.1263 0.1275 0.1407 0.1339 0.1191 0.1129 0.1168 0.1332 0.1379 0.1161 0.1031 0.0981 0.1062 0.1285 0.1446 0.1177 0.0977 0.0844 0.0825 0.0985 0.1279 0.1522 0.1237 0.0978 0.0774 0.0635 0.0688 0.0969 0.1317 0.1333 0.1036 0.078 0.0543 0.0422 0.064 0.1034 0.1133 0.0845 0.0573 0.0284 0.031 0.0731 0.0948 0.0675 0.0374 0.0 0.0448 0.0805 0.0546 0.0272 0.0299 0.0708 0.0496 0.039 0.0674 0.0559 0.071
4.000 3.000 24 0.1913 0.1746 0.1818 0.1686 0.1632 0.1681 0.168 0.1555 0.1492 0.1509 0.1712 0.1532 0.1401 0.1321 0.1327 0.1783 0.1545 0.1364 0.1214 0.1128 0.1152 0.1872 0.1593 0.1367 0.1163 0.0986 0.0921 0.1008 0.1961 0.1672 0.1406 0.1168 0.092 0.0729 0.0739 0.0928 0.1777 0.148 0.1217 0.0939 0.0641 0.0472 0.0652 0.1579 0.1296 0.1019 0.069 0.0329 0.0333 0.1394 0.1126 0.0825 0.0448 0.0 0.124 0.0977 0.0666 0.0319 0.1116 0.0868 0.06 0.1032 0.0827 0.1
-3.000 4.000 18 0.1478 0.1335 0.1495 0.1232 0.1308 0.1536 0.1145 0.1154 0.1311 0.16 0.1062 0.1017 0.1118 0.135 0.1699 0.0983 0.0893 0.0928 0.1118 0.1426 0.1828 0.0914 0.0782 0.0754 0.0888 0.1161 0.1541 0.1972 0.086 0.0697 0.06 0.0666 0.0896 0.125 0.1686 0.2115 0.0655 0.048 0.0464 0.0643 0.0961 0.1382 0.1847 0.0431 0.0293 0.041 0.0693 0.1082 0.1544 0.0206 0.0199 0.0456 0.0805 0.124 0.0 0.0271 0.0577 0.096 0.0185 0.0421 0.0739 0.0352 0.0586 0.0507
-1.000 4.000 12 0.1525 0.1366 0.1529 0.1251 0.1326 0.1538 0.1167 0.1172 0.13 0.1561 0.1115 0.1036 0.1104 0.1299 0.1608 0.1088 0.0933 0.0925 0.1057 0.1321 0.1681 0.1083 0.0872 0.077 0.0829 0.1044 0.1379 0.1776 0.109 0.0856 0.0666 0.0627 0.0767 0.1071 0.1476 0.1877 0.0883 0.0628 0.0474 0.0514 0.0763 0.1155 0.16 0.0659 0.0409 0.0305 0.0475 0.0835 0.1286 0.0447 0.0202 0.0219 0.0546 0.0977 0.0271 0.0 0.0314 0.0703 0.0187 0.0201 0.0501 0.0258 0.0401 0.04
1.000 4.000 12 0.1699 0.1528 0.1672 0.1422 0.1465 0.1631 0.135 0.132 0.14 0.1589 0.1315 0.1211 0.1218 0.1331 0.1561 0.1316 0.1135 0.1067 0.1113 0.1273 0.1551 0.1343 0.1104 0.0957 0.0917 0.1007 0.1246 0.1565 0.1379 0.1121 0.0898 0.0769 0.0763 0.0931 0.1255 0.1599 0.1172 0.0898 0.0691 0.057 0.0631 0.0917 0.1314 0.0958 0.069 0.0475 0.0374 0.0583 0.0986 0.0752 0.0491 0.0244 0.0272 0.0666 0.0577 0.0314 0.0 0.039 0.0452 0.0224 0.0251 0.0402 0.0318 0.0446
3.000 4.000 18 0.196 0.1787 0.1895 0.1698 0.1695 0.1797 0.1654 0.158 0.158 0.1678 0.1642 0.1506 0.1445 0.1452 0.1553 0.1664 0.1466 0.1345 0.128 0.131 0.1431 0.1715 0.1463 0.1282 0.1157 0.1097 0.1161 0.1335 0.1765 0.1499 0.1261 0.1079 0.0934 0.0902 0.104 0.127 0.1559 0.1282 0.1055 0.0845 0.0689 0.0732 0.0981 0.1348 0.1079 0.0836 0.0584 0.0448 0.0657 0.1141 0.0883 0.0607 0.0299 0.0319 0.096 0.0703 0.039 0.0 0.0816 0.0561 0.0278 0.0715 0.0503 0.0674
-2.000 5.000 12 0.1627 0.1473 0.1646 0.1364 0.1441 0.1674 0.1274 0.1283 0.1439 0.1718 0.1204 0.1146 0.1232 0.1454 0.1787 0.1151 0.1027 0.1044 0.1213 0.1496 0.1875 0.1099 0.0937 0.0877 0.0973 0.1217 0.1566 0.1974 0.1051 0.0878 0.0741 0.0757 0.094 0.1256 0.1661 0.2055 0.0846 0.0651 0.0575 0.0679 0.0948 0.1334 0.1768 0.0616 0.0443 0.0452 0.066 0.1008 0.1444 0.0391 0.0271 0.0404 0.0708 0.1116 0.0185 0.0187 0.0452 0.0816 0.0 0.0258 0.0571 0.0168 0.0403 0.0324
0.000 5.000 6 0.1765 0.1588 0.176 0.1464 0.1549 0.1751 0.1378 0.1383 0.1507 0.1747 0.1319 0.1244 0.1311 0.1474 0.1752 0.1291 0.1142 0.1126 0.1236 0.146 0.1771 0.1281 0.1076 0.0974 0.1014 0.1174 0.1461 0.18 0.1276 0.1055 0.0872 0.0817 0.0905 0.1143 0.1487 0.1831 0.1066 0.0826 0.0677 0.0667 0.0827 0.115 0.1539 0.0836 0.061 0.0488 0.0543 0.0809 0.1208 0.0618 0.0403 0.0314 0.0496 0.0868 0.0421 0.0201 0.0224 0.0561 0.0258 0.0 0.0318 0.0179 0.0199 0.0249
2.000 5.000 12 0.2001 0.1821 0.1966 0.1705 0.1748 0.1907 0.1626 0.1606 0.167 0.1834 0.1581 0.1488 0.149 0.1583 0.1757 0.1567 0.1403 0.1345 0.1367 0.1484 0.1688 0.1577 0.1358 0.1226 0.1181 0.1233 0.1388 0.162 0.1592 0.1354 0.1152 0.1039 0.1003 0.1094 0.1319 0.1567 0.1379 0.1128 0.0946 0.0828 0.0821 0.0986 0.1279 0.115 0.0912 0.0728 0.0605 0.0665 0.0942 0.0936 0.0704 0.0495 0.039 0.06 0.0739 0.0501 0.0251 0.0278 0.0571 0.0318 0.0 0.0448 0.0224 0.0396
-1.000 6.000 6 0.182 0.165 0.1833 0.1521 0.1617 0.1851 0.1425 0.1451 0.1599 0.1872 0.1361 0.13 0.1391 0.16 0.1903 0.1311 0.118 0.1199 0.1345 0.1607 0.1952 0.1267 0.1098 0.1027 0.1108 0.132 0.163 0.1994 0.122 0.1044 0.0896 0.0895 0.1035 0.131 0.1668 0.2025 0.1013 0.0816 0.072 0.078 0.0993 0.1328 0.1714 0.0783 0.0605 0.0567 0.0699 0.0988 0.1377 0.0558 0.0417 0.0449 0.0674 0.1032 0.0352 0.0258 0.0402 0.0715 0.0168 0.0179 0.0448 0.0 0.0249 0.0156
1.000 6.000 6 0.2028 0.1836 0.202 0.1707 0.1791 0.1992 0.1605 0.1619 0.1745 0.1958 0.1537 0.148 0.1538 0.1688 0.1927 0.1501 0.1363 0.1352 0.1452 0.163 0.1891 0.1481 0.1288 0.12 0.1226 0.1354 0.1585 0.185 0.1462 0.1253 0.1086 0.1033 0.1094 0.1264 0.1541 0.1806 0.1246 0.1025 0.0892 0.0864 0.0963 0.1204 0.1514 0.1014 0.0808 0.0695 0.0698 0.0864 0.1177 0.0788 0.0603 0.0499 0.0559 0.0827 0.0586 0.0401 0.0318 0.0503 0.0403 0.0199 0.0224 0.0249 0.0 0.0173
0.000 7.000 0 0.2043 0.1848 0.205 0.1705 0.1823 0.2051 0.1603 0.1637 0.1794 0.2053 0.1525 0.1477 0.158 0.1767 0.205 0.1472 0.1353 0.1374 0.1516 0.1751 0.2043 0.1431 0.1261 0.1196 0.1277 0.1454 0.1729 0.2036 0.138 0.1203 0.1064 0.1056 0.1175 0.1406 0.1709 0.2 0.1166 0.0977 0.0882 0.0924 0.1086 0.1367 0.169 0.0936 0.0767 0.0717 0.08 0.1024 0.1351 0.0711 0.0575 0.0565 0.071 0.1 0.0507 0.04 0.0446 0.0674 0.0324 0.0249 0.0396 0.0156 0.0173 0.0