n 66
m 2
tmax 52.5
Vcpm 1.6
R 1.2
dmax 63.0
-0.500 0.000 0 0.0 0.1158 0.0864 0.0712 0.0649 0.0611 0.0596 0.0597 0.0617 0.1172 0.0763 0.0566 0.0474 0.0443 0.0463 0.0505 0.0557 0.1107 0.0618 0.0405 0.0274 0.0256 0.0335 0.0425 0.0511 0.1022 0.0544 0.0315 0.0113 0.0106 0.0263 0.0391 0.0501 0.0976 0.057 0.0357 0.0187 0.0175 0.0297 0.0421 0.0534 0.0964 0.0669 0.0502 0.0386 0.0361 0.0419 0.051 0.0606 0.0959 0.078 0.0665 0.0585 0.0553 0.0573 0.063 0.0705 0.0959 0.0866 0.0797 0.0746 0.0716 0.0719 0.0755 0.0807 0.01
-7.000 -7.000 35 0.1158 0.0 0.0149 0.0324 0.0448 0.0587 0.0715 0.0809 0.0879 0.015 0.0317 0.049 0.061 0.0755 0.0882 0.0971 0.1034 0.0426 0.0686 0.078 0.0834 0.0952 0.1062 0.1139 0.1193 0.0802 0.1146 0.1091 0.1064 0.115 0.1232 0.1295 0.1345 0.1211 0.158 0.1406 0.1327 0.135 0.1402 0.1449 0.1494 0.1576 0.1925 0.1723 0.1604 0.1583 0.1599 0.1631 0.1661 0.1821 0.2153 0.1999 0.1875 0.1823 0.1817 0.1818 0.1831 0.1947 0.2278 0.2198 0.2092 0.2029 0.2009 0.1996 0.2001 0.1263
-7.000 -5.000 35 0.0864 0.0149 0.0 0.015 0.0271 0.041 0.0537 0.063 0.07 0.0312 0.025 0.028 0.0388 0.0534 0.0662 0.0752 0.0817 0.0677 0.0648 0.0529 0.0573 0.0695 0.0806 0.0885 0.0942 0.1169 0.1101 0.0801 0.078 0.0863 0.0952 0.1016 0.1068 0.1683 0.15 0.1068 0.0997 0.1046 0.1106 0.1156 0.1202 0.2112 0.1811 0.134 0.1236 0.125 0.1282 0.1315 0.1351 0.2378 0.2021 0.1587 0.1471 0.146 0.1469 0.1486 0.1507 0.25 0.2145 0.1773 0.166 0.1641 0.1638 0.1645 0.1655 0.0964
-7.000 -3.000 35 0.0712 0.0324 0.015 0.0 0.0133 0.0276 0.0403 0.0495 0.0564 0.0517 0.0288 0.0165 0.0233 0.0371 0.0496 0.0586 0.0652 0.0875 0.0563 0.0389 0.0423 0.053 0.0629 0.0701 0.0757 0.1298 0.0857 0.0615 0.0628 0.0703 0.077 0.0828 0.0874 0.1681 0.11 0.0828 0.0833 0.0884 0.0931 0.0966 0.1002 0.193 0.1291 0.1053 0.1052 0.1082 0.1105 0.1123 0.1147 0.2009 0.1428 0.1263 0.1265 0.1282 0.1288 0.129 0.1304 0.1974 0.1516 0.1423 0.1436 0.1452 0.1454 0.1447 0.145 0.0807
-7.000 -1.000 35 0.0649 0.0448 0.0271 0.0133 0.0 0.014 0.0262 0.0351 0.0418 0.0671 0.0401 0.0234 0.017 0.0234 0.0338 0.0422 0.0486 0.0992 0.0601 0.0427 0.0386 0.0411 0.0472 0.0527 0.0577 0.1315 0.0815 0.0633 0.0603 0.0603 0.0625 0.0651 0.0687 0.1559 0.1001 0.0837 0.0812 0.0796 0.079 0.0796 0.0815 0.1679 0.1175 0.1058 0.1032 0.0999 0.0971 0.0958 0.0962 0.1683 0.1326 0.1266 0.1247 0.1202 0.1158 0.1129 0.1117 0.1639 0.1439 0.1426 0.142 0.1376 0.1328 0.1291 0.1267 0.0752
-7.000 1.000 35 0.0611 0.0587 0.041 0.0276 0.014 0.0 0.0118 0.0207 0.0274 0.0837 0.0553 0.0376 0.0235 0.0155 0.0193 0.0263 0.0326 0.1142 0.073 0.054 0.0416 0.0343 0.0333 0.0364 0.0406 0.1394 0.09 0.0715 0.0608 0.0531 0.049 0.0488 0.051 0.1554 0.1054 0.0897 0.0799 0.0716 0.0654 0.063 0.0635 0.1621 0.1223 0.11 0.1004 0.0909 0.083 0.0788 0.0778 0.1621 0.1378 0.1294 0.1202 0.1101 0.101 0.0955 0.0929 0.1607 0.1493 0.1441 0.1363 0.1268 0.1175 0.1113 0.1075 0.0708
-7.000 3.000 35 0.0596 0.0715 0.0537 0.0403 0.0262 0.0118 0.0 0.0089 0.0159 0.0987 0.0693 0.051 0.0344 0.0194 0.0118 0.0143 0.0199 0.1281 0.0858 0.0653 0.0482 0.0337 0.0258 0.0247 0.0276 0.1483 0.099 0.079 0.0632 0.0491 0.0403 0.0369 0.0377 0.1589 0.112 0.0942 0.0789 0.0649 0.0553 0.0505 0.0498 0.1625 0.1269 0.1116 0.0964 0.082 0.0714 0.0655 0.0635 0.1627 0.1406 0.1283 0.1137 0.0992 0.0881 0.0812 0.0779 0.1623 0.1501 0.1406 0.1276 0.1141 0.1035 0.0961 0.0918 0.0674
-7.000 5.000 35 0.0597 0.0809 0.063 0.0495 0.0351 0.0207 0.0089 0.0 0.0071 0.11 0.08 0.0612 0.0435 0.0267 0.0144 0.0089 0.0113 0.1386 0.0956 0.0739 0.0545 0.0369 0.0248 0.0194 0.0195 0.1549 0.106 0.0849 0.0657 0.0487 0.0368 0.0309 0.0296 0.1614 0.1164 0.0966 0.0783 0.0616 0.0499 0.0436 0.0413 0.1629 0.1292 0.1112 0.093 0.0764 0.0645 0.0577 0.0545 0.1622 0.141 0.1251 0.1079 0.0917 0.0797 0.0725 0.0683 0.1612 0.1483 0.1348 0.1198 0.1051 0.0939 0.0866 0.0814 0.0661
-7.000 7.000 35 0.0617 0.0879 0.07 0.0564 0.0418 0.0274 0.0159 0.0071 0.0 0.1186 0.088 0.069 0.0508 0.0334 0.0202 0.0113 0.0073 0.1464 0.103 0.0807 0.0602 0.0415 0.0278 0.0195 0.016 0.1596 0.1112 0.0893 0.0689 0.0507 0.0375 0.0296 0.0258 0.1633 0.1197 0.0989 0.0791 0.0615 0.0489 0.0412 0.037 0.1633 0.131 0.1115 0.0919 0.0746 0.0622 0.0543 0.0496 0.1618 0.1408 0.1236 0.1049 0.0885 0.0763 0.0682 0.0627 0.1605 0.146 0.1315 0.1152 0.1007 0.0894 0.0814 0.0752 0.0669
-5.000 -7.000 35 0.1172 0.015 0.0312 0.0517 0.0671 0.0837 0.0987 0.11 0.1186 0.0 0.0315 0.061 0.0779 0.0959 0.1116 0.1228 0.1309 0.0276 0.0551 0.0767 0.0907 0.1074 0.1221 0.1328 0.1408 0.0645 0.0959 0.1026 0.1075 0.1199 0.1321 0.1419 0.1499 0.1045 0.1368 0.1298 0.1281 0.1363 0.1452 0.1532 0.1606 0.14 0.1695 0.1583 0.1539 0.1568 0.1622 0.1679 0.1738 0.1634 0.1908 0.183 0.1781 0.1783 0.181 0.1847 0.1888 0.1752 0.2021 0.2002 0.1968 0.1963 0.1982 0.2004 0.2031 0.1265
-5.000 -5.000 25 0.0763 0.0317 0.025 0.0288 0.0401 0.0553 0.0693 0.08 0.088 0.0315 0.0 0.0246 0.0416 0.0602 0.0761 0.0874 0.0957 0.0552 0.0389 0.039 0.0516 0.0688 0.0838 0.0947 0.103 0.0986 0.0825 0.0627 0.0661 0.0792 0.0919 0.1019 0.1102 0.1454 0.1208 0.0879 0.0853 0.0939 0.1031 0.1117 0.1194 0.1837 0.1506 0.1141 0.108 0.112 0.1186 0.125 0.1315 0.2063 0.1707 0.1377 0.1304 0.1318 0.1357 0.1402 0.1446 0.2156 0.1824 0.1552 0.1483 0.1487 0.1514 0.1542 0.1578 0.0843
-5.000 -3.000 25 0.0566 0.049 0.028 0.0165 0.0234 0.0376 0.051 0.0612 0.069 0.061 0.0246 0.0 0.0194 0.0388 0.0548 0.0661 0.0744 0.081 0.0395 0.0216 0.0296 0.046 0.0607 0.0716 0.08 0.1118 0.0634 0.0433 0.0471 0.0585 0.0698 0.0791 0.087 0.1402 0.0856 0.0643 0.0665 0.0741 0.0822 0.0897 0.0966 0.1589 0.1044 0.0865 0.0879 0.0927 0.0979 0.1031 0.1087 0.1641 0.1186 0.1073 0.1088 0.1119 0.1149 0.1182 0.1221 0.1609 0.1282 0.123 0.1254 0.1283 0.1305 0.1326 0.1353 0.0653
-5.000 -1.000 25 0.0474 0.061 0.0388 0.0233 0.017 0.0235 0.0344 0.0435 0.0508 0.0779 0.0416 0.0194 0.0 0.0189 0.0345 0.0455 0.0536 0.0973 0.0522 0.0297 0.021 0.0282 0.0404 0.0504 0.0585 0.117 0.0658 0.0471 0.042 0.0447 0.0516 0.0587 0.0656 0.1325 0.0819 0.0665 0.0626 0.063 0.0659 0.0704 0.0757 0.1411 0.099 0.088 0.0845 0.0829 0.0829 0.0848 0.0885 0.142 0.1142 0.1084 0.1057 0.1027 0.1008 0.1008 0.1026 0.1399 0.1257 0.124 0.1229 0.1198 0.1172 0.116 0.1163 0.0573
-5.000 1.000 25 0.0443 0.0755 0.0534 0.0371 0.0234 0.0155 0.0194 0.0267 0.0334 0.0959 0.0602 0.0388 0.0189 0.0 0.0152 0.0262 0.0344 0.1152 0.0696 0.0462 0.0283 0.0183 0.0226 0.0309 0.0387 0.1289 0.0788 0.0585 0.0446 0.0367 0.0362 0.0402 0.046 0.1373 0.0913 0.0743 0.0628 0.0549 0.0518 0.0528 0.0566 0.1419 0.1067 0.0934 0.0828 0.0741 0.069 0.0677 0.0694 0.1425 0.1214 0.1119 0.1023 0.0933 0.0867 0.0837 0.0837 0.1423 0.1322 0.1259 0.1181 0.1098 0.1028 0.099 0.0975 0.0536
-5.000 3.000 25 0.0463 0.0882 0.0662 0.0496 0.0338 0.0193 0.0118 0.0144 0.0202 0.1116 0.0761 0.0548 0.0345 0.0152 0.0 0.0111 0.0197 0.1306 0.0848 0.0611 0.0405 0.0226 0.0137 0.0167 0.0236 0.1405 0.0913 0.0696 0.0512 0.036 0.028 0.0275 0.0314 0.1446 0.1007 0.0815 0.065 0.0511 0.0429 0.0406 0.0423 0.1467 0.1141 0.0976 0.0817 0.068 0.059 0.0553 0.0554 0.1465 0.1264 0.1131 0.0984 0.085 0.0756 0.0708 0.0694 0.1468 0.1349 0.1246 0.1119 0.0998 0.0909 0.0854 0.0828 0.0536
-5.000 5.000 25 0.0505 0.0971 0.0752 0.0586 0.0422 0.0263 0.0143 0.0089 0.0113 0.1228 0.0874 0.0661 0.0455 0.0262 0.0111 0.0 0.0087 0.1417 0.0959 0.072 0.0504 0.0309 0.0167 0.0104 0.0133 0.1489 0.1003 0.0779 0.0576 0.0396 0.0273 0.0218 0.0224 0.1502 0.1078 0.0873 0.068 0.0513 0.04 0.0345 0.0338 0.1505 0.1191 0.1004 0.0818 0.0656 0.0545 0.0486 0.0467 0.1498 0.1291 0.1131 0.096 0.0806 0.0696 0.0634 0.0603 0.1484 0.1357 0.122 0.1074 0.0938 0.0837 0.0774 0.0734 0.056
-5.000 7.000 35 0.0557 0.1034 0.0817 0.0652 0.0486 0.0326 0.0199 0.0113 0.0073 0.1309 0.0957 0.0744 0.0536 0.0344 0.0197 0.0087 0.0 0.1499 0.1042 0.0803 0.0584 0.0385 0.0235 0.0133 0.0086 0.1551 0.1073 0.0847 0.0636 0.0449 0.031 0.0223 0.0185 0.1546 0.1135 0.0924 0.0721 0.0544 0.0415 0.0336 0.0297 0.1541 0.1236 0.1038 0.0839 0.0667 0.0544 0.0466 0.0422 0.1524 0.1322 0.1145 0.0962 0.0801 0.0682 0.0604 0.0553 0.1499 0.1362 0.1217 0.1059 0.092 0.0811 0.0734 0.0678 0.0601
-3.000 -7.000 35 0.1107 0.0426 0.0677 0.0875 0.0992 0.1142 0.1281 0.1386 0.1464 0.0276 0.0552 0.081 0.0973 0.1152 0.1306 0.1417 0.1499 0.0 0.0462 0.0793 0.0959 0.1142 0.1301 0.1417 0.1506 0.036 0.067 0.0865 0.1003 0.117 0.1319 0.1437 0.1534 0.075 0.1021 0.107 0.1141 0.1269 0.1396 0.1503 0.1598 0.1093 0.1323 0.1303 0.1339 0.143 0.1528 0.1617 0.17 0.1315 0.1519 0.1509 0.1537 0.1605 0.1682 0.1755 0.1826 0.1425 0.1622 0.1649 0.1684 0.1743 0.1812 0.1875 0.1937 0.1165
-3.000 -5.000 25 0.0618 0.0686 0.0648 0.0563 0.0601 0.073 0.0858 0.0956 0.103 0.0551 0.0389 0.0395 0.0522 0.0696 0.0848 0.0959 0.1042 0.0462 0.0 0.028 0.0461 0.0658 0.0825 0.0947 0.1041 0.0679 0.0418 0.039 0.0518 0.069 0.0845 0.0966 0.1067 0.106 0.0788 0.0606 0.0651 0.0785 0.0916 0.1027 0.1126 0.1388 0.1077 0.0849 0.0854 0.0946 0.1038 0.1132 0.122 0.1577 0.1271 0.1068 0.1058 0.1113 0.1189 0.1264 0.1337 0.165 0.1385 0.1228 0.1218 0.1262 0.1324 0.1387 0.1444 0.0686
-3.000 -3.000 15 0.0405 0.078 0.0529 0.0389 0.0427 0.054 0.0653 0.0739 0.0807 0.0767 0.039 0.0216 0.0297 0.0462 0.0611 0.072 0.0803 0.0793 0.028 0.0 0.0213 0.0419 0.0588 0.0711 0.0805 0.0887 0.0388 0.0213 0.0295 0.0458 0.061 0.073 0.0831 0.1068 0.0581 0.0422 0.0467 0.0579 0.0697 0.0801 0.0896 0.1202 0.077 0.0646 0.0676 0.0749 0.0831 0.0914 0.0995 0.1247 0.0921 0.0853 0.0879 0.0931 0.0988 0.1048 0.1112 0.1234 0.1025 0.1008 0.1041 0.1086 0.1131 0.1177 0.1226 0.0477
-3.000 -1.000 15 0.0274 0.0834 0.0573 0.0423 0.0386 0.0416 0.0482 0.0545 0.0602 0.0907 0.0516 0.0296 0.021 0.0283 0.0405 0.0504 0.0584 0.0959 0.0461 0.0213 0.0 0.0202 0.0367 0.0487 0.058 0.1013 0.051 0.0295 0.0207 0.028 0.0405 0.0516 0.0612 0.1083 0.0626 0.0468 0.0414 0.0442 0.0515 0.0599 0.0684 0.114 0.079 0.0677 0.0634 0.0635 0.0669 0.0724 0.0789 0.116 0.0941 0.0876 0.0846 0.083 0.0839 0.0868 0.0914 0.116 0.1054 0.1029 0.1015 0.0998 0.0995 0.1009 0.1038 0.0369
-3.000 1.000 15 0.0256 0.0952 0.0695 0.053 0.0411 0.0343 0.0337 0.0369 0.0415 0.1074 0.0688 0.046 0.0282 0.0183 0.0226 0.0309 0.0385 0.1142 0.0658 0.0419 0.0202 0.0 0.0162 0.0282 0.0377 0.1172 0.0682 0.0458 0.028 0.0182 0.0229 0.0322 0.0413 0.1195 0.0766 0.0581 0.0442 0.0364 0.0367 0.0419 0.0491 0.1218 0.0904 0.0755 0.0636 0.0557 0.0533 0.0554 0.0603 0.1228 0.1039 0.0929 0.0827 0.0749 0.0707 0.0705 0.0732 0.1232 0.1136 0.1062 0.0982 0.0913 0.0865 0.0851 0.086 0.0346
-3.000 3.000 15 0.0335 0.1062 0.0806 0.0629 0.0472 0.0333 0.0258 0.0248 0.0278 0.1221 0.0838 0.0607 0.0404 0.0226 0.0137 0.0167 0.0235 0.1301 0.0825 0.0588 0.0367 0.0162 0.0 0.0122 0.022 0.1314 0.0834 0.0606 0.0403 0.0228 0.0142 0.0179 0.0259 0.1312 0.0899 0.0696 0.0512 0.0365 0.0291 0.0296 0.0346 0.1315 0.1014 0.0833 0.0665 0.0529 0.0453 0.0438 0.0464 0.131 0.112 0.0975 0.0824 0.0698 0.0619 0.059 0.0597 0.1303 0.1188 0.1079 0.0954 0.0844 0.0772 0.0733 0.0726 0.0396
-3.000 5.000 25 0.0425 0.1139 0.0885 0.0701 0.0527 0.0364 0.0247 0.0194 0.0195 0.1328 0.0947 0.0716 0.0504 0.0309 0.0167 0.0104 0.0133 0.1417 0.0947 0.0711 0.0487 0.0282 0.0122 0.0 0.01 0.142 0.0948 0.072 0.0509 0.0319 0.0178 0.0114 0.015 0.1404 0.1002 0.079 0.0588 0.0413 0.0294 0.0242 0.0252 0.1394 0.11 0.0904 0.0709 0.0545 0.0435 0.0383 0.0378 0.1376 0.1181 0.1014 0.084 0.0689 0.0585 0.053 0.0512 0.1358 0.1223 0.109 0.0947 0.0817 0.0723 0.067 0.064 0.0469
-3.000 7.000 35 0.0511 0.1193 0.0942 0.0757 0.0577 0.0406 0.0276 0.0195 0.016 0.1408 0.103 0.08 0.0585 0.0387 0.0236 0.0133 0.0086 0.1506 0.1041 0.0805 0.058 0.0377 0.022 0.01 0.0 0.1504 0.1039 0.0813 0.06 0.0407 0.0257 0.015 0.0099 0.1482 0.1089 0.0873 0.0665 0.0481 0.0343 0.0252 0.0211 0.1465 0.1177 0.0972 0.0767 0.0591 0.0462 0.0378 0.0337 0.1436 0.124 0.1062 0.0877 0.0715 0.0594 0.0513 0.0467 0.1403 0.1267 0.1116 0.0963 0.0826 0.0718 0.0641 0.0591 0.0546
-1.000 -7.000 35 0.1022 0.0802 0.1169 0.1298 0.1315 0.1394 0.1483 0.1549 0.1596 0.0645 0.0986 0.1118 0.117 0.1289 0.1405 0.1489 0.1551 0.036 0.0679 0.0887 0.1013 0.1172 0.1314 0.142 0.1504 0.0 0.0493 0.0775 0.093 0.1105 0.1261 0.1384 0.1485 0.038 0.0639 0.0813 0.0973 0.1147 0.1301 0.1427 0.1536 0.0709 0.0887 0.0964 0.1087 0.1242 0.1383 0.1504 0.1611 0.0921 0.1062 0.1113 0.1218 0.1345 0.1474 0.1588 0.1691 0.1025 0.1156 0.1217 0.1307 0.1427 0.1548 0.166 0.176 0.104
-1.000 -5.000 25 0.0544 0.1146 0.1101 0.0857 0.0815 0.09 0.099 0.106 0.1112 0.0959 0.0825 0.0634 0.0658 0.0788 0.0913 0.1003 0.1073 0.067 0.0418 0.0388 0.051 0.0682 0.0834 0.0948 0.1039 0.0493 0.0 0.0255 0.0437 0.0632 0.0799 0.0929 0.1037 0.0645 0.0364 0.036 0.0507 0.0684 0.0842 0.0973 0.1085 0.0899 0.0649 0.0563 0.065 0.0796 0.0934 0.1054 0.1162 0.1058 0.084 0.0757 0.0818 0.0932 0.1045 0.1152 0.1251 0.1123 0.0952 0.0899 0.095 0.1041 0.1143 0.1241 0.1331 0.057
-1.000 -3.000 15 0.0315 0.1091 0.0801 0.0615 0.0633 0.0715 0.079 0.0849 0.0893 0.1026 0.0627 0.0433 0.0471 0.0585 0.0696 0.0779 0.0847 0.0865 0.039 0.0213 0.0295 0.0458 0.0606 0.072 0.0813 0.0775 0.0255 0.0 0.0207 0.0408 0.0576 0.0707 0.0815 0.079 0.0352 0.0214 0.03 0.0463 0.0617 0.0745 0.0858 0.0873 0.0529 0.0438 0.0488 0.06 0.072 0.0832 0.0935 0.0913 0.0683 0.0643 0.0681 0.0761 0.0849 0.0942 0.103 0.0921 0.0793 0.0794 0.0835 0.09 0.0973 0.1047 0.1122 0.0351
-1.000 -1.000 5 0.0113 0.1064 0.078 0.0628 0.0603 0.0608 0.0632 0.0657 0.0689 0.1075 0.0661 0.0471 0.042 0.0446 0.0512 0.0576 0.0636 0.1003 0.0518 0.0295 0.0207 0.028 0.0403 0.0509 0.06 0.093 0.0437 0.0207 0.0 0.0197 0.0361 0.049 0.0598 0.0918 0.0496 0.03 0.021 0.0282 0.0411 0.0532 0.0641 0.0932 0.0623 0.0488 0.0431 0.0456 0.0534 0.0626 0.0721 0.0942 0.0759 0.0677 0.0641 0.0643 0.0685 0.0748 0.0822 0.0955 0.0862 0.0823 0.0808 0.0804 0.0828 0.0872 0.0926 0.0184
-1.000 1.000 5 0.0106 0.115 0.0863 0.0703 0.0603 0.0531 0.0491 0.0487 0.0507 0.1199 0.0792 0.0585 0.0447 0.0367 0.036 0.0396 0.0449 0.117 0.069 0.0458 0.028 0.0182 0.0228 0.0319 0.0407 0.1105 0.0632 0.0408 0.0197 0.0 0.0163 0.0292 0.0401 0.1083 0.0677 0.0465 0.0283 0.0185 0.0236 0.034 0.0445 0.1071 0.0777 0.0603 0.0457 0.0378 0.0385 0.0446 0.0529 0.1066 0.088 0.0753 0.0639 0.0569 0.0551 0.0581 0.0638 0.1062 0.0962 0.0873 0.0789 0.0732 0.0704 0.0716 0.0751 0.0173
-1.000 3.000 15 0.0263 0.1232 0.0952 0.077 0.0625 0.049 0.0403 0.0368 0.0375 0.1321 0.0919 0.0698 0.0516 0.0362 0.028 0.0273 0.031 0.1319 0.0845 0.061 0.0405 0.0229 0.0142 0.0178 0.0257 0.1261 0.0799 0.0576 0.0361 0.0163 0.0 0.0131 0.0242 0.1233 0.0838 0.0619 0.0411 0.0236 0.015 0.0195 0.0287 0.1207 0.0918 0.0721 0.0532 0.0384 0.0313 0.0322 0.0381 0.1183 0.0995 0.0831 0.0673 0.0546 0.0478 0.0468 0.05 0.1158 0.104 0.0921 0.0794 0.0689 0.0629 0.0608 0.0621 0.0293
-1.000 5.000 25 0.0391 0.1295 0.1016 0.0828 0.0651 0.0488 0.0369 0.0309 0.0296 0.1419 0.1019 0.0791 0.0587 0.0402 0.0275 0.0218 0.0223 0.1437 0.0966 0.073 0.0516 0.0322 0.0179 0.0114 0.015 0.1384 0.0929 0.0707 0.049 0.0292 0.0131 0.0 0.0113 0.1355 0.0968 0.0745 0.053 0.0338 0.0195 0.0128 0.017 0.132 0.1036 0.0828 0.0621 0.0444 0.0322 0.0269 0.0282 0.128 0.1088 0.0911 0.0727 0.0573 0.0466 0.0416 0.0411 0.1235 0.1104 0.0966 0.0821 0.0692 0.0601 0.0554 0.0536 0.0412
-1.000 7.000 35 0.0501 0.1345 0.1068 0.0874 0.0687 0.051 0.0377 0.0296 0.0258 0.1499 0.1102 0.087 0.0656 0.046 0.0314 0.0224 0.0185 0.1534 0.1067 0.0831 0.0612 0.0413 0.0259 0.015 0.0099 0.1485 0.1037 0.0815 0.0598 0.0401 0.0242 0.0113 0.0 0.1459 0.1078 0.0855 0.0637 0.0442 0.0287 0.017 0.0113 0.1421 0.114 0.0927 0.0713 0.0525 0.0381 0.0283 0.0238 0.1367 0.1174 0.099 0.0798 0.0628 0.0499 0.0412 0.0367 0.1307 0.1169 0.1022 0.0867 0.0727 0.0615 0.0536 0.0489 0.052
1.000 -7.000 35 0.0976 0.1211 0.1683 0.1681 0.1559 0.1554 0.1589 0.1614 0.1633 0.1045 0.1454 0.1402 0.1325 0.1373 0.1446 0.1502 0.1546 0.075 0.106 0.1068 0.1083 0.1195 0.1312 0.1404 0.1482 0.038 0.0645 0.079 0.0918 0.1083 0.1233 0.1355 0.1459 0.0 0.042 0.0659 0.0843 0.1037 0.1206 0.1345 0.1464 0.0317 0.049 0.0664 0.0858 0.1056 0.1229 0.1375 0.1501 0.0521 0.0624 0.073 0.0893 0.1075 0.1243 0.1391 0.1521 0.0622 0.0708 0.0793 0.0929 0.108 0.1238 0.1385 0.1516 0.0952
1.000 -5.000 25 0.057 0.158 0.15 0.11 0.1001 0.1054 0.112 0.1164 0.1197 0.1368 0.1208 0.0856 0.0819 0.0913 0.1007 0.1078 0.1135 0.1021 0.0788 0.0581 0.0626 0.0766 0.0899 0.1002 0.1089 0.0639 0.0364 0.0352 0.0496 0.0677 0.0838 0.0968 0.1078 0.042 0.0 0.0239 0.0448 0.0656 0.0833 0.0977 0.11 0.0489 0.0282 0.033 0.0505 0.0699 0.087 0.1015 0.1142 0.0612 0.0472 0.0482 0.0605 0.0767 0.0922 0.1061 0.1185 0.0677 0.0585 0.0602 0.0698 0.0831 0.0966 0.1096 0.1214 0.0556
1.000 -3.000 15 0.0357 0.1406 0.1068 0.0828 0.0837 0.0897 0.0942 0.0966 0.0989 0.1298 0.0879 0.0643 0.0665 0.0743 0.0815 0.0873 0.0924 0.107 0.0606 0.0422 0.0468 0.0581 0.0696 0.079 0.0873 0.0813 0.036 0.0214 0.03 0.0465 0.0619 0.0745 0.0855 0.0659 0.0239 0.0 0.022 0.0429 0.0605 0.0748 0.0871 0.0622 0.0324 0.0221 0.0314 0.0484 0.0646 0.0787 0.0911 0.0639 0.046 0.042 0.0478 0.0596 0.0726 0.085 0.0965 0.0655 0.0567 0.0567 0.0617 0.0706 0.0808 0.0915 0.1018 0.0329
1.000 -1.000 5 0.0187 0.1327 0.0997 0.0833 0.0812 0.0799 0.0789 0.0783 0.0791 0.1281 0.0853 0.0665 0.0626 0.0628 0.065 0.068 0.0721 0.1141 0.0651 0.0467 0.0414 0.0442 0.0512 0.0588 0.0665 0.0973 0.0507 0.03 0.021 0.0283 0.0411 0.053 0.0637 0.0843 0.0448 0.022 0.0 0.0205 0.0378 0.052 0.0643 0.0786 0.0495 0.0314 0.0219 0.0294 0.0431 0.0563 0.0684 0.0761 0.0585 0.0474 0.0425 0.0454 0.054 0.0643 0.0747 0.0757 0.0666 0.0609 0.0587 0.0603 0.0658 0.0734 0.0818 0.0117
1.000 1.000 5 0.0175 0.135 0.1046 0.0884 0.0796 0.0716 0.0649 0.0616 0.0615 0.1363 0.0939 0.0741 0.063 0.0549 0.0511 0.0513 0.0544 0.1269 0.0785 0.0579 0.0442 0.0364 0.0365 0.0413 0.0481 0.1147 0.0684 0.0463 0.0282 0.0185 0.0236 0.0338 0.0442 0.1037 0.0656 0.0429 0.0205 0.0 0.0172 0.0315 0.0439 0.0971 0.0688 0.0483 0.0294 0.0193 0.025 0.0364 0.048 0.0921 0.0739 0.0588 0.0451 0.0381 0.0394 0.0464 0.0554 0.0897 0.0783 0.0683 0.0591 0.054 0.0537 0.0578 0.0642 0.011
1.000 3.000 15 0.0297 0.1402 0.1106 0.0931 0.079 0.0654 0.0553 0.0499 0.0489 0.1452 0.1031 0.0822 0.0659 0.0518 0.0429 0.04 0.0415 0.1396 0.0916 0.0697 0.0515 0.0367 0.0291 0.0294 0.0343 0.1301 0.0842 0.0617 0.0411 0.0236 0.015 0.0195 0.0287 0.1206 0.0833 0.0605 0.0378 0.0172 0.0 0.0144 0.027 0.1136 0.0856 0.0642 0.0429 0.0249 0.0162 0.0212 0.0314 0.1065 0.0879 0.0705 0.0531 0.0391 0.0325 0.0339 0.0404 0.1017 0.0894 0.076 0.0631 0.0526 0.0474 0.0471 0.0508 0.0273
1.000 5.000 25 0.0421 0.1449 0.1156 0.0966 0.0796 0.063 0.0505 0.0436 0.0412 0.1532 0.1117 0.0897 0.0704 0.0528 0.0406 0.0345 0.0336 0.1503 0.1027 0.0801 0.0599 0.0419 0.0296 0.0242 0.0252 0.1427 0.0973 0.0745 0.0532 0.034 0.0195 0.0128 0.017 0.1345 0.0977 0.0748 0.052 0.0315 0.0144 0.0 0.0127 0.1272 0.0997 0.0779 0.0559 0.0362 0.0212 0.014 0.0187 0.1187 0.0999 0.0816 0.0625 0.0458 0.0338 0.0286 0.03 0.1117 0.0986 0.0843 0.0691 0.056 0.0466 0.0422 0.0418 0.0412
1.000 7.000 35 0.0534 0.1494 0.1202 0.1002 0.0815 0.0635 0.0498 0.0413 0.037 0.1606 0.1194 0.0966 0.0757 0.0566 0.0423 0.0338 0.0297 0.1598 0.1126 0.0896 0.0684 0.0491 0.0346 0.0252 0.0211 0.1536 0.1085 0.0858 0.0641 0.0445 0.0287 0.017 0.0113 0.1464 0.11 0.0871 0.0643 0.0439 0.027 0.0127 0.0 0.1393 0.1121 0.0901 0.0679 0.0479 0.0314 0.0187 0.0124 0.1297 0.1109 0.0921 0.0725 0.0547 0.0403 0.03 0.0252 0.1209 0.1074 0.0925 0.0767 0.062 0.0502 0.0418 0.0373 0.0534
3.000 -7.000 35 0.0964 0.1576 0.2112 0.193 0.1679 0.1621 0.1625 0.1629 0.1633 0.14 0.1837 0.1589 0.1411 0.1419 0.1467 0.1505 0.1541 0.1093 0.1388 0.1202 0.114 0.1218 0.1315 0.1394 0.1465 0.0709 0.0899 0.0873 0.0932 0.1071 0.1207 0.132 0.1421 0.0317 0.0489 0.0622 0.0786 0.0971 0.1136 0.1272 0.1393 0.0 0.0282 0.0483 0.0686 0.0893 0.1074 0.1227 0.136 0.0202 0.0302 0.0453 0.0641 0.0837 0.1018 0.1177 0.1317 0.0308 0.0369 0.0469 0.0618 0.0788 0.0956 0.1112 0.1254 0.0904
3.000 -5.000 25 0.0669 0.1925 0.1811 0.1291 0.1175 0.1223 0.1269 0.1292 0.131 0.1695 0.1506 0.1044 0.099 0.1067 0.1141 0.1191 0.1236 0.1323 0.1077 0.077 0.079 0.0904 0.1014 0.11 0.1177 0.0887 0.0649 0.0529 0.0623 0.0777 0.0918 0.1036 0.114 0.049 0.0282 0.0324 0.0495 0.0688 0.0856 0.0997 0.1121 0.0282 0.0 0.021 0.0425 0.0637 0.0821 0.0974 0.1108 0.0299 0.0191 0.0264 0.0433 0.0621 0.0796 0.0951 0.1089 0.0358 0.0308 0.0357 0.0476 0.0628 0.0783 0.0929 0.1062 0.0616
3.000 -3.000 15 0.0502 0.1723 0.134 0.1053 0.1058 0.11 0.1116 0.1112 0.1115 0.1583 0.1141 0.0865 0.088 0.0934 0.0976 0.1004 0.1038 0.1303 0.0849 0.0646 0.0677 0.0755 0.0833 0.0904 0.0972 0.0964 0.0563 0.0438 0.0488 0.0603 0.0721 0.0828 0.0927 0.0664 0.033 0.0221 0.0314 0.0483 0.0642 0.0779 0.0901 0.0483 0.021 0.0 0.0217 0.0426 0.0606 0.0758 0.0891 0.0428 0.0261 0.0193 0.0283 0.0445 0.0608 0.0756 0.0889 0.043 0.0351 0.0337 0.0395 0.0507 0.0637 0.0767 0.089 0.043
3.000 -1.000 15 0.0386 0.1604 0.1236 0.1052 0.1032 0.1004 0.0964 0.093 0.0919 0.1539 0.108 0.0879 0.0845 0.0828 0.0817 0.0818 0.0839 0.1339 0.0854 0.0676 0.0634 0.0636 0.0665 0.0709 0.0767 0.1087 0.065 0.0488 0.0431 0.0457 0.0532 0.0621 0.0713 0.0858 0.0505 0.0314 0.0219 0.0294 0.0429 0.0559 0.0679 0.0686 0.0425 0.0217 0.0 0.0205 0.0383 0.0534 0.0667 0.0601 0.0428 0.0282 0.0201 0.0275 0.0413 0.055 0.0678 0.057 0.0471 0.0392 0.0359 0.0396 0.0485 0.0594 0.0704 0.0288
3.000 1.000 15 0.0361 0.1583 0.125 0.1082 0.0999 0.0909 0.082 0.0764 0.0746 0.1568 0.112 0.0927 0.0829 0.0741 0.068 0.0656 0.0667 0.143 0.0946 0.0749 0.0635 0.0557 0.0529 0.0545 0.0591 0.1242 0.0796 0.06 0.0456 0.0378 0.0384 0.0444 0.0525 0.1056 0.0699 0.0484 0.0294 0.0193 0.0249 0.0362 0.0479 0.0893 0.0637 0.0426 0.0205 0.0 0.0177 0.0328 0.0462 0.0786 0.061 0.0441 0.0274 0.0184 0.0244 0.0363 0.0484 0.0725 0.0612 0.0497 0.0391 0.034 0.0363 0.0438 0.0532 0.027
3.000 3.000 15 0.0419 0.1599 0.1282 0.1105 0.0971 0.083 0.0714 0.0645 0.0622 0.1622 0.1186 0.0979 0.0829 0.069 0.059 0.0545 0.0544 0.1528 0.1038 0.0831 0.0669 0.0533 0.0453 0.0435 0.0462 0.1383 0.0934 0.072 0.0534 0.0385 0.0313 0.0322 0.0381 0.1229 0.087 0.0646 0.0431 0.025 0.0162 0.0212 0.0314 0.1074 0.0821 0.0606 0.0383 0.0177 0.0 0.0153 0.0287 0.095 0.0774 0.0596 0.0407 0.0243 0.0161 0.0215 0.032 0.0865 0.0743 0.061 0.0472 0.0358 0.0307 0.0326 0.0392 0.0359
3.000 5.000 25 0.051 0.1631 0.1315 0.1123 0.0958 0.0788 0.0655 0.0577 0.0543 0.1679 0.125 0.1031 0.0848 0.0677 0.0553 0.0486 0.0466 0.1617 0.1132 0.0914 0.0724 0.0554 0.0438 0.0383 0.0378 0.1504 0.1054 0.0832 0.0626 0.0446 0.0322 0.0269 0.0283 0.1375 0.1015 0.0787 0.0563 0.0364 0.0212 0.014 0.0187 0.1227 0.0974 0.0758 0.0534 0.0328 0.0153 0.0 0.0135 0.1091 0.0915 0.0734 0.054 0.0359 0.0214 0.0143 0.0191 0.0986 0.086 0.0719 0.0568 0.0429 0.0324 0.0277 0.0292 0.0473
3.000 7.000 35 0.0606 0.1661 0.1351 0.1147 0.0962 0.0778 0.0635 0.0545 0.0496 0.1738 0.1315 0.1087 0.0885 0.0694 0.0554 0.0467 0.0422 0.17 0.122 0.0995 0.0789 0.0603 0.0464 0.0378 0.0337 0.1611 0.1162 0.0935 0.0721 0.0529 0.0381 0.0282 0.0238 0.1501 0.1142 0.0911 0.0684 0.048 0.0314 0.0187 0.0124 0.136 0.1108 0.0891 0.0667 0.0462 0.0287 0.0135 0.0 0.1216 0.1041 0.0858 0.0663 0.0479 0.0319 0.0191 0.0126 0.1095 0.0968 0.0823 0.0667 0.0517 0.0389 0.0292 0.0245 0.0585
5.000 -7.000 35 0.0959 0.1821 0.2378 0.2009 0.1683 0.1621 0.1627 0.1622 0.1618 0.1634 0.2063 0.1641 0.142 0.1425 0.1465 0.1498 0.1524 0.1315 0.1577 0.1247 0.116 0.1228 0.131 0.1376 0.1436 0.0921 0.1058 0.0913 0.0942 0.1066 0.1183 0.128 0.1367 0.0521 0.0612 0.0639 0.0761 0.0921 0.1065 0.1187 0.1297 0.0202 0.0299 0.0428 0.0601 0.0786 0.095 0.1091 0.1216 0.0 0.0159 0.031 0.0486 0.0669 0.0839 0.099 0.1125 0.0113 0.0171 0.0282 0.0427 0.0585 0.0742 0.0889 0.1024 0.0879
5.000 -5.000 25 0.078 0.2153 0.2021 0.1428 0.1326 0.1378 0.1406 0.141 0.1408 0.1908 0.1707 0.1186 0.1142 0.1214 0.1264 0.1291 0.1322 0.1519 0.1271 0.0921 0.0941 0.1039 0.112 0.1181 0.124 0.1062 0.084 0.0683 0.0759 0.088 0.0995 0.1088 0.1174 0.0624 0.0472 0.046 0.0585 0.0739 0.0879 0.0999 0.1109 0.0302 0.0191 0.0261 0.0428 0.061 0.0774 0.0915 0.1041 0.0159 0.0 0.0157 0.0336 0.052 0.0689 0.0838 0.0972 0.0169 0.0122 0.0186 0.0318 0.047 0.0623 0.0766 0.0898 0.0699
5.000 -3.000 25 0.0665 0.1999 0.1587 0.1263 0.1266 0.1294 0.1283 0.1251 0.1236 0.183 0.1377 0.1073 0.1084 0.1119 0.1131 0.1131 0.1145 0.1509 0.1068 0.0853 0.0876 0.0929 0.0975 0.1014 0.1062 0.1113 0.0757 0.0643 0.0677 0.0753 0.0831 0.0911 0.099 0.073 0.0482 0.042 0.0474 0.0588 0.0705 0.0816 0.0921 0.0453 0.0264 0.0193 0.0282 0.0441 0.0596 0.0734 0.0858 0.031 0.0157 0.0 0.0177 0.0358 0.0524 0.0672 0.0804 0.0276 0.0186 0.0143 0.0215 0.0348 0.0492 0.0629 0.0757 0.0574
5.000 -1.000 25 0.0585 0.1875 0.1471 0.1265 0.1247 0.1202 0.1137 0.1079 0.1049 0.1781 0.1304 0.1088 0.1057 0.1023 0.0984 0.096 0.0962 0.1537 0.1058 0.0879 0.0846 0.0827 0.0824 0.084 0.0877 0.1218 0.0818 0.0681 0.0641 0.0639 0.0673 0.0727 0.0798 0.0893 0.0605 0.0478 0.0425 0.0451 0.0531 0.0625 0.0725 0.0641 0.0433 0.0283 0.0201 0.0274 0.0407 0.054 0.0663 0.0486 0.0336 0.0177 0.0 0.0178 0.0341 0.0488 0.0619 0.042 0.0318 0.0215 0.0157 0.0222 0.0345 0.0474 0.0596 0.048
5.000 1.000 25 0.0553 0.1823 0.146 0.1282 0.1202 0.1101 0.0992 0.0917 0.0885 0.1783 0.1318 0.1119 0.1027 0.0933 0.085 0.0806 0.0801 0.1605 0.1113 0.0931 0.083 0.0749 0.0698 0.0689 0.0715 0.1345 0.0932 0.0761 0.0643 0.0569 0.0546 0.0573 0.0628 0.1075 0.0767 0.0596 0.0454 0.0381 0.0391 0.0458 0.0547 0.0837 0.0621 0.0445 0.0275 0.0184 0.0243 0.0359 0.0479 0.0669 0.052 0.0358 0.0178 0.0 0.0163 0.0309 0.0441 0.0576 0.0468 0.0346 0.0221 0.0154 0.0211 0.0322 0.0437 0.0455
5.000 3.000 25 0.0573 0.1817 0.1469 0.1288 0.1158 0.101 0.0881 0.0797 0.0763 0.181 0.1357 0.1149 0.1008 0.0867 0.0756 0.0696 0.0682 0.1682 0.1189 0.0988 0.0839 0.0707 0.0619 0.0585 0.0594 0.1474 0.1045 0.0849 0.0685 0.0551 0.0478 0.0466 0.0499 0.1243 0.0922 0.0726 0.054 0.0394 0.0325 0.0338 0.0403 0.1018 0.0796 0.0608 0.0413 0.0244 0.0161 0.0214 0.0319 0.0839 0.0689 0.0524 0.0341 0.0163 0.0 0.0147 0.0278 0.0722 0.0611 0.0482 0.034 0.021 0.0143 0.0195 0.0295 0.0497
5.000 5.000 25 0.063 0.1818 0.1486 0.129 0.1129 0.0955 0.0812 0.0725 0.0682 0.1847 0.1402 0.1182 0.1008 0.0837 0.0708 0.0634 0.0604 0.1755 0.1264 0.1048 0.0868 0.0705 0.059 0.053 0.0513 0.1588 0.1152 0.0942 0.0748 0.0581 0.0468 0.0416 0.0412 0.1391 0.1061 0.085 0.0643 0.0464 0.0339 0.0286 0.03 0.1177 0.0951 0.0756 0.055 0.0363 0.0215 0.0143 0.0191 0.099 0.0838 0.0672 0.0488 0.0309 0.0147 0.0 0.0132 0.0855 0.0742 0.061 0.0463 0.0318 0.0194 0.0132 0.0177 0.0575
5.000 7.000 35 0.0705 0.1831 0.1507 0.1304 0.1117 0.0929 0.0779 0.0683 0.0627 0.1888 0.1446 0.1221 0.1026 0.0837 0.0694 0.0603 0.0553 0.1826 0.1337 0.1112 0.0914 0.0732 0.0597 0.0512 0.0467 0.1691 0.1251 0.103 0.0822 0.0638 0.05 0.0411 0.0367 0.1521 0.1185 0.0965 0.0747 0.0554 0.0404 0.03 0.0252 0.1317 0.1089 0.0889 0.0678 0.0484 0.032 0.0191 0.0126 0.1125 0.0972 0.0804 0.0619 0.0441 0.0278 0.0132 0.0 0.0975 0.0861 0.0728 0.0579 0.043 0.0293 0.0177 0.0117 0.0665
7.000 -7.000 35 0.0959 0.1947 0.25 0.1974 0.1639 0.1607 0.1623 0.1612 0.1605 0.1752 0.2156 0.1609 0.1399 0.1423 0.1468 0.1484 0.1499 0.1425 0.165 0.1234 0.116 0.1232 0.1303 0.1358 0.1403 0.1025 0.1123 0.0921 0.0955 0.1062 0.1158 0.1235 0.1307 0.0622 0.0677 0.0655 0.0757 0.0897 0.1017 0.1117 0.1209 0.0308 0.0358 0.043 0.057 0.0725 0.0865 0.0986 0.1095 0.0113 0.0169 0.0276 0.042 0.0576 0.0722 0.0855 0.0975 0.0 0.0093 0.02 0.0329 0.0469 0.0608 0.0739 0.086 0.0873
7.000 -5.000 35 0.0866 0.2278 0.2145 0.1516 0.1439 0.1493 0.1501 0.1483 0.146 0.2021 0.1824 0.1282 0.1257 0.1322 0.1349 0.1357 0.1362 0.1622 0.1385 0.1025 0.1054 0.1136 0.1188 0.1223 0.1267 0.1156 0.0952 0.0793 0.0862 0.0962 0.104 0.1104 0.1169 0.0708 0.0585 0.0567 0.0666 0.0783 0.0894 0.0986 0.1074 0.0369 0.0308 0.0351 0.0471 0.0612 0.0743 0.086 0.0968 0.0171 0.0122 0.0186 0.0318 0.0468 0.0611 0.0742 0.0861 0.0093 0.0 0.0109 0.0238 0.0378 0.0515 0.0645 0.0765 0.0771
7.000 -3.000 35 0.0797 0.2198 0.1773 0.1423 0.1426 0.1441 0.1406 0.1348 0.1315 0.2002 0.1552 0.123 0.124 0.1259 0.1246 0.122 0.1217 0.1649 0.1228 0.1008 0.1029 0.1062 0.1079 0.109 0.1116 0.1217 0.0899 0.0794 0.0823 0.0873 0.0921 0.0966 0.1022 0.0793 0.0602 0.0567 0.0609 0.0683 0.076 0.0843 0.0925 0.0469 0.0357 0.0337 0.0392 0.0497 0.061 0.0719 0.0823 0.0282 0.0186 0.0143 0.0215 0.0346 0.0482 0.061 0.0728 0.02 0.0109 0.0 0.0128 0.0266 0.0401 0.053 0.0649 0.0697
7.000 -1.000 35 0.0746 0.2092 0.166 0.1436 0.142 0.1363 0.1276 0.1198 0.1152 0.1968 0.1483 0.1254 0.1229 0.1181 0.1119 0.1074 0.1059 0.1684 0.1218 0.1041 0.1015 0.0982 0.0954 0.0947 0.0963 0.1307 0.095 0.0835 0.0808 0.0789 0.0794 0.0821 0.0867 0.0929 0.0698 0.0617 0.0587 0.0591 0.0631 0.0691 0.0767 0.0618 0.0476 0.0395 0.0359 0.0391 0.0472 0.0568 0.0667 0.0427 0.0318 0.0215 0.0157 0.0221 0.034 0.0463 0.0579 0.0329 0.0238 0.0128 0.0 0.0136 0.027 0.0397 0.0515 0.0638
7.000 1.000 35 0.0716 0.2029 0.1641 0.1452 0.1376 0.1268 0.1141 0.1051 0.1007 0.1963 0.1487 0.1283 0.1198 0.1098 0.0998 0.0938 0.092 0.1743 0.1262 0.1086 0.0998 0.0913 0.0844 0.0817 0.0826 0.1427 0.1041 0.09 0.0804 0.0732 0.0689 0.0692 0.0727 0.108 0.0831 0.0706 0.0603 0.054 0.0526 0.056 0.062 0.0788 0.0628 0.0507 0.0396 0.034 0.0358 0.0429 0.0517 0.0585 0.047 0.0348 0.0222 0.0154 0.021 0.0318 0.043 0.0469 0.0378 0.0266 0.0136 0.0 0.0133 0.026 0.0377 0.0616
7.000 3.000 35 0.0719 0.2009 0.1638 0.1454 0.1328 0.1175 0.1035 0.0939 0.0894 0.1982 0.1514 0.1305 0.1172 0.1028 0.0909 0.0837 0.0811 0.1812 0.1324 0.1131 0.0995 0.0865 0.0772 0.0723 0.0718 0.1548 0.1143 0.0973 0.0828 0.0704 0.0629 0.0601 0.0615 0.1238 0.0966 0.0808 0.0658 0.0537 0.0474 0.0466 0.0502 0.0956 0.0783 0.0637 0.0485 0.0363 0.0307 0.0324 0.0389 0.0742 0.0623 0.0492 0.0345 0.0211 0.0143 0.0194 0.0293 0.0608 0.0515 0.0401 0.027 0.0133 0.0 0.0126 0.0243 0.0635
7.000 5.000 35 0.0755 0.1996 0.1645 0.1447 0.1291 0.1113 0.0961 0.0866 0.0814 0.2004 0.1542 0.1326 0.116 0.099 0.0854 0.0774 0.0734 0.1875 0.1387 0.1177 0.1009 0.0851 0.0733 0.067 0.0641 0.166 0.1241 0.1047 0.0872 0.0716 0.0608 0.0554 0.0536 0.1385 0.1096 0.0915 0.0734 0.0578 0.0471 0.0422 0.0418 0.1112 0.0929 0.0767 0.0594 0.0438 0.0326 0.0277 0.0292 0.0889 0.0766 0.0629 0.0474 0.0322 0.0195 0.0132 0.0177 0.0739 0.0645 0.053 0.0397 0.026 0.0126 0.0 0.0116 0.0685
7.000 7.000 35 0.0807 0.2001 0.1655 0.145 0.1267 0.1075 0.0918 0.0814 0.0752 0.2031 0.1578 0.1353 0.1163 0.0975 0.0828 0.0734 0.0678 0.1937 0.1444 0.1226 0.1038 0.086 0.0726 0.064 0.0591 0.176 0.1331 0.1122 0.0926 0.0751 0.0621 0.0536 0.0489 0.1516 0.1214 0.1018 0.0818 0.0642 0.0508 0.0418 0.0373 0.1254 0.1062 0.089 0.0704 0.0532 0.0392 0.0292 0.0245 0.1024 0.0898 0.0757 0.0596 0.0437 0.0295 0.0177 0.0117 0.086 0.0765 0.0649 0.0515 0.0377 0.0243 0.0116 0.0 0.0753
0.500 0.000 0 0.01 0.1263 0.0964 0.0807 0.0752 0.0708 0.0674 0.0661 0.0669 0.1265 0.0843 0.0653 0.0573 0.0536 0.0536 0.056 0.0601 0.1165 0.0686 0.0477 0.0369 0.0346 0.0396 0.0469 0.0546 0.104 0.057 0.0351 0.0184 0.0173 0.0293 0.0412 0.052 0.0952 0.0556 0.0329 0.0117 0.011 0.0273 0.0412 0.0534 0.0904 0.0616 0.043 0.0288 0.027 0.0359 0.0473 0.0585 0.0879 0.0699 0.0574 0.048 0.0455 0.0497 0.0575 0.0665 0.0873 0.0771 0.0697 0.0638 0.0616 0.0635 0.0685 0.0753 0.0