n 66
m 2
tmax 12.5
Vmax 1.8
Vmin 1.6
kappa 1.3
dmax 15.0
-0.500 0.000 0 0.0 0.0755 0.0692 0.0644 0.0634 0.0666 0.073 0.0814 0.0916 0.0716 0.0618 0.0532 0.0489 0.0519 0.0622 0.0767 0.0931 0.0684 0.055 0.0414 0.0311 0.0336 0.0513 0.0754 0.1011 0.0675 0.0518 0.034 0.0138 0.0152 0.0452 0.0807 0.1187 0.0703 0.0552 0.0386 0.0231 0.0258 0.0538 0.0946 0.1428 0.0771 0.0649 0.0534 0.0467 0.0522 0.0743 0.1123 0.1611 0.0866 0.0781 0.0715 0.0702 0.0775 0.0961 0.1282 0.1683 0.0971 0.0921 0.0894 0.0916 0.1 0.1159 0.1415 0.1716 0.0134
-7.000 -7.000 35 0.0755 0.0 0.0086 0.0188 0.0304 0.0438 0.0581 0.0703 0.08 0.0088 0.014 0.0242 0.0368 0.052 0.068 0.0821 0.0937 0.0202 0.0252 0.0348 0.0478 0.0642 0.0823 0.099 0.1135 0.034 0.0397 0.0493 0.0627 0.0806 0.1019 0.1243 0.1452 0.0491 0.0559 0.066 0.0801 0.1001 0.1262 0.1583 0.192 0.0643 0.0724 0.0832 0.098 0.119 0.1479 0.1866 0.2318 0.0786 0.088 0.0997 0.115 0.1357 0.1637 0.2013 0.2462 0.0914 0.1021 0.1145 0.1301 0.1503 0.1762 0.2085 0.2467 0.0847
-7.000 -5.000 35 0.0692 0.0086 0.0 0.0101 0.0217 0.0352 0.0493 0.0614 0.071 0.0139 0.0108 0.0164 0.0279 0.0425 0.0582 0.0719 0.0832 0.0251 0.0246 0.0295 0.04 0.0551 0.0721 0.0879 0.1016 0.0395 0.041 0.0463 0.0568 0.0729 0.0923 0.1128 0.132 0.0555 0.0589 0.0651 0.0765 0.0944 0.1185 0.1481 0.1786 0.0717 0.077 0.0843 0.0968 0.1163 0.1437 0.1808 0.2226 0.0872 0.0943 0.1028 0.116 0.1357 0.1628 0.2 0.2433 0.1012 0.11 0.1194 0.1332 0.1527 0.1777 0.2106 0.2477 0.0794
-7.000 -3.000 35 0.0644 0.0188 0.0101 0.0 0.0116 0.0252 0.0392 0.051 0.0604 0.024 0.0164 0.0124 0.0188 0.0321 0.047 0.0602 0.0712 0.0344 0.0294 0.028 0.0337 0.046 0.0611 0.0756 0.0883 0.0486 0.046 0.0467 0.0532 0.0659 0.0825 0.1002 0.1171 0.0649 0.0645 0.0672 0.0754 0.0905 0.1112 0.137 0.1634 0.0816 0.0834 0.0882 0.0981 0.1155 0.1406 0.1746 0.2116 0.0978 0.1017 0.1083 0.1195 0.138 0.1639 0.1993 0.2396 0.1125 0.1183 0.1265 0.1388 0.1575 0.1821 0.2139 0.25 0.0761
-7.000 -1.000 35 0.0634 0.0304 0.0217 0.0116 0.0 0.0135 0.0271 0.0387 0.0478 0.0365 0.0277 0.0188 0.0144 0.0216 0.0345 0.0467 0.0571 0.047 0.0396 0.0336 0.0324 0.0386 0.0497 0.0617 0.073 0.0611 0.0558 0.0526 0.0542 0.0615 0.0729 0.0868 0.1003 0.0776 0.0745 0.074 0.0789 0.0893 0.1049 0.125 0.1461 0.0945 0.094 0.0962 0.1042 0.118 0.1389 0.1679 0.1981 0.1111 0.113 0.1176 0.1281 0.1437 0.1668 0.1992 0.2328 0.1264 0.1305 0.1372 0.1496 0.1661 0.1887 0.2191 0.2499 0.0766
-7.000 1.000 35 0.0666 0.0438 0.0352 0.0252 0.0135 0.0 0.0133 0.0245 0.0335 0.0513 0.0422 0.0319 0.0216 0.0156 0.0215 0.0317 0.0414 0.0626 0.0541 0.0455 0.0384 0.0354 0.0389 0.0468 0.0561 0.0772 0.0702 0.0641 0.0605 0.0602 0.0643 0.0723 0.0823 0.0937 0.0891 0.086 0.0864 0.0906 0.0992 0.1127 0.1265 0.1109 0.109 0.1091 0.1134 0.1227 0.1374 0.1599 0.1815 0.1279 0.1288 0.1318 0.1392 0.1518 0.1699 0.1971 0.2228 0.1438 0.1472 0.1528 0.1626 0.177 0.1956 0.2223 0.2468 0.0808
-7.000 3.000 35 0.073 0.0581 0.0493 0.0392 0.0271 0.0133 0.0 0.0111 0.0202 0.0669 0.0575 0.0467 0.0344 0.0215 0.0142 0.0185 0.0268 0.0794 0.0701 0.06 0.0492 0.0387 0.033 0.0346 0.0407 0.0947 0.0866 0.078 0.0702 0.0629 0.0587 0.0607 0.0655 0.1115 0.1054 0.1002 0.0962 0.094 0.0952 0.1022 0.1087 0.1289 0.1255 0.1237 0.1241 0.1277 0.1375 0.1526 0.1644 0.1467 0.1457 0.1472 0.1512 0.1589 0.1743 0.1946 0.2094 0.163 0.1647 0.1691 0.176 0.1863 0.2038 0.2244 0.2381 0.0872
-7.000 5.000 35 0.0814 0.0703 0.0614 0.051 0.0387 0.0245 0.0111 0.0 0.0091 0.0807 0.071 0.0597 0.0465 0.0317 0.0185 0.012 0.0155 0.0944 0.0846 0.0734 0.0605 0.0463 0.0345 0.0287 0.0297 0.1106 0.1016 0.0918 0.0807 0.069 0.0594 0.054 0.0535 0.1278 0.1206 0.1136 0.107 0.1005 0.0969 0.0957 0.0948 0.1462 0.1411 0.1375 0.1358 0.136 0.1412 0.1491 0.1494 0.1639 0.1624 0.1617 0.1642 0.1695 0.1808 0.1951 0.1955 0.1808 0.1822 0.1845 0.1905 0.1991 0.2129 0.2282 0.226 0.0958
-7.000 7.000 35 0.0916 0.08 0.071 0.0604 0.0478 0.0335 0.0202 0.0091 0.0 0.092 0.0822 0.0706 0.057 0.0414 0.0269 0.0155 0.0099 0.1072 0.097 0.0852 0.0713 0.0554 0.0407 0.0299 0.024 0.1245 0.1149 0.1042 0.0919 0.0778 0.0647 0.0542 0.0459 0.1426 0.1348 0.1269 0.1188 0.1105 0.103 0.0956 0.084 0.1619 0.157 0.1521 0.1492 0.1484 0.1496 0.1485 0.1366 0.1808 0.179 0.1786 0.1795 0.1842 0.1913 0.1939 0.1816 0.1996 0.2001 0.2032 0.2077 0.2158 0.2247 0.2262 0.2105 0.1064
-5.000 -7.000 35 0.0716 0.0088 0.0139 0.024 0.0365 0.0513 0.0669 0.0807 0.092 0.0 0.0113 0.0245 0.0394 0.0567 0.075 0.0915 0.1054 0.0114 0.0179 0.0307 0.0466 0.0657 0.0865 0.1063 0.124 0.0251 0.031 0.0424 0.0583 0.0789 0.1033 0.1298 0.1557 0.0401 0.0465 0.0575 0.0732 0.0949 0.1235 0.1592 0.199 0.0552 0.0625 0.0736 0.0892 0.1111 0.141 0.1815 0.2302 0.0693 0.0778 0.0893 0.1048 0.1259 0.1538 0.1912 0.2365 0.0819 0.0916 0.1036 0.1189 0.1391 0.1647 0.1962 0.2324 0.0793
-5.000 -5.000 25 0.0618 0.014 0.0108 0.0164 0.0277 0.0422 0.0575 0.071 0.0822 0.0113 0.0 0.0132 0.0281 0.0454 0.0636 0.0799 0.0937 0.0178 0.0137 0.0208 0.0352 0.0537 0.074 0.0934 0.1107 0.0309 0.0301 0.0359 0.0488 0.0678 0.091 0.1162 0.1408 0.0463 0.0478 0.054 0.0665 0.0864 0.1131 0.1471 0.1843 0.0622 0.0658 0.0727 0.0854 0.1056 0.1343 0.1736 0.2201 0.0774 0.0829 0.0908 0.1037 0.1235 0.1505 0.1875 0.2325 0.0911 0.0984 0.1071 0.1203 0.1394 0.1638 0.1958 0.2323 0.0708
-5.000 -3.000 25 0.0532 0.0242 0.0164 0.0124 0.0188 0.0319 0.0467 0.0597 0.0706 0.0245 0.0132 0.0 0.015 0.0323 0.0504 0.0665 0.0801 0.0306 0.0208 0.0157 0.0237 0.0405 0.0599 0.0785 0.0953 0.0422 0.0358 0.0342 0.0413 0.0568 0.0777 0.1009 0.1237 0.0569 0.0536 0.0547 0.0626 0.079 0.103 0.1336 0.1674 0.0727 0.0722 0.0754 0.0846 0.1022 0.1286 0.1654 0.2083 0.0882 0.0901 0.0953 0.1056 0.1234 0.1493 0.1851 0.2273 0.1025 0.1066 0.1134 0.1245 0.1422 0.166 0.197 0.2334 0.0641
-5.000 -1.000 25 0.0489 0.0368 0.0279 0.0188 0.0144 0.0216 0.0344 0.0465 0.057 0.0394 0.0281 0.015 0.0 0.0172 0.035 0.0507 0.064 0.0463 0.035 0.0237 0.0181 0.0272 0.0441 0.0615 0.0775 0.0574 0.0483 0.041 0.0398 0.0481 0.0639 0.0838 0.1042 0.0715 0.0653 0.0618 0.0644 0.0748 0.0933 0.1195 0.1478 0.0871 0.0838 0.0835 0.0895 0.1025 0.1246 0.157 0.194 0.1026 0.1022 0.1046 0.1132 0.1276 0.1504 0.1839 0.2214 0.1172 0.1192 0.124 0.1345 0.1495 0.1711 0.2011 0.2335 0.0619
-5.000 1.000 25 0.0519 0.052 0.0425 0.0321 0.0216 0.0156 0.0215 0.0317 0.0414 0.0567 0.0454 0.0323 0.0172 0.0 0.0173 0.0327 0.0458 0.0648 0.0531 0.0402 0.0272 0.0199 0.0279 0.0427 0.0575 0.0764 0.066 0.0557 0.0475 0.0448 0.0515 0.0654 0.0823 0.0906 0.0825 0.076 0.0728 0.0753 0.0853 0.1038 0.126 0.1059 0.1011 0.0981 0.0995 0.1071 0.1222 0.1479 0.1766 0.1215 0.1198 0.1202 0.1251 0.1359 0.1534 0.1819 0.2126 0.1363 0.1374 0.1407 0.1482 0.1608 0.1783 0.205 0.2323 0.066
-5.000 3.000 25 0.0622 0.068 0.0582 0.047 0.0345 0.0215 0.0142 0.0185 0.0269 0.075 0.0636 0.0504 0.035 0.0173 0.0 0.0153 0.0284 0.0846 0.0726 0.059 0.0437 0.0278 0.019 0.0256 0.0383 0.0972 0.086 0.0741 0.0619 0.0505 0.0452 0.0505 0.0617 0.1118 0.1029 0.0938 0.0866 0.0814 0.0822 0.0917 0.1046 0.1274 0.1213 0.1166 0.1139 0.1151 0.1243 0.1409 0.1584 0.1432 0.1402 0.1391 0.1405 0.1462 0.1607 0.1812 0.2005 0.1589 0.1583 0.1604 0.165 0.1734 0.1897 0.2098 0.2266 0.076
-5.000 5.000 25 0.0767 0.0821 0.0719 0.0602 0.0467 0.0317 0.0185 0.012 0.0155 0.0915 0.0799 0.0665 0.0507 0.0327 0.0153 0.0 0.0131 0.1028 0.0906 0.0766 0.0604 0.0422 0.0256 0.0171 0.0226 0.1168 0.1053 0.0925 0.0783 0.0628 0.0496 0.0433 0.046 0.1326 0.123 0.1133 0.103 0.0938 0.0875 0.0858 0.0879 0.1489 0.1421 0.1362 0.1319 0.1293 0.132 0.1394 0.1423 0.1661 0.1619 0.1596 0.1598 0.1625 0.1714 0.1848 0.1872 0.182 0.1815 0.1818 0.1857 0.1918 0.2032 0.2171 0.2166 0.0908
-5.000 7.000 35 0.0931 0.0937 0.0832 0.0712 0.0571 0.0414 0.0268 0.0155 0.0099 0.1054 0.0937 0.0801 0.064 0.0458 0.0284 0.0131 0.0 0.1189 0.1065 0.0923 0.0757 0.0567 0.0382 0.0226 0.0144 0.1348 0.123 0.1099 0.095 0.0779 0.0607 0.0463 0.0371 0.1523 0.1427 0.1327 0.1221 0.1102 0.0993 0.088 0.0762 0.1704 0.1638 0.1576 0.1524 0.1486 0.1456 0.1407 0.1291 0.1895 0.1862 0.1829 0.1821 0.1838 0.1865 0.1852 0.1735 0.2071 0.2067 0.2078 0.2095 0.2143 0.2186 0.2165 0.2017 0.108
-3.000 -7.000 35 0.0684 0.0202 0.0251 0.0344 0.047 0.0626 0.0794 0.0944 0.1072 0.0114 0.0178 0.0306 0.0463 0.0648 0.0846 0.1028 0.1189 0.0 0.0139 0.0301 0.0484 0.0697 0.093 0.116 0.1373 0.0136 0.0211 0.0361 0.055 0.0782 0.1058 0.1364 0.1677 0.0284 0.0348 0.0477 0.0656 0.0896 0.1206 0.16 0.2052 0.0433 0.05 0.0618 0.0786 0.1018 0.1326 0.174 0.225 0.0573 0.0649 0.0764 0.0924 0.1141 0.1421 0.1788 0.223 0.0697 0.0783 0.0899 0.1053 0.1255 0.1506 0.1815 0.2163 0.0738
-3.000 -5.000 25 0.055 0.0252 0.0246 0.0294 0.0396 0.0541 0.0701 0.0846 0.097 0.0179 0.0137 0.0208 0.035 0.0531 0.0726 0.0906 0.1065 0.0139 0.0 0.0161 0.0344 0.0558 0.0791 0.1019 0.1231 0.0211 0.0162 0.0244 0.0415 0.0642 0.0913 0.1213 0.1519 0.0348 0.0338 0.0404 0.0551 0.0776 0.1077 0.1461 0.1899 0.0499 0.0515 0.0582 0.0718 0.0931 0.123 0.1639 0.214 0.0647 0.0685 0.0757 0.0887 0.1087 0.1358 0.1724 0.2168 0.0781 0.0838 0.0917 0.1045 0.1232 0.1473 0.1776 0.2133 0.0618
-3.000 -3.000 15 0.0414 0.0348 0.0295 0.028 0.0336 0.0455 0.06 0.0734 0.0852 0.0307 0.0208 0.0157 0.0237 0.0402 0.059 0.0766 0.0923 0.0301 0.0161 0.0 0.0184 0.0399 0.0631 0.0857 0.1067 0.036 0.0244 0.0185 0.0282 0.0488 0.0749 0.104 0.1337 0.0475 0.0403 0.0387 0.047 0.0659 0.0939 0.1305 0.1721 0.0614 0.058 0.0592 0.0679 0.0861 0.114 0.1534 0.2015 0.0759 0.0755 0.0789 0.0882 0.1056 0.1314 0.1673 0.2108 0.0895 0.0916 0.0968 0.1067 0.1234 0.1464 0.1763 0.2109 0.0504
-3.000 -1.000 15 0.0311 0.0478 0.04 0.0337 0.0324 0.0384 0.0492 0.0605 0.0713 0.0466 0.0352 0.0237 0.0181 0.0272 0.0437 0.0604 0.0757 0.0484 0.0344 0.0184 0.0 0.0214 0.0444 0.0667 0.0874 0.0546 0.0413 0.0281 0.0217 0.0334 0.0565 0.084 0.1122 0.0648 0.0547 0.0467 0.0461 0.0571 0.0799 0.1129 0.151 0.0777 0.0712 0.0676 0.0709 0.0831 0.1067 0.1426 0.1867 0.0917 0.0884 0.0882 0.0943 0.1073 0.1297 0.1638 0.2044 0.1051 0.1047 0.1071 0.1153 0.1286 0.1489 0.178 0.2108 0.0435
-3.000 1.000 15 0.0336 0.0642 0.0551 0.046 0.0386 0.0354 0.0387 0.0463 0.0554 0.0657 0.0537 0.0405 0.0272 0.0199 0.0278 0.0422 0.0567 0.0697 0.0558 0.0399 0.0214 0.0 0.0226 0.0446 0.0651 0.0769 0.0632 0.0482 0.0332 0.0251 0.0372 0.061 0.0871 0.0871 0.0756 0.0646 0.0562 0.0555 0.0677 0.0935 0.1261 0.0996 0.0912 0.0846 0.082 0.0869 0.1022 0.1317 0.1681 0.113 0.1082 0.1054 0.1069 0.1152 0.1317 0.1611 0.1965 0.1263 0.1246 0.125 0.1296 0.1397 0.1556 0.1815 0.2108 0.0474
-3.000 3.000 15 0.0513 0.0823 0.0721 0.0611 0.0497 0.0389 0.033 0.0345 0.0407 0.0865 0.074 0.0599 0.0441 0.0279 0.019 0.0256 0.0382 0.093 0.0791 0.0631 0.0444 0.0226 0.0 0.0219 0.0421 0.1018 0.088 0.0726 0.0552 0.0369 0.0269 0.0389 0.061 0.113 0.101 0.0886 0.0763 0.0657 0.0642 0.0773 0.1004 0.1259 0.1169 0.108 0.1015 0.0986 0.1058 0.1237 0.149 0.1395 0.1336 0.1291 0.1268 0.1291 0.1414 0.1616 0.1856 0.1527 0.1499 0.1489 0.1503 0.1557 0.1696 0.1885 0.208 0.0635
-3.000 5.000 25 0.0754 0.099 0.0879 0.0756 0.0617 0.0468 0.0346 0.0287 0.0299 0.1063 0.0934 0.0785 0.0615 0.0427 0.0256 0.0171 0.0226 0.116 0.1019 0.0857 0.0667 0.0446 0.0219 0.0 0.02 0.1272 0.1135 0.0979 0.0799 0.0592 0.0385 0.0273 0.0371 0.1405 0.1285 0.1157 0.1019 0.0875 0.0749 0.0708 0.0777 0.155 0.1459 0.1368 0.1275 0.121 0.1186 0.1239 0.1304 0.1696 0.1634 0.158 0.1544 0.1528 0.1571 0.1681 0.173 0.1841 0.1803 0.1783 0.1785 0.1807 0.1879 0.1994 0.2006 0.0874
-3.000 7.000 35 0.1011 0.1135 0.1016 0.0883 0.073 0.0561 0.0407 0.0297 0.024 0.124 0.1107 0.0953 0.0775 0.0575 0.0383 0.0226 0.0144 0.1373 0.1231 0.1067 0.0874 0.0651 0.0421 0.02 0.0 0.1519 0.1383 0.1229 0.1048 0.0835 0.0601 0.0371 0.0237 0.1686 0.157 0.1444 0.1304 0.1143 0.0964 0.0774 0.0641 0.1861 0.1774 0.1684 0.1594 0.1488 0.1402 0.1286 0.1169 0.2028 0.1969 0.1912 0.1862 0.1824 0.1782 0.1713 0.16 0.2191 0.216 0.2123 0.2105 0.2098 0.2077 0.201 0.187 0.1153
-1.000 -7.000 35 0.0675 0.034 0.0395 0.0486 0.0611 0.0772 0.0947 0.1106 0.1245 0.0251 0.0309 0.0422 0.0574 0.0764 0.0972 0.1168 0.1348 0.0136 0.0211 0.036 0.0546 0.0769 0.1018 0.1272 0.1519 0.0 0.0157 0.0339 0.0547 0.0796 0.1095 0.1438 0.1807 0.0146 0.0227 0.0388 0.0593 0.0852 0.118 0.1599 0.2094 0.0293 0.036 0.0494 0.068 0.0924 0.1239 0.1655 0.2167 0.0431 0.0501 0.062 0.0788 0.1013 0.1295 0.1653 0.2079 0.0554 0.0631 0.0744 0.09 0.1104 0.1355 0.1653 0.1982 0.0699
-1.000 -5.000 25 0.0518 0.0397 0.041 0.046 0.0558 0.0702 0.0866 0.1016 0.1149 0.031 0.0301 0.0358 0.0483 0.066 0.086 0.1053 0.123 0.0211 0.0162 0.0244 0.0413 0.0632 0.088 0.1135 0.1383 0.0157 0.0 0.0181 0.039 0.0642 0.0942 0.1285 0.1654 0.0227 0.0174 0.0264 0.045 0.0704 0.1031 0.1449 0.194 0.036 0.035 0.0419 0.0573 0.0803 0.1114 0.153 0.2043 0.05 0.0518 0.0586 0.0721 0.0926 0.12 0.1558 0.1989 0.063 0.0669 0.074 0.0866 0.1053 0.1292 0.1586 0.1916 0.0547
-1.000 -3.000 15 0.034 0.0493 0.0463 0.0467 0.0526 0.0641 0.078 0.0918 0.1042 0.0424 0.0359 0.0342 0.041 0.0557 0.0741 0.0925 0.1099 0.0361 0.0244 0.0185 0.0281 0.0482 0.0726 0.0979 0.1229 0.0339 0.0181 0.0 0.0211 0.0465 0.0766 0.111 0.1478 0.0388 0.0263 0.02 0.0308 0.0542 0.0863 0.1278 0.1761 0.0492 0.0419 0.0403 0.049 0.0688 0.0985 0.1397 0.1905 0.0619 0.0586 0.0598 0.0684 0.0857 0.1113 0.1469 0.19 0.0745 0.0742 0.0775 0.0863 0.1022 0.1245 0.1531 0.1861 0.0382
-1.000 -1.000 5 0.0138 0.0627 0.0568 0.0532 0.0542 0.0605 0.0702 0.0807 0.0919 0.0583 0.0488 0.0413 0.0398 0.0475 0.0619 0.0783 0.095 0.055 0.0415 0.0282 0.0217 0.0332 0.0552 0.0799 0.1048 0.0547 0.039 0.0211 0.0 0.0255 0.0557 0.0901 0.1267 0.0591 0.0449 0.0308 0.0241 0.038 0.0674 0.1076 0.1546 0.0678 0.0573 0.0491 0.0485 0.0604 0.0861 0.1253 0.1743 0.0788 0.0723 0.0687 0.0716 0.0831 0.1052 0.1387 0.1811 0.0905 0.0873 0.087 0.0924 0.1039 0.1228 0.1503 0.1823 0.0228
-1.000 1.000 5 0.0152 0.0806 0.0729 0.0659 0.0615 0.0602 0.0629 0.069 0.0778 0.0789 0.0678 0.0568 0.0481 0.0448 0.0505 0.0628 0.0779 0.0782 0.0642 0.0488 0.0334 0.0251 0.0369 0.0592 0.0835 0.0796 0.0642 0.0465 0.0255 0.0 0.0301 0.0644 0.1007 0.0845 0.0699 0.054 0.0379 0.0299 0.0471 0.0834 0.1278 0.0923 0.0805 0.069 0.0604 0.0606 0.0762 0.11 0.1546 0.1024 0.094 0.087 0.084 0.0883 0.1033 0.1327 0.1699 0.1131 0.1081 0.1049 0.1058 0.1123 0.1261 0.1503 0.1798 0.0253
-1.000 3.000 15 0.0452 0.1019 0.0923 0.0825 0.0729 0.0643 0.0587 0.0594 0.0647 0.1033 0.091 0.0777 0.0639 0.0515 0.0452 0.0496 0.0607 0.1058 0.0913 0.0749 0.0565 0.0372 0.0269 0.0385 0.0601 0.1095 0.0942 0.0766 0.0557 0.0301 0.0 0.0342 0.0699 0.1156 0.101 0.0847 0.0663 0.0467 0.037 0.0576 0.0959 0.1236 0.1112 0.0982 0.0855 0.0756 0.0772 0.0969 0.1317 0.1331 0.1237 0.1146 0.1073 0.1041 0.1115 0.1307 0.159 0.1431 0.1368 0.1315 0.1286 0.1295 0.1388 0.1557 0.1765 0.0518
-1.000 5.000 25 0.0807 0.1243 0.1128 0.1002 0.0868 0.0723 0.0607 0.054 0.0542 0.1298 0.1162 0.1009 0.0838 0.0654 0.0505 0.0433 0.0463 0.1364 0.1213 0.104 0.084 0.061 0.0389 0.0273 0.0371 0.1438 0.1285 0.111 0.0901 0.0644 0.0342 0.0 0.0347 0.1524 0.1381 0.122 0.1033 0.0811 0.0571 0.0435 0.0615 0.1618 0.1495 0.1361 0.1218 0.1074 0.0955 0.0949 0.1071 0.1718 0.1621 0.1521 0.142 0.1341 0.1311 0.137 0.145 0.1817 0.1746 0.1679 0.1624 0.1588 0.1599 0.1666 0.17 0.0882
-1.000 7.000 35 0.1187 0.1452 0.132 0.1171 0.1003 0.0823 0.0655 0.0535 0.0459 0.1557 0.1408 0.1237 0.1042 0.0823 0.0617 0.046 0.0371 0.1677 0.1519 0.1337 0.1122 0.0871 0.061 0.0371 0.0237 0.1807 0.1654 0.1478 0.1267 0.1007 0.0699 0.0347 0.0 0.1934 0.1794 0.1636 0.145 0.1222 0.0939 0.0613 0.0408 0.2056 0.1936 0.1802 0.1651 0.1479 0.1287 0.1063 0.0921 0.2171 0.2073 0.1965 0.1849 0.1714 0.1593 0.1449 0.1328 0.2269 0.2191 0.2109 0.2024 0.1937 0.1839 0.1719 0.158 0.1291
1.000 -7.000 35 0.0703 0.0491 0.0555 0.0649 0.0776 0.0937 0.1115 0.1278 0.1426 0.0401 0.0463 0.0569 0.0715 0.0906 0.1118 0.1326 0.1523 0.0284 0.0348 0.0475 0.0648 0.0871 0.113 0.1405 0.1686 0.0146 0.0227 0.0388 0.0591 0.0845 0.1156 0.1524 0.1934 0.0 0.0162 0.0351 0.0568 0.0832 0.1165 0.1593 0.2112 0.0145 0.0226 0.0389 0.0595 0.0849 0.1165 0.1573 0.2071 0.0282 0.0349 0.048 0.0662 0.0894 0.1178 0.1525 0.1926 0.0404 0.0471 0.0586 0.0745 0.0954 0.1206 0.1496 0.1809 0.0694
1.000 -5.000 25 0.0552 0.0559 0.0589 0.0645 0.0745 0.0891 0.1054 0.1206 0.1348 0.0465 0.0478 0.0536 0.0653 0.0825 0.1029 0.123 0.1427 0.0348 0.0338 0.0403 0.0547 0.0756 0.101 0.1285 0.157 0.0227 0.0174 0.0263 0.0449 0.0699 0.101 0.1381 0.1794 0.0162 0.0 0.0188 0.0406 0.0673 0.1009 0.144 0.1961 0.0226 0.0174 0.0265 0.0452 0.0702 0.1019 0.1429 0.193 0.0349 0.0341 0.041 0.0559 0.0777 0.1055 0.1402 0.1807 0.0472 0.049 0.0556 0.0684 0.0873 0.1114 0.1401 0.1714 0.0535
1.000 -3.000 15 0.0386 0.066 0.0651 0.0672 0.074 0.086 0.1002 0.1136 0.1269 0.0575 0.054 0.0547 0.0618 0.076 0.0938 0.1133 0.1327 0.0477 0.0404 0.0387 0.0467 0.0646 0.0886 0.1157 0.1444 0.0388 0.0264 0.02 0.0308 0.054 0.0847 0.122 0.1636 0.0351 0.0188 0.0 0.022 0.049 0.0829 0.1264 0.1786 0.0388 0.0265 0.0201 0.031 0.0541 0.0854 0.1268 0.1771 0.048 0.041 0.0395 0.0478 0.0662 0.0926 0.1271 0.1679 0.0588 0.0557 0.0569 0.0648 0.0805 0.1024 0.1304 0.1616 0.0353
1.000 -1.000 5 0.0231 0.0801 0.0765 0.0754 0.0789 0.0864 0.0962 0.107 0.1188 0.0732 0.0665 0.0626 0.0644 0.0728 0.0866 0.103 0.1221 0.0656 0.0551 0.047 0.0461 0.0562 0.0763 0.1019 0.1304 0.0593 0.045 0.0308 0.0241 0.0379 0.0663 0.1033 0.145 0.0568 0.0406 0.022 0.0 0.0273 0.0615 0.1054 0.1577 0.0595 0.0453 0.031 0.0241 0.0379 0.0671 0.1082 0.1584 0.0663 0.0561 0.048 0.047 0.0576 0.0802 0.1135 0.1539 0.0752 0.0689 0.0652 0.0675 0.0774 0.0954 0.1211 0.1519 0.0144
1.000 1.000 5 0.0258 0.1001 0.0944 0.0905 0.0893 0.0906 0.094 0.1005 0.1105 0.0949 0.0864 0.079 0.0748 0.0753 0.0814 0.0938 0.1102 0.0896 0.0776 0.0659 0.0571 0.0555 0.0657 0.0875 0.1143 0.0852 0.0704 0.0542 0.038 0.0299 0.0467 0.0811 0.1222 0.0832 0.0673 0.049 0.0273 0.0 0.0346 0.0788 0.131 0.0854 0.0707 0.0544 0.038 0.03 0.0477 0.0862 0.1352 0.0906 0.0788 0.0671 0.0581 0.0571 0.0706 0.0999 0.1382 0.0976 0.0894 0.0822 0.0785 0.0809 0.0923 0.1143 0.1415 0.0161
1.000 3.000 15 0.0538 0.1262 0.1185 0.1112 0.1049 0.0992 0.0952 0.0969 0.103 0.1235 0.1131 0.103 0.0933 0.0853 0.0822 0.0875 0.0993 0.1206 0.1077 0.0939 0.0799 0.0677 0.0642 0.0749 0.0964 0.118 0.1031 0.0863 0.0674 0.0471 0.037 0.0571 0.0939 0.1165 0.1009 0.0829 0.0615 0.0346 0.0 0.0445 0.0959 0.1182 0.1034 0.0866 0.0677 0.0478 0.0386 0.062 0.1058 0.122 0.1094 0.0958 0.0822 0.0717 0.0717 0.0892 0.1204 0.1272 0.1175 0.1081 0.0997 0.095 0.0983 0.1123 0.1327 0.0495
1.000 5.000 25 0.0946 0.1583 0.1481 0.137 0.125 0.1127 0.1022 0.0957 0.0956 0.1592 0.1471 0.1336 0.1195 0.1038 0.0917 0.0858 0.088 0.16 0.1461 0.1305 0.1129 0.0935 0.0773 0.0708 0.0774 0.1599 0.1449 0.1278 0.1076 0.0834 0.0576 0.0435 0.0613 0.1593 0.144 0.1264 0.1054 0.0788 0.0445 0.0 0.0499 0.1609 0.1461 0.1292 0.1096 0.0867 0.062 0.0486 0.0705 0.1633 0.1502 0.1356 0.1196 0.1033 0.0907 0.0883 0.0997 0.1666 0.1558 0.1444 0.1332 0.1225 0.1164 0.1167 0.1216 0.093
1.000 7.000 35 0.1428 0.192 0.1786 0.1634 0.1461 0.1265 0.1087 0.0948 0.084 0.199 0.1843 0.1674 0.1478 0.126 0.1046 0.0879 0.0762 0.2052 0.1899 0.1721 0.151 0.1261 0.1004 0.0777 0.0641 0.2094 0.194 0.1761 0.1546 0.1278 0.0959 0.0615 0.0408 0.2112 0.1961 0.1786 0.1577 0.131 0.0959 0.0499 0.0 0.2126 0.1978 0.1807 0.1605 0.136 0.1059 0.0705 0.0481 0.2136 0.2 0.1843 0.1663 0.1458 0.1236 0.1005 0.0859 0.2146 0.2026 0.1892 0.1743 0.1577 0.1408 0.1239 0.1094 0.1442
3.000 -7.000 35 0.0771 0.0643 0.0717 0.0816 0.0945 0.1109 0.1289 0.1462 0.1619 0.0552 0.0622 0.0727 0.0871 0.1059 0.1274 0.1489 0.1704 0.0433 0.0499 0.0614 0.0777 0.0996 0.1259 0.155 0.1861 0.0293 0.036 0.0492 0.0678 0.0923 0.1236 0.1618 0.2056 0.0145 0.0226 0.0388 0.0595 0.0854 0.1182 0.1609 0.2126 0.0 0.0157 0.0341 0.0554 0.0807 0.1116 0.1506 0.198 0.0136 0.0213 0.0368 0.0564 0.0801 0.1083 0.1417 0.1792 0.0257 0.0319 0.0441 0.0608 0.082 0.1069 0.135 0.1644 0.0732
3.000 -5.000 25 0.0649 0.0724 0.077 0.0834 0.094 0.109 0.1255 0.1411 0.157 0.0625 0.0658 0.0722 0.0838 0.1011 0.1213 0.1421 0.1638 0.05 0.0515 0.058 0.0712 0.0912 0.1169 0.1459 0.1774 0.036 0.035 0.0419 0.0573 0.0805 0.1112 0.1495 0.1936 0.0226 0.0174 0.0265 0.0453 0.0707 0.1034 0.1461 0.1978 0.0157 0.0 0.0184 0.0397 0.0652 0.0963 0.1355 0.1831 0.0213 0.0165 0.0252 0.043 0.0662 0.0942 0.1278 0.1655 0.032 0.0314 0.0378 0.0516 0.0713 0.0956 0.1234 0.1529 0.0594
3.000 -3.000 15 0.0534 0.0832 0.0843 0.0882 0.0962 0.1091 0.1237 0.1375 0.1521 0.0736 0.0727 0.0754 0.0835 0.0981 0.1166 0.1362 0.1576 0.0618 0.0582 0.0592 0.0676 0.0846 0.108 0.1368 0.1684 0.0494 0.0419 0.0403 0.0491 0.069 0.0982 0.1361 0.1802 0.0389 0.0265 0.0201 0.031 0.0544 0.0866 0.1292 0.1807 0.0341 0.0184 0.0 0.0215 0.0472 0.0785 0.118 0.1658 0.0368 0.0252 0.0192 0.0294 0.0507 0.0782 0.1119 0.1498 0.0443 0.0379 0.0365 0.0441 0.0607 0.0833 0.1105 0.1398 0.0451
3.000 -1.000 15 0.0467 0.098 0.0968 0.0981 0.1042 0.1134 0.1241 0.1358 0.1492 0.0892 0.0854 0.0846 0.0895 0.0995 0.1139 0.1319 0.1524 0.0786 0.0718 0.0679 0.0709 0.082 0.1015 0.1275 0.1594 0.068 0.0573 0.049 0.0485 0.0604 0.0855 0.1218 0.1651 0.0595 0.0452 0.031 0.0241 0.038 0.0677 0.1096 0.1605 0.0554 0.0397 0.0215 0.0 0.0259 0.0575 0.0973 0.1452 0.0565 0.0431 0.0294 0.0227 0.035 0.0603 0.0936 0.1315 0.0613 0.0518 0.0442 0.0431 0.0522 0.071 0.0965 0.1251 0.0344
3.000 1.000 15 0.0522 0.119 0.1163 0.1155 0.118 0.1227 0.1277 0.136 0.1484 0.1111 0.1056 0.1022 0.1025 0.1071 0.1151 0.1293 0.1486 0.1018 0.0931 0.0861 0.0831 0.0869 0.0986 0.121 0.1488 0.0924 0.0803 0.0688 0.0604 0.0606 0.0756 0.1074 0.1479 0.0849 0.0702 0.0541 0.0379 0.03 0.0478 0.0867 0.136 0.0807 0.0652 0.0472 0.0259 0.0 0.0318 0.0722 0.12 0.0807 0.0667 0.051 0.0351 0.0271 0.0418 0.0727 0.1099 0.0834 0.0723 0.0613 0.0526 0.0507 0.0607 0.0823 0.1088 0.0383
3.000 3.000 15 0.0743 0.1479 0.1437 0.1406 0.1389 0.1374 0.1375 0.1412 0.1496 0.141 0.1343 0.1286 0.1246 0.1222 0.1243 0.132 0.1456 0.1326 0.123 0.114 0.1067 0.1022 0.1058 0.1186 0.1402 0.1239 0.1114 0.0985 0.0861 0.0762 0.0772 0.0955 0.1287 0.1165 0.1019 0.0854 0.0671 0.0477 0.0386 0.062 0.1059 0.1116 0.0963 0.0785 0.0575 0.0318 0.0 0.0406 0.0878 0.1102 0.0959 0.0795 0.0611 0.042 0.0328 0.051 0.0843 0.1108 0.0988 0.0858 0.0726 0.0617 0.0593 0.0708 0.0915 0.0625
3.000 5.000 25 0.1123 0.1866 0.1808 0.1746 0.1679 0.1599 0.1526 0.1491 0.1485 0.1815 0.1736 0.1654 0.157 0.1479 0.1409 0.1394 0.1407 0.174 0.1639 0.1534 0.1426 0.1317 0.1237 0.1239 0.1286 0.1655 0.153 0.1397 0.1253 0.11 0.0969 0.0949 0.1063 0.1573 0.1429 0.1268 0.1082 0.0862 0.062 0.0486 0.0705 0.1506 0.1355 0.118 0.0973 0.0722 0.0406 0.0 0.0458 0.1473 0.1328 0.116 0.0966 0.0743 0.0514 0.0389 0.055 0.1452 0.1325 0.1182 0.1023 0.0858 0.0724 0.0672 0.0731 0.1022
3.000 7.000 35 0.1611 0.2318 0.2226 0.2116 0.1981 0.1815 0.1644 0.1494 0.1366 0.2302 0.2201 0.2083 0.194 0.1766 0.1584 0.1423 0.1291 0.225 0.214 0.2015 0.1867 0.1681 0.149 0.1304 0.1169 0.2167 0.2043 0.1905 0.1743 0.1546 0.1317 0.1071 0.0921 0.2071 0.193 0.1771 0.1584 0.1352 0.1058 0.0705 0.0481 0.198 0.1831 0.1658 0.1452 0.12 0.0878 0.0458 0.0 0.1912 0.1764 0.159 0.1385 0.1142 0.0861 0.0552 0.0364 0.1856 0.1719 0.1561 0.1378 0.1169 0.0949 0.0739 0.0598 0.1521
5.000 -7.000 35 0.0866 0.0786 0.0872 0.0978 0.1111 0.1279 0.1467 0.1639 0.1808 0.0693 0.0774 0.0882 0.1026 0.1215 0.1432 0.1661 0.1895 0.0573 0.0647 0.0759 0.0917 0.113 0.1395 0.1696 0.2028 0.0431 0.05 0.0619 0.0788 0.1024 0.1331 0.1718 0.2171 0.0282 0.0349 0.048 0.0663 0.0906 0.122 0.1633 0.2136 0.0136 0.0213 0.0368 0.0565 0.0807 0.1102 0.1473 0.1912 0.0 0.0144 0.0314 0.0511 0.0743 0.1014 0.1331 0.1681 0.012 0.0189 0.0327 0.0502 0.0713 0.0955 0.1221 0.1493 0.0806
5.000 -5.000 25 0.0781 0.088 0.0943 0.1017 0.113 0.1288 0.1457 0.1624 0.179 0.0778 0.0829 0.0901 0.1022 0.1198 0.1402 0.1619 0.1862 0.0649 0.0685 0.0755 0.0884 0.1082 0.1336 0.1634 0.1969 0.0501 0.0518 0.0586 0.0723 0.094 0.1237 0.1621 0.2073 0.0349 0.0341 0.041 0.0561 0.0788 0.1094 0.1502 0.2 0.0213 0.0165 0.0252 0.0431 0.0667 0.0959 0.1328 0.1764 0.0144 0.0 0.017 0.0367 0.06 0.0872 0.1189 0.1539 0.019 0.0147 0.0225 0.0383 0.059 0.083 0.1096 0.1368 0.0703
5.000 -3.000 25 0.0715 0.0997 0.1028 0.1083 0.1176 0.1318 0.1472 0.1617 0.1786 0.0893 0.0908 0.0953 0.1046 0.1202 0.1391 0.1596 0.1829 0.0764 0.0757 0.0789 0.0882 0.1054 0.1291 0.158 0.1912 0.062 0.0586 0.0598 0.0687 0.087 0.1146 0.1521 0.1965 0.048 0.041 0.0395 0.048 0.0671 0.0958 0.1356 0.1843 0.0368 0.0252 0.0192 0.0294 0.051 0.0795 0.116 0.159 0.0314 0.017 0.0 0.0198 0.0433 0.0706 0.1024 0.1373 0.0329 0.0225 0.0171 0.0262 0.0451 0.0686 0.0951 0.1222 0.0613
5.000 -1.000 25 0.0702 0.115 0.116 0.1195 0.1281 0.1392 0.1512 0.1642 0.1795 0.1048 0.1037 0.1056 0.1132 0.1251 0.1405 0.1598 0.1821 0.0924 0.0887 0.0882 0.0943 0.1069 0.1268 0.1544 0.1862 0.0788 0.0721 0.0684 0.0716 0.084 0.1073 0.142 0.1849 0.0662 0.0559 0.0478 0.047 0.0581 0.0822 0.1196 0.1663 0.0564 0.043 0.0294 0.0227 0.0351 0.0611 0.0966 0.1385 0.0511 0.0367 0.0198 0.0 0.0235 0.0509 0.0827 0.1175 0.0505 0.0385 0.0263 0.0202 0.031 0.0523 0.0781 0.105 0.0573
5.000 1.000 25 0.0775 0.1357 0.1357 0.138 0.1437 0.1518 0.1589 0.1695 0.1842 0.1259 0.1235 0.1234 0.1276 0.1359 0.1462 0.1625 0.1838 0.1141 0.1087 0.1056 0.1073 0.1152 0.1291 0.1528 0.1824 0.1013 0.0926 0.0857 0.0831 0.0883 0.1041 0.1341 0.1714 0.0894 0.0777 0.0662 0.0576 0.0571 0.0717 0.1033 0.1458 0.0801 0.0662 0.0507 0.035 0.0271 0.042 0.0743 0.1142 0.0743 0.06 0.0433 0.0235 0.0 0.0274 0.0594 0.0939 0.072 0.0594 0.0453 0.0311 0.0236 0.0353 0.0588 0.0848 0.063
5.000 3.000 25 0.0961 0.1637 0.1628 0.1639 0.1668 0.1699 0.1743 0.1808 0.1913 0.1538 0.1505 0.1493 0.1504 0.1534 0.1607 0.1714 0.1865 0.1421 0.1358 0.1314 0.1297 0.1317 0.1414 0.1571 0.1782 0.1295 0.12 0.1113 0.1052 0.1033 0.1115 0.1311 0.1593 0.1178 0.1055 0.0926 0.0802 0.0706 0.0717 0.0907 0.1236 0.1083 0.0942 0.0782 0.0603 0.0418 0.0328 0.0514 0.0861 0.1014 0.0872 0.0706 0.0509 0.0274 0.0 0.032 0.066 0.0973 0.0844 0.0696 0.0528 0.0355 0.0266 0.0395 0.0622 0.0817
5.000 5.000 25 0.1282 0.2013 0.2 0.1993 0.1992 0.1971 0.1946 0.1951 0.1939 0.1912 0.1875 0.1851 0.1839 0.1819 0.1812 0.1848 0.1852 0.1788 0.1724 0.1673 0.1638 0.1611 0.1616 0.1681 0.1713 0.1653 0.1558 0.1469 0.1387 0.1327 0.1307 0.137 0.1449 0.1525 0.1402 0.1271 0.1135 0.0999 0.0892 0.0883 0.1005 0.1417 0.1278 0.1119 0.0936 0.0727 0.051 0.0389 0.0552 0.1331 0.1189 0.1024 0.0827 0.0594 0.032 0.0 0.0328 0.1266 0.1134 0.0981 0.0803 0.0599 0.0397 0.0286 0.0385 0.1134
5.000 7.000 35 0.1683 0.2462 0.2433 0.2396 0.2328 0.2228 0.2094 0.1955 0.1816 0.2365 0.2325 0.2273 0.2214 0.2126 0.2005 0.1872 0.1735 0.223 0.2168 0.2108 0.2044 0.1965 0.1856 0.173 0.16 0.2079 0.1989 0.19 0.1811 0.1699 0.159 0.145 0.1328 0.1926 0.1807 0.1679 0.1539 0.1382 0.1204 0.0997 0.0859 0.1792 0.1655 0.1498 0.1315 0.1099 0.0843 0.055 0.0364 0.1681 0.1539 0.1373 0.1175 0.0939 0.066 0.0328 0.0 0.158 0.1444 0.1284 0.1096 0.0874 0.0631 0.0386 0.0241 0.1532
7.000 -7.000 35 0.0971 0.0914 0.1012 0.1125 0.1264 0.1438 0.163 0.1808 0.1996 0.0819 0.0911 0.1025 0.1172 0.1363 0.1589 0.182 0.2071 0.0697 0.0781 0.0895 0.1051 0.1263 0.1527 0.1841 0.2191 0.0554 0.063 0.0745 0.0905 0.1131 0.1431 0.1817 0.2269 0.0404 0.0472 0.0588 0.0752 0.0976 0.1272 0.1666 0.2146 0.0257 0.032 0.0443 0.0613 0.0834 0.1108 0.1452 0.1856 0.012 0.019 0.0329 0.0505 0.072 0.0973 0.1266 0.158 0.0 0.0123 0.0269 0.0438 0.0638 0.0865 0.1111 0.1357 0.0894
7.000 -5.000 35 0.0921 0.1021 0.11 0.1183 0.1305 0.1472 0.1647 0.1822 0.2001 0.0916 0.0984 0.1066 0.1192 0.1374 0.1583 0.1815 0.2067 0.0783 0.0838 0.0916 0.1047 0.1246 0.1499 0.1803 0.216 0.0631 0.0669 0.0742 0.0873 0.1081 0.1368 0.1746 0.2191 0.0471 0.049 0.0557 0.0689 0.0894 0.1175 0.1558 0.2026 0.0319 0.0314 0.0379 0.0518 0.0723 0.0988 0.1325 0.1719 0.0189 0.0147 0.0225 0.0385 0.0594 0.0844 0.1134 0.1444 0.0123 0.0 0.0146 0.0315 0.0515 0.0743 0.0988 0.1233 0.0828
7.000 -3.000 35 0.0894 0.1145 0.1194 0.1265 0.1372 0.1528 0.1691 0.1845 0.2032 0.1036 0.1071 0.1134 0.124 0.1407 0.1604 0.1818 0.2078 0.0899 0.0917 0.0968 0.1071 0.125 0.1489 0.1783 0.2123 0.0744 0.074 0.0775 0.087 0.1049 0.1315 0.1679 0.2109 0.0586 0.0556 0.0569 0.0652 0.0822 0.1081 0.1444 0.1892 0.0441 0.0378 0.0365 0.0442 0.0613 0.0858 0.1182 0.1561 0.0327 0.0225 0.0171 0.0263 0.0453 0.0696 0.0981 0.1284 0.0269 0.0146 0.0 0.017 0.0371 0.0599 0.0843 0.1087 0.0782
7.000 -1.000 35 0.0916 0.1301 0.1332 0.1388 0.1496 0.1626 0.176 0.1905 0.2077 0.1189 0.1203 0.1245 0.1345 0.1482 0.165 0.1857 0.2095 0.1053 0.1045 0.1067 0.1153 0.1296 0.1503 0.1785 0.2105 0.09 0.0866 0.0863 0.0924 0.1058 0.1286 0.1624 0.2024 0.0745 0.0684 0.0648 0.0675 0.0785 0.0997 0.1332 0.1743 0.0608 0.0516 0.0441 0.0431 0.0526 0.0726 0.1023 0.1378 0.0502 0.0383 0.0262 0.0202 0.0311 0.0528 0.0803 0.1096 0.0438 0.0315 0.017 0.0 0.0201 0.0428 0.0671 0.0912 0.0784
7.000 1.000 35 0.1 0.1503 0.1527 0.1575 0.1661 0.177 0.1863 0.1991 0.2158 0.1391 0.1394 0.1422 0.1495 0.1608 0.1734 0.1918 0.2143 0.1255 0.1232 0.1234 0.1286 0.1397 0.1557 0.1807 0.2098 0.1104 0.1053 0.1022 0.1039 0.1123 0.1295 0.1588 0.1937 0.0954 0.0873 0.0805 0.0774 0.0809 0.095 0.1225 0.1577 0.082 0.0713 0.0607 0.0522 0.0507 0.0617 0.0858 0.1169 0.0713 0.059 0.0451 0.031 0.0236 0.0355 0.0599 0.0874 0.0638 0.0515 0.0371 0.0201 0.0 0.0225 0.0467 0.0705 0.0853
7.000 3.000 35 0.1159 0.1762 0.1777 0.1821 0.1887 0.1956 0.2038 0.2129 0.2247 0.1647 0.1638 0.166 0.1711 0.1783 0.1897 0.2032 0.2186 0.1506 0.1473 0.1464 0.1489 0.1556 0.1696 0.1879 0.2077 0.1355 0.1292 0.1245 0.1228 0.1261 0.1388 0.1599 0.1839 0.1206 0.1114 0.1024 0.0954 0.0923 0.0983 0.1164 0.1408 0.1069 0.0956 0.0833 0.071 0.0607 0.0593 0.0724 0.0949 0.0955 0.083 0.0686 0.0523 0.0353 0.0266 0.0397 0.0631 0.0865 0.0743 0.0599 0.0428 0.0225 0.0 0.0241 0.0474 0.1007
7.000 5.000 35 0.1415 0.2085 0.2106 0.2139 0.2191 0.2223 0.2244 0.2282 0.2262 0.1962 0.1958 0.197 0.2011 0.205 0.2098 0.2171 0.2165 0.1815 0.1776 0.1763 0.178 0.1815 0.1885 0.1994 0.201 0.1653 0.1586 0.1531 0.1503 0.1503 0.1557 0.1666 0.1719 0.1496 0.1401 0.1304 0.1211 0.1143 0.1123 0.1167 0.1239 0.135 0.1234 0.1105 0.0965 0.0823 0.0708 0.0672 0.0739 0.1221 0.1096 0.0951 0.0781 0.0588 0.0395 0.0286 0.0386 0.1111 0.0988 0.0843 0.0671 0.0467 0.0241 0.0 0.0226 0.125
7.000 7.000 35 0.1716 0.2467 0.2477 0.25 0.2499 0.2468 0.2381 0.226 0.2105 0.2324 0.2323 0.2334 0.2335 0.2323 0.2266 0.2166 0.2017 0.2163 0.2133 0.2109 0.2108 0.2108 0.208 0.2006 0.187 0.1982 0.1916 0.1861 0.1823 0.1798 0.1765 0.17 0.158 0.1809 0.1714 0.1616 0.1519 0.1415 0.1327 0.1216 0.1094 0.1644 0.1529 0.1398 0.1251 0.1088 0.0915 0.0731 0.0598 0.1493 0.1368 0.1222 0.105 0.0848 0.0622 0.0385 0.0241 0.1357 0.1233 0.1087 0.0912 0.0705 0.0474 0.0226 0.0 0.1551
0.500 0.000 0 0.0134 0.0847 0.0794 0.0761 0.0766 0.0808 0.0872 0.0958 0.1064 0.0793 0.0708 0.0641 0.0619 0.066 0.076 0.0908 0.108 0.0738 0.0618 0.0504 0.0435 0.0474 0.0635 0.0874 0.1153 0.0699 0.0547 0.0382 0.0228 0.0253 0.0518 0.0882 0.1291 0.0694 0.0535 0.0353 0.0144 0.0161 0.0495 0.093 0.1442 0.0732 0.0594 0.0451 0.0344 0.0383 0.0625 0.1022 0.1521 0.0806 0.0703 0.0613 0.0573 0.063 0.0817 0.1134 0.1532 0.0894 0.0828 0.0782 0.0784 0.0853 0.1007 0.125 0.1551 0.0