n 64
m 2
tmax 7.5
Vmax 1.6
Vmin 1.4
kappa 1
dmax 9.0
0.000 -7.000 0 0.0 0.0176 0.0159 0.0386 0.0255 0.0327 0.0621 0.0451 0.0421 0.0522 0.0871 0.0703 0.0605 0.0643 0.0761 0.1116 0.0982 0.0864 0.084 0.0919 0.106 0.1336 0.1252 0.1146 0.109 0.1119 0.1229 0.1367 0.153 0.1481 0.1415 0.1344 0.1332 0.1397 0.1502 0.1624 0.1675 0.1634 0.1573 0.1545 0.1551 0.1625 0.1721 0.1813 0.1788 0.1739 0.172 0.1754 0.1804 0.1962 0.1923 0.1898 0.1881 0.1915 0.2103 0.2061 0.2032 0.2037 0.2214 0.2186 0.2151 0.2319 0.2279 0.2405
-1.000 -6.000 6 0.0176 0.0 0.0255 0.0209 0.0201 0.0417 0.0442 0.0312 0.0424 0.0631 0.0688 0.0536 0.0532 0.069 0.0902 0.0932 0.08 0.0736 0.0817 0.1005 0.1232 0.115 0.1063 0.0987 0.1004 0.1137 0.1339 0.1557 0.1332 0.1284 0.1226 0.1219 0.128 0.1437 0.1626 0.1821 0.1462 0.1441 0.1417 0.1442 0.1541 0.1683 0.1854 0.1609 0.1598 0.1613 0.1648 0.1754 0.1893 0.1767 0.1769 0.1786 0.1849 0.1936 0.1914 0.1934 0.1948 0.2013 0.2061 0.207 0.2103 0.2191 0.2187 0.2286
1.000 -6.000 6 0.0159 0.0255 0.0 0.0447 0.0186 0.017 0.0687 0.0422 0.0279 0.0367 0.0957 0.0704 0.0508 0.0483 0.0615 0.1223 0.1015 0.0804 0.0701 0.0757 0.0913 0.1464 0.1311 0.1125 0.0981 0.0961 0.1063 0.122 0.1677 0.1561 0.1415 0.1261 0.1198 0.1219 0.1334 0.1464 0.1777 0.1659 0.153 0.142 0.1394 0.1452 0.1537 0.1875 0.1758 0.1637 0.1583 0.1569 0.1625 0.1956 0.1859 0.1762 0.1722 0.1737 0.2048 0.1945 0.1888 0.1851 0.2132 0.2041 0.1989 0.219 0.213 0.2252
-2.000 -5.000 12 0.0386 0.0209 0.0447 0.0 0.0312 0.0594 0.0232 0.0239 0.0527 0.0815 0.0475 0.036 0.0519 0.081 0.1112 0.0713 0.0591 0.0622 0.0844 0.1147 0.146 0.0931 0.0832 0.0812 0.0935 0.1189 0.149 0.1785 0.111 0.1051 0.1016 0.1075 0.1253 0.15 0.1772 0.2024 0.1224 0.12 0.1236 0.1331 0.1522 0.1749 0.1993 0.1366 0.1384 0.1448 0.1577 0.175 0.1961 0.1522 0.158 0.1652 0.1786 0.1957 0.1697 0.1758 0.185 0.1968 0.1867 0.1921 0.2013 0.2008 0.2072 0.2127
0.000 -5.000 6 0.0255 0.0201 0.0186 0.0312 0.0 0.0279 0.0531 0.0236 0.0226 0.0479 0.0788 0.0517 0.0361 0.0495 0.0753 0.1054 0.082 0.0626 0.0621 0.0813 0.108 0.1289 0.1117 0.0926 0.0844 0.0928 0.1147 0.1398 0.1485 0.1363 0.1215 0.1092 0.1092 0.123 0.143 0.164 0.1561 0.1451 0.1328 0.1286 0.1325 0.1471 0.164 0.1647 0.1556 0.1473 0.1464 0.1544 0.1662 0.1745 0.1662 0.1627 0.1635 0.1719 0.185 0.1786 0.1764 0.1803 0.1941 0.1907 0.1892 0.2036 0.2004 0.2119
2.000 -5.000 12 0.0327 0.0417 0.017 0.0594 0.0279 0.0 0.0834 0.0504 0.0213 0.0201 0.1111 0.0797 0.0492 0.0334 0.0452 0.14 0.1126 0.0821 0.0603 0.0586 0.0752 0.1651 0.1435 0.1166 0.092 0.0817 0.0877 0.1058 0.1858 0.1694 0.147 0.1239 0.1073 0.1048 0.1151 0.1297 0.1917 0.1725 0.1513 0.1322 0.1247 0.125 0.1348 0.1952 0.1757 0.1575 0.1438 0.1395 0.1431 0.1985 0.1799 0.1639 0.1565 0.1531 0.2005 0.1853 0.173 0.1671 0.204 0.1899 0.1823 0.2075 0.196 0.2096
-3.000 -4.000 18 0.0621 0.0442 0.0687 0.0232 0.0531 0.0834 0.0 0.036 0.0727 0.1067 0.0241 0.0265 0.0621 0.1007 0.1377 0.0476 0.0381 0.058 0.0945 0.134 0.1722 0.0686 0.0589 0.0651 0.0916 0.1285 0.1668 0.2028 0.0867 0.0788 0.0797 0.0949 0.1241 0.1579 0.1921 0.2228 0.0961 0.0949 0.1036 0.124 0.1511 0.1812 0.21 0.1092 0.1151 0.1278 0.1489 0.1738 0.2009 0.1263 0.1359 0.1514 0.1709 0.1942 0.1452 0.1563 0.1718 0.1909 0.1633 0.1755 0.1895 0.1796 0.1913 0.1943
-1.000 -4.000 12 0.0451 0.0312 0.0422 0.0239 0.0236 0.0504 0.036 0.0 0.0361 0.0696 0.0589 0.0279 0.0282 0.0622 0.0978 0.0835 0.0578 0.0427 0.0606 0.0947 0.1307 0.1066 0.0861 0.0688 0.0706 0.0943 0.1279 0.1612 0.1254 0.1108 0.095 0.0894 0.0999 0.1254 0.1548 0.1827 0.1302 0.1186 0.1095 0.1116 0.1272 0.1498 0.1743 0.1376 0.1292 0.1271 0.1331 0.1494 0.1692 0.1478 0.1432 0.1445 0.1539 0.1685 0.159 0.1582 0.1613 0.1715 0.1715 0.1719 0.1773 0.1832 0.1842 0.1928
1.000 -4.000 12 0.0421 0.0424 0.0279 0.0527 0.0226 0.0213 0.0727 0.0361 0.0 0.0334 0.098 0.0626 0.0278 0.0271 0.0588 0.1241 0.0934 0.0603 0.0426 0.0589 0.0901 0.1484 0.1237 0.0934 0.0707 0.0701 0.0912 0.1207 0.1676 0.1484 0.124 0.0998 0.0902 0.0978 0.1197 0.1433 0.1684 0.1489 0.1276 0.1118 0.1102 0.1224 0.14 0.1697 0.1513 0.1339 0.1267 0.129 0.141 0.1723 0.1565 0.1443 0.1412 0.1468 0.1764 0.1628 0.1561 0.1552 0.1815 0.171 0.1668 0.1861 0.1793 0.1913
3.000 -4.000 18 0.0522 0.0631 0.0367 0.0815 0.0479 0.0201 0.1067 0.0696 0.0334 0.0 0.1356 0.0991 0.0605 0.0263 0.0253 0.1641 0.1315 0.0938 0.0587 0.0408 0.0551 0.1897 0.1625 0.128 0.0929 0.0687 0.0666 0.0842 0.2092 0.1872 0.1576 0.1254 0.0979 0.0866 0.0911 0.1083 0.2068 0.1822 0.153 0.1262 0.1078 0.1035 0.1116 0.204 0.1774 0.1511 0.1298 0.12 0.1184 0.2 0.1745 0.1528 0.1375 0.131 0.1968 0.174 0.1561 0.1463 0.1938 0.1754 0.1617 0.1928 0.1771 0.1925
-4.000 -3.000 24 0.0871 0.0688 0.0957 0.0475 0.0788 0.1111 0.0241 0.0589 0.098 0.1356 0.0 0.0381 0.0816 0.1253 0.1671 0.0232 0.0266 0.0654 0.1106 0.1559 0.1989 0.044 0.0362 0.0571 0.0964 0.1401 0.1834 0.2232 0.0616 0.0531 0.0603 0.0877 0.126 0.166 0.2044 0.2382 0.0691 0.0707 0.0868 0.1164 0.1506 0.1856 0.2179 0.0826 0.0922 0.1133 0.141 0.1715 0.2015 0.1005 0.115 0.1371 0.1626 0.1904 0.1202 0.1374 0.1582 0.1821 0.1398 0.1572 0.1771 0.1581 0.1739 0.1733
-2.000 -3.000 18 0.0703 0.0536 0.0704 0.036 0.0517 0.0797 0.0265 0.0279 0.0626 0.0991 0.0381 0.0 0.0427 0.0857 0.1269 0.0593 0.0294 0.0312 0.0713 0.115 0.1571 0.0801 0.0571 0.044 0.0643 0.1025 0.1435 0.1821 0.0981 0.0806 0.0663 0.07 0.0952 0.1307 0.1666 0.199 0.1001 0.0877 0.0843 0.0965 0.1224 0.1528 0.1825 0.1065 0.1008 0.105 0.1212 0.1447 0.1706 0.1171 0.1176 0.1258 0.1426 0.1637 0.1309 0.1349 0.1455 0.1613 0.1456 0.1514 0.1624 0.1593 0.1662 0.1713
0.000 -3.000 12 0.0605 0.0532 0.0508 0.0519 0.0361 0.0492 0.0621 0.0282 0.0278 0.0605 0.0816 0.0427 0.0 0.0426 0.0836 0.1038 0.0693 0.032 0.0321 0.0711 0.112 0.1244 0.0964 0.0643 0.0465 0.0652 0.1011 0.1378 0.1422 0.1204 0.0933 0.0718 0.072 0.0947 0.1266 0.1567 0.1394 0.1183 0.0971 0.088 0.0967 0.1193 0.1447 0.1388 0.1207 0.1072 0.1063 0.119 0.1383 0.1413 0.1273 0.1207 0.1246 0.1376 0.1466 0.1371 0.1351 0.1416 0.1535 0.1479 0.1488 0.1612 0.1582 0.1685
2.000 -3.000 18 0.0643 0.069 0.0483 0.081 0.0495 0.0334 0.1007 0.0622 0.0271 0.0263 0.1253 0.0857 0.0426 0.0 0.0408 0.1496 0.1136 0.0716 0.0319 0.0313 0.0678 0.1704 0.1401 0.1024 0.0652 0.046 0.0629 0.0948 0.1877 0.1629 0.1307 0.096 0.0714 0.0699 0.0894 0.1159 0.1808 0.1542 0.1237 0.0972 0.0858 0.0918 0.1098 0.174 0.1478 0.1222 0.1048 0.1015 0.1104 0.1691 0.1452 0.1255 0.1159 0.1168 0.1663 0.1463 0.1325 0.1277 0.1656 0.1497 0.1408 0.1665 0.1546 0.1682
4.000 -3.000 24 0.0761 0.0902 0.0615 0.1112 0.0753 0.0452 0.1377 0.0978 0.0588 0.0253 0.1671 0.1269 0.0836 0.0408 0.0 0.1939 0.1571 0.114 0.0698 0.0305 0.0292 0.2152 0.1835 0.1437 0.1013 0.063 0.0433 0.0574 0.2319 0.2051 0.1699 0.1305 0.0931 0.0676 0.0641 0.0794 0.2212 0.1912 0.1555 0.1205 0.0922 0.0791 0.0818 0.2093 0.1779 0.1449 0.1164 0.0973 0.0911 0.1985 0.1676 0.1392 0.1173 0.1051 0.1887 0.1608 0.1376 0.1216 0.1809 0.157 0.1387 0.175 0.1554 0.1709
-5.000 -2.000 30 0.1116 0.0932 0.1223 0.0713 0.1054 0.14 0.0476 0.0835 0.1241 0.1641 0.0232 0.0593 0.1038 0.1496 0.1939 0.0 0.0362 0.0808 0.1288 0.1763 0.2213 0.0206 0.024 0.0607 0.1058 0.1524 0.1973 0.2382 0.0381 0.0312 0.0503 0.0872 0.1295 0.1716 0.211 0.2452 0.045 0.0514 0.0767 0.1128 0.1509 0.1878 0.2209 0.0595 0.0746 0.1024 0.1353 0.169 0.2006 0.0784 0.0985 0.1257 0.1554 0.1849 0.0991 0.121 0.1464 0.1736 0.1197 0.141 0.1647 0.1382 0.1585 0.1538
-3.000 -2.000 24 0.0982 0.08 0.1015 0.0591 0.082 0.1126 0.0381 0.0578 0.0934 0.1315 0.0266 0.0294 0.0693 0.1136 0.1571 0.0362 0.0 0.044 0.0911 0.1379 0.1824 0.0536 0.0273 0.03 0.0705 0.1156 0.1597 0.2 0.0701 0.0505 0.0398 0.06 0.0972 0.1373 0.1757 0.2091 0.0695 0.058 0.0628 0.0874 0.1211 0.1558 0.1877 0.0756 0.074 0.0871 0.112 0.1415 0.1708 0.0878 0.0938 0.1103 0.1335 0.1592 0.1037 0.1139 0.1309 0.152 0.1206 0.1325 0.1487 0.1365 0.1485 0.1505
-1.000 -2.000 18 0.0864 0.0736 0.0804 0.0622 0.0626 0.0821 0.058 0.0427 0.0603 0.0938 0.0654 0.0312 0.032 0.0716 0.114 0.0808 0.044 0.0 0.0465 0.0928 0.1368 0.0973 0.0667 0.0317 0.0325 0.0728 0.1157 0.1554 0.1122 0.0882 0.0601 0.0442 0.0628 0.0979 0.1344 0.167 0.1066 0.0843 0.066 0.0669 0.0888 0.1192 0.149 0.1048 0.088 0.0805 0.0896 0.1111 0.1365 0.1079 0.0978 0.0982 0.1105 0.13 0.1154 0.111 0.1158 0.1288 0.1252 0.1249 0.1318 0.1356 0.1378 0.1455
1.000 -2.000 18 0.084 0.0817 0.0701 0.0844 0.0621 0.0603 0.0945 0.0606 0.0426 0.0587 0.1106 0.0713 0.0321 0.0319 0.0698 0.1288 0.0911 0.0465 0.0 0.046 0.0897 0.1447 0.1126 0.0725 0.0327 0.0324 0.0708 0.1094 0.158 0.1316 0.0979 0.0629 0.0443 0.0612 0.093 0.1239 0.1483 0.1206 0.0897 0.0667 0.0654 0.0846 0.1103 0.14 0.1138 0.0901 0.0791 0.0859 0.1036 0.135 0.1127 0.0973 0.0947 0.104 0.1335 0.1166 0.1078 0.1101 0.135 0.1232 0.1195 0.1386 0.1308 0.1429
3.000 -2.000 24 0.0919 0.1005 0.0757 0.1147 0.0813 0.0586 0.134 0.0947 0.0589 0.0408 0.1559 0.115 0.0711 0.0313 0.0305 0.1763 0.1379 0.0928 0.046 0.0 0.0433 0.1917 0.1585 0.1169 0.0723 0.0318 0.0307 0.065 0.2033 0.1753 0.139 0.0985 0.0613 0.0421 0.0564 0.0829 0.1897 0.1588 0.1226 0.0878 0.0635 0.0605 0.0758 0.176 0.1445 0.1121 0.0862 0.0737 0.0775 0.1644 0.1349 0.1084 0.0913 0.0864 0.1556 0.1299 0.1102 0.0995 0.1496 0.1286 0.1147 0.1461 0.1301 0.1446
5.000 -2.000 30 0.106 0.1232 0.0913 0.146 0.108 0.0752 0.1722 0.1307 0.0901 0.0551 0.1989 0.1571 0.112 0.0678 0.0292 0.2213 0.1824 0.1368 0.0897 0.0433 0.0 0.2361 0.2021 0.1596 0.1137 0.0685 0.0292 0.0273 0.2458 0.2165 0.1786 0.1358 0.0935 0.0565 0.0375 0.0486 0.2284 0.1953 0.1563 0.1166 0.0812 0.0567 0.0521 0.2098 0.1752 0.1382 0.1042 0.0777 0.0638 0.1928 0.1589 0.1261 0.0986 0.0801 0.178 0.1468 0.1192 0.0982 0.1656 0.1384 0.1159 0.1558 0.133 0.1486
-6.000 -1.000 36 0.1336 0.115 0.1464 0.0931 0.1289 0.1651 0.0686 0.1066 0.1484 0.1897 0.044 0.0801 0.1244 0.1704 0.2152 0.0206 0.0536 0.0973 0.1447 0.1917 0.2361 0.0 0.0312 0.0712 0.1168 0.1629 0.2069 0.2466 0.0175 0.0201 0.0515 0.092 0.1351 0.1767 0.215 0.2476 0.0261 0.042 0.0743 0.1128 0.1515 0.1881 0.2202 0.043 0.0649 0.0975 0.133 0.1676 0.1993 0.063 0.088 0.119 0.1509 0.1814 0.084 0.1097 0.1382 0.1666 0.1043 0.129 0.1552 0.1226 0.1457 0.1386
-4.000 -1.000 30 0.1252 0.1063 0.1311 0.0832 0.1117 0.1435 0.0589 0.0861 0.1237 0.1625 0.0362 0.0571 0.0964 0.1401 0.1835 0.024 0.0273 0.0667 0.1126 0.1585 0.2021 0.0312 0.0 0.0398 0.0847 0.1301 0.1735 0.2126 0.0452 0.0231 0.026 0.0627 0.1045 0.1455 0.1832 0.2154 0.0422 0.0336 0.0521 0.0863 0.1233 0.1589 0.1904 0.0488 0.054 0.0771 0.1086 0.1412 0.1717 0.0632 0.0764 0.1004 0.1285 0.1568 0.0815 0.0983 0.1209 0.1458 0.1002 0.1177 0.1384 0.1178 0.1342 0.1326
-2.000 -1.000 24 0.1146 0.0987 0.1125 0.0812 0.0926 0.1166 0.0651 0.0688 0.0934 0.128 0.0571 0.044 0.0643 0.1024 0.1437 0.0607 0.03 0.0317 0.0725 0.1169 0.1596 0.0712 0.0398 0.0 0.0442 0.0889 0.1318 0.1704 0.0834 0.058 0.0282 0.0295 0.0668 0.1066 0.1437 0.1754 0.0753 0.0523 0.0392 0.0566 0.0889 0.1227 0.1533 0.0727 0.0581 0.0601 0.0807 0.109 0.1375 0.0771 0.0722 0.0818 0.1022 0.1267 0.0872 0.0894 0.1017 0.1207 0.1002 0.1061 0.1191 0.1135 0.1211 0.1256
0.000 -1.000 18 0.109 0.1004 0.0981 0.0935 0.0844 0.092 0.0916 0.0706 0.0707 0.0929 0.0964 0.0643 0.0465 0.0652 0.1013 0.1058 0.0705 0.0325 0.0327 0.0723 0.1137 0.1168 0.0847 0.0442 0.0 0.0443 0.0868 0.125 0.1271 0.1003 0.0658 0.03 0.0298 0.0654 0.1015 0.1327 0.1152 0.0871 0.0568 0.04 0.0556 0.0851 0.114 0.1064 0.0807 0.0605 0.0596 0.0778 0.1021 0.1019 0.0822 0.0726 0.0794 0.0966 0.1024 0.0895 0.0877 0.0971 0.1068 0.0998 0.1024 0.1134 0.1107 0.1205
2.000 -1.000 24 0.1119 0.1137 0.0961 0.1189 0.0928 0.0817 0.1285 0.0943 0.0701 0.0687 0.1401 0.1025 0.0652 0.046 0.063 0.1524 0.1156 0.0728 0.0324 0.0318 0.0685 0.1629 0.1301 0.0889 0.0443 0.0 0.0421 0.08 0.1712 0.1433 0.1072 0.0667 0.0293 0.0284 0.0604 0.0907 0.1556 0.1251 0.0895 0.0557 0.0382 0.0517 0.0764 0.142 0.1111 0.0801 0.058 0.0557 0.0706 0.131 0.1028 0.0795 0.0684 0.0729 0.1236 0.1003 0.0851 0.0814 0.1198 0.1024 0.0934 0.1191 0.1069 0.1204
4.000 -1.000 30 0.1229 0.1339 0.1063 0.149 0.1147 0.0877 0.1668 0.1279 0.0912 0.0666 0.1834 0.1435 0.1011 0.0629 0.0433 0.1973 0.1597 0.1157 0.0708 0.0307 0.0292 0.2069 0.1735 0.1318 0.0868 0.0421 0.0 0.0375 0.2129 0.1842 0.147 0.1051 0.0634 0.0271 0.0253 0.052 0.1937 0.1617 0.1238 0.0854 0.0517 0.0342 0.0446 0.176 0.1425 0.1068 0.0748 0.0526 0.0486 0.1599 0.1275 0.0967 0.0728 0.0605 0.1466 0.1174 0.0927 0.0765 0.1363 0.1117 0.0933 0.1291 0.1094 0.1244
6.000 -1.000 36 0.1367 0.1557 0.122 0.1785 0.1398 0.1058 0.2028 0.1612 0.1207 0.0842 0.2232 0.1821 0.1378 0.0948 0.0574 0.2382 0.2 0.1554 0.1094 0.065 0.0273 0.2466 0.2126 0.1704 0.125 0.08 0.0375 0.0 0.25 0.2205 0.1826 0.1399 0.097 0.0566 0.0233 0.021 0.2272 0.1941 0.1549 0.1146 0.0765 0.0446 0.0283 0.2058 0.1706 0.1327 0.0965 0.0652 0.0439 0.1855 0.1507 0.1162 0.0854 0.0619 0.1675 0.1349 0.105 0.0801 0.1521 0.1231 0.098 0.1394 0.1145 0.1294
-7.000 0.000 42 0.153 0.1332 0.1677 0.111 0.1485 0.1858 0.0867 0.1254 0.1676 0.2092 0.0616 0.0981 0.1422 0.1877 0.2319 0.0381 0.0701 0.1122 0.158 0.2033 0.2458 0.0175 0.0452 0.0834 0.1271 0.1712 0.2129 0.25 0.0 0.0261 0.0596 0.0997 0.1416 0.1816 0.2179 0.2483 0.017 0.043 0.0779 0.1167 0.1548 0.1902 0.2209 0.0354 0.0629 0.0974 0.1334 0.1677 0.1986 0.055 0.0838 0.1168 0.1496 0.1802 0.0752 0.1037 0.134 0.1632 0.0944 0.1214 0.1484 0.1116 0.1368 0.1267
-5.000 0.000 36 0.1481 0.1284 0.1561 0.1051 0.1363 0.1694 0.0788 0.1108 0.1484 0.1872 0.0531 0.0806 0.1204 0.1629 0.2051 0.0312 0.0505 0.0882 0.1316 0.1753 0.2165 0.0201 0.0231 0.058 0.1003 0.1433 0.1842 0.2205 0.0261 0.0 0.0336 0.0734 0.1147 0.1542 0.19 0.2199 0.0192 0.0218 0.0537 0.0916 0.1291 0.164 0.1943 0.0283 0.0445 0.0756 0.1101 0.1435 0.1738 0.046 0.0672 0.097 0.1279 0.1574 0.066 0.089 0.1159 0.1432 0.0859 0.108 0.132 0.1037 0.124 0.1187
-3.000 0.000 30 0.1415 0.1226 0.1415 0.1016 0.1215 0.147 0.0797 0.095 0.124 0.1576 0.0603 0.0663 0.0933 0.1307 0.1699 0.0503 0.0398 0.0601 0.0979 0.139 0.1786 0.0515 0.026 0.0282 0.0658 0.1072 0.147 0.1826 0.0596 0.0336 0.0 0.0392 0.0797 0.1186 0.1539 0.1834 0.0487 0.0241 0.0259 0.0597 0.0961 0.1303 0.16 0.0447 0.0343 0.0507 0.0808 0.1125 0.1419 0.0507 0.0538 0.0736 0.1006 0.1281 0.0641 0.0742 0.0942 0.1178 0.0802 0.0931 0.1115 0.0959 0.1091 0.1099
-1.000 0.000 24 0.1344 0.1219 0.1261 0.1075 0.1092 0.1239 0.0949 0.0894 0.0998 0.1254 0.0877 0.07 0.0718 0.096 0.1305 0.0872 0.06 0.0442 0.0629 0.0985 0.1358 0.092 0.0627 0.0295 0.03 0.0667 0.1051 0.1399 0.0997 0.0734 0.0392 0.0 0.04 0.0785 0.1133 0.1425 0.0863 0.0578 0.0268 0.0269 0.0593 0.0925 0.1216 0.0763 0.0509 0.0365 0.051 0.0785 0.1063 0.0721 0.0553 0.0552 0.0724 0.0961 0.0746 0.0673 0.074 0.0909 0.0822 0.0815 0.0909 0.0921 0.0951 0.1021
1.000 0.000 24 0.1332 0.128 0.1198 0.1253 0.1092 0.1073 0.1241 0.0999 0.0902 0.0979 0.126 0.0952 0.072 0.0714 0.0931 0.1295 0.0972 0.0628 0.0443 0.0613 0.0935 0.1351 0.1045 0.0668 0.0298 0.0293 0.0634 0.097 0.1416 0.1147 0.0797 0.04 0.0 0.0382 0.0727 0.1015 0.1255 0.0955 0.0602 0.0265 0.0258 0.0553 0.0835 0.1115 0.0812 0.0511 0.0352 0.048 0.0718 0.101 0.074 0.0541 0.0523 0.0671 0.0948 0.0741 0.0644 0.0693 0.0932 0.0796 0.0769 0.0952 0.0876 0.0994
3.000 0.000 30 0.1397 0.1437 0.1219 0.15 0.123 0.1048 0.1579 0.1254 0.0978 0.0866 0.166 0.1307 0.0947 0.0699 0.0676 0.1716 0.1373 0.0979 0.0612 0.0421 0.0565 0.1767 0.1455 0.1066 0.0654 0.0284 0.0271 0.0566 0.1816 0.1542 0.1186 0.0785 0.0382 0.0 0.0342 0.0627 0.1628 0.1319 0.0952 0.0577 0.0248 0.0233 0.0481 0.1454 0.1131 0.0787 0.048 0.0322 0.0424 0.1306 0.0993 0.0701 0.05 0.047 0.1184 0.0909 0.0692 0.0587 0.1098 0.0877 0.0733 0.1047 0.0883 0.1027
5.000 0.000 36 0.1502 0.1626 0.1334 0.1772 0.143 0.1151 0.1921 0.1548 0.1197 0.0911 0.2044 0.1666 0.1266 0.0894 0.0641 0.211 0.1757 0.1344 0.093 0.0564 0.0375 0.215 0.1832 0.1437 0.1015 0.0604 0.0253 0.0233 0.2179 0.19 0.1539 0.1133 0.0727 0.0342 0.0 0.0283 0.1963 0.1647 0.1273 0.0887 0.0521 0.0215 0.0194 0.176 0.1425 0.1063 0.0717 0.0423 0.0272 0.1578 0.1244 0.0915 0.0628 0.0431 0.1412 0.1102 0.0823 0.0608 0.1274 0.1004 0.0782 0.1167 0.0944 0.109
7.000 0.000 42 0.1624 0.1821 0.1464 0.2024 0.164 0.1297 0.2228 0.1827 0.1433 0.1083 0.2382 0.199 0.1567 0.1159 0.0794 0.2452 0.2091 0.167 0.1239 0.0829 0.0486 0.2476 0.2154 0.1754 0.1327 0.0907 0.052 0.021 0.2483 0.2199 0.1834 0.1425 0.1015 0.0627 0.0283 0.0 0.224 0.1918 0.1538 0.1146 0.0771 0.0434 0.0172 0.2009 0.1666 0.1296 0.0936 0.0607 0.0342 0.1799 0.1453 0.1107 0.0788 0.0518 0.1599 0.1271 0.0963 0.0693 0.1422 0.1125 0.086 0.1274 0.1013 0.1151
-6.000 1.000 36 0.1675 0.1462 0.1777 0.1224 0.1561 0.1917 0.0961 0.1302 0.1684 0.2068 0.0691 0.1001 0.1394 0.1808 0.2212 0.045 0.0695 0.1066 0.1483 0.1897 0.2284 0.0261 0.0422 0.0753 0.1152 0.1556 0.1937 0.2272 0.017 0.0192 0.0487 0.0863 0.1255 0.1628 0.1963 0.224 0.0 0.0283 0.0628 0.1005 0.1372 0.1708 0.1997 0.0184 0.046 0.0803 0.1155 0.1487 0.1784 0.038 0.0658 0.0981 0.13 0.1596 0.0578 0.0854 0.1149 0.1433 0.0771 0.1028 0.1289 0.0942 0.1172 0.1085
-4.000 1.000 30 0.1634 0.1441 0.1659 0.12 0.1451 0.1725 0.0949 0.1186 0.1489 0.1822 0.0707 0.0877 0.1183 0.1542 0.1912 0.0514 0.058 0.0843 0.1206 0.1588 0.1953 0.042 0.0336 0.0523 0.0871 0.1251 0.1617 0.1941 0.043 0.0218 0.0241 0.0578 0.0955 0.1319 0.1647 0.1918 0.0283 0.0 0.0343 0.0714 0.1074 0.1405 0.1689 0.0206 0.0226 0.0535 0.0876 0.1202 0.1494 0.0298 0.0452 0.0736 0.1039 0.1326 0.0473 0.0664 0.0924 0.119 0.0659 0.0855 0.1082 0.0832 0.1013 0.0978
-2.000 1.000 24 0.1573 0.1417 0.153 0.1236 0.1328 0.1513 0.1036 0.1095 0.1276 0.153 0.0868 0.0843 0.0971 0.1237 0.1555 0.0767 0.0628 0.066 0.0897 0.1226 0.1563 0.0743 0.0521 0.0392 0.0568 0.0895 0.1238 0.1549 0.0779 0.0537 0.0259 0.0268 0.0602 0.0952 0.1273 0.1538 0.0628 0.0343 0.0 0.0365 0.0719 0.1046 0.1326 0.0505 0.0241 0.0247 0.055 0.0865 0.1151 0.0453 0.0334 0.0475 0.0737 0.1009 0.05 0.051 0.0677 0.0907 0.0614 0.0686 0.085 0.0747 0.0842 0.0871
0.000 1.000 18 0.1545 0.1442 0.142 0.1331 0.1286 0.1322 0.124 0.1116 0.1118 0.1262 0.1164 0.0965 0.088 0.0972 0.1205 0.1128 0.0874 0.0669 0.0667 0.0878 0.1166 0.1128 0.0863 0.0566 0.04 0.0557 0.0854 0.1146 0.1167 0.0916 0.0597 0.0269 0.0265 0.0577 0.0887 0.1146 0.1005 0.0714 0.0365 0.0 0.0352 0.0676 0.0953 0.0855 0.0551 0.0246 0.0241 0.0521 0.0799 0.074 0.0475 0.0331 0.0455 0.069 0.0682 0.0507 0.0494 0.064 0.0688 0.0605 0.0654 0.074 0.0719 0.0812
2.000 1.000 24 0.1551 0.1541 0.1394 0.1522 0.1325 0.1247 0.1511 0.1272 0.1102 0.1078 0.1506 0.1224 0.0967 0.0858 0.0922 0.1509 0.1211 0.0888 0.0654 0.0635 0.0812 0.1515 0.1233 0.0889 0.0556 0.0382 0.0517 0.0765 0.1548 0.1291 0.0961 0.0593 0.0258 0.0248 0.0521 0.0771 0.1372 0.1074 0.0719 0.0352 0.0 0.0322 0.0596 0.1198 0.0881 0.0539 0.0233 0.0223 0.0467 0.1045 0.0738 0.0455 0.0309 0.0414 0.0927 0.0662 0.0477 0.0456 0.0851 0.0654 0.0562 0.0821 0.0692 0.0825
4.000 1.000 30 0.1625 0.1683 0.1452 0.1749 0.1471 0.125 0.1812 0.1498 0.1224 0.1035 0.1856 0.1528 0.1193 0.0918 0.0791 0.1878 0.1558 0.1192 0.0846 0.0605 0.0567 0.1881 0.1589 0.1227 0.0851 0.0517 0.0342 0.0446 0.1902 0.164 0.1303 0.0925 0.0553 0.0233 0.0215 0.0434 0.1708 0.1405 0.1046 0.0676 0.0322 0.0 0.0272 0.1512 0.1188 0.0837 0.0498 0.0209 0.0192 0.1331 0.1008 0.0688 0.0414 0.0272 0.1174 0.0874 0.0608 0.0427 0.1044 0.0789 0.0593 0.0951 0.0751 0.0894
6.000 1.000 36 0.1721 0.1854 0.1537 0.1993 0.164 0.1348 0.21 0.1743 0.14 0.1116 0.2179 0.1825 0.1447 0.1098 0.0818 0.2209 0.1877 0.149 0.1103 0.0758 0.0521 0.2202 0.1904 0.1533 0.114 0.0764 0.0446 0.0283 0.2209 0.1943 0.16 0.1216 0.0835 0.0481 0.0194 0.0172 0.1997 0.1689 0.1326 0.0953 0.0596 0.0272 0.0 0.1781 0.1451 0.1095 0.0747 0.0428 0.0172 0.1576 0.1244 0.0911 0.0603 0.0348 0.1389 0.1073 0.0778 0.0523 0.1221 0.0938 0.069 0.1083 0.0842 0.0976
-5.000 2.000 30 0.1813 0.1609 0.1875 0.1366 0.1647 0.1952 0.1092 0.1376 0.1697 0.204 0.0826 0.1065 0.1388 0.174 0.2093 0.0595 0.0756 0.1048 0.14 0.176 0.2098 0.043 0.0488 0.0727 0.1064 0.142 0.176 0.2058 0.0354 0.0283 0.0447 0.0763 0.1115 0.1454 0.176 0.2009 0.0184 0.0206 0.0505 0.0855 0.1198 0.1512 0.1781 0.0 0.0298 0.0637 0.0978 0.1297 0.1581 0.0195 0.0472 0.0792 0.1104 0.139 0.0392 0.0656 0.0943 0.1219 0.058 0.0827 0.108 0.0751 0.0968 0.0892
-3.000 2.000 24 0.1788 0.1598 0.1758 0.1384 0.1556 0.1757 0.1151 0.1292 0.1513 0.1774 0.0922 0.1008 0.1207 0.1478 0.1779 0.0746 0.074 0.088 0.1138 0.1445 0.1752 0.0649 0.054 0.0581 0.0807 0.1111 0.1425 0.1706 0.0629 0.0445 0.0343 0.0509 0.0812 0.1131 0.1425 0.1666 0.046 0.0226 0.0241 0.0551 0.0881 0.1188 0.1451 0.0298 0.0 0.0334 0.0669 0.0983 0.1263 0.0212 0.0224 0.0509 0.081 0.1091 0.0298 0.0434 0.0684 0.0945 0.0458 0.062 0.084 0.0619 0.0778 0.0761
-1.000 2.000 18 0.1739 0.1613 0.1637 0.1448 0.1473 0.1575 0.1278 0.1271 0.1339 0.1511 0.1133 0.105 0.1072 0.1222 0.1449 0.1024 0.0871 0.0805 0.0901 0.1121 0.1382 0.0975 0.0771 0.0601 0.0605 0.0801 0.1068 0.1327 0.0974 0.0756 0.0507 0.0365 0.0511 0.0787 0.1063 0.1296 0.0803 0.0535 0.0247 0.0246 0.0539 0.0837 0.1095 0.0637 0.0334 0.0 0.0331 0.0642 0.0919 0.0499 0.0228 0.0227 0.0494 0.0767 0.0435 0.0309 0.0428 0.0654 0.0466 0.046 0.0599 0.0556 0.0606 0.066
1.000 2.000 18 0.172 0.1648 0.1583 0.1577 0.1464 0.1438 0.1489 0.1331 0.1267 0.1298 0.141 0.1212 0.1063 0.1048 0.1164 0.1353 0.112 0.0896 0.0791 0.0862 0.1042 0.133 0.1086 0.0807 0.0596 0.058 0.0748 0.0965 0.1334 0.1101 0.0808 0.051 0.0352 0.048 0.0717 0.0936 0.1155 0.0876 0.055 0.0241 0.0233 0.0498 0.0747 0.0978 0.0669 0.0331 0.0 0.0309 0.0584 0.0813 0.0506 0.0221 0.0214 0.0455 0.0686 0.0428 0.0293 0.0398 0.0616 0.0447 0.0431 0.0606 0.0525 0.0639
3.000 2.000 24 0.1754 0.1754 0.1569 0.175 0.1544 0.1395 0.1738 0.1494 0.129 0.12 0.1715 0.1447 0.119 0.1015 0.0973 0.169 0.1415 0.1111 0.0859 0.0737 0.0777 0.1676 0.1412 0.109 0.0778 0.0557 0.0526 0.0652 0.1677 0.1435 0.1125 0.0785 0.048 0.0322 0.0423 0.0607 0.1487 0.1202 0.0865 0.0521 0.0223 0.0209 0.0428 0.1297 0.0983 0.0642 0.0309 0.0 0.0272 0.111 0.0794 0.0477 0.0204 0.0191 0.0946 0.0654 0.0398 0.0267 0.0821 0.0576 0.0411 0.0739 0.056 0.07
5.000 2.000 30 0.1804 0.1893 0.1625 0.1961 0.1662 0.1431 0.2009 0.1692 0.141 0.1184 0.2015 0.1706 0.1383 0.1104 0.0911 0.2006 0.1708 0.1365 0.1036 0.0775 0.0638 0.1993 0.1717 0.1375 0.1021 0.0706 0.0486 0.0439 0.1986 0.1738 0.1419 0.1063 0.0718 0.0424 0.0272 0.0342 0.1784 0.1494 0.1151 0.0799 0.0467 0.0192 0.0172 0.1581 0.1263 0.0919 0.0584 0.0272 0.0 0.1375 0.1053 0.0729 0.0426 0.0175 0.1184 0.0879 0.0591 0.0349 0.1022 0.075 0.0514 0.0892 0.0666 0.0799
-4.000 3.000 24 0.1962 0.1767 0.1956 0.1522 0.1745 0.1985 0.1263 0.1478 0.1723 0.2 0.1005 0.1171 0.1413 0.1691 0.1985 0.0784 0.0878 0.1079 0.135 0.1644 0.1928 0.063 0.0632 0.0771 0.1019 0.131 0.1599 0.1855 0.055 0.046 0.0507 0.0721 0.101 0.1306 0.1578 0.1799 0.038 0.0298 0.0453 0.074 0.1045 0.1331 0.1576 0.0195 0.0212 0.0499 0.0813 0.111 0.1375 0.0 0.0298 0.0611 0.0911 0.1185 0.0196 0.0457 0.074 0.1008 0.0382 0.0615 0.0861 0.0548 0.0755 0.0689
-2.000 3.000 18 0.1923 0.1769 0.1859 0.158 0.1662 0.1799 0.1359 0.1432 0.1565 0.1745 0.115 0.1176 0.1273 0.1452 0.1676 0.0985 0.0938 0.0978 0.1127 0.1349 0.1589 0.088 0.0764 0.0722 0.0822 0.1028 0.1275 0.1507 0.0838 0.0672 0.0538 0.0553 0.074 0.0993 0.1244 0.1453 0.0658 0.0452 0.0334 0.0475 0.0738 0.1008 0.1244 0.0472 0.0224 0.0228 0.0506 0.0794 0.1053 0.0298 0.0 0.0309 0.0604 0.0875 0.0205 0.0208 0.046 0.0719 0.0279 0.0393 0.0605 0.0416 0.0548 0.0548
0.000 3.000 12 0.1898 0.1786 0.1762 0.1652 0.1627 0.1639 0.1514 0.1445 0.1443 0.1528 0.1371 0.1258 0.1207 0.1255 0.1392 0.1257 0.1103 0.0982 0.0973 0.1084 0.1261 0.119 0.1004 0.0818 0.0726 0.0795 0.0967 0.1162 0.1168 0.097 0.0736 0.0552 0.0541 0.0701 0.0915 0.1107 0.0981 0.0736 0.0475 0.0331 0.0455 0.0688 0.0911 0.0792 0.0509 0.0227 0.0221 0.0477 0.0729 0.0611 0.0309 0.0 0.0293 0.0562 0.0465 0.0206 0.02 0.0431 0.0393 0.0272 0.0371 0.041 0.0397 0.0478
2.000 3.000 18 0.1881 0.1849 0.1722 0.1786 0.1635 0.1565 0.1709 0.1539 0.1412 0.1375 0.1626 0.1426 0.1246 0.1159 0.1173 0.1554 0.1335 0.1105 0.0947 0.0913 0.0986 0.1509 0.1285 0.1022 0.0794 0.0684 0.0728 0.0854 0.1496 0.1279 0.1006 0.0724 0.0523 0.05 0.0628 0.0788 0.13 0.1039 0.0737 0.0455 0.0309 0.0414 0.0603 0.1104 0.081 0.0494 0.0214 0.0204 0.0426 0.0911 0.0604 0.0293 0.0 0.0267 0.0737 0.0447 0.0193 0.0184 0.0606 0.0371 0.0252 0.0532 0.0381 0.0514
4.000 3.000 24 0.1915 0.1936 0.1737 0.1957 0.1719 0.1531 0.1942 0.1685 0.1468 0.131 0.1904 0.1637 0.1376 0.1168 0.1051 0.1849 0.1592 0.13 0.104 0.0864 0.0801 0.1814 0.1568 0.1267 0.0966 0.0729 0.0605 0.0619 0.1802 0.1574 0.1281 0.0961 0.0671 0.047 0.0431 0.0518 0.1596 0.1326 0.1009 0.069 0.0414 0.0272 0.0348 0.139 0.1091 0.0767 0.0455 0.0191 0.0175 0.1185 0.0875 0.0562 0.0267 0.0 0.0989 0.0692 0.0411 0.0173 0.0823 0.056 0.0336 0.0699 0.0485 0.0619
-3.000 4.000 18 0.2103 0.1914 0.2048 0.1697 0.185 0.2005 0.1452 0.159 0.1764 0.1968 0.1202 0.1309 0.1466 0.1663 0.1887 0.0991 0.1037 0.1154 0.1335 0.1556 0.178 0.084 0.0815 0.0872 0.1024 0.1236 0.1466 0.1675 0.0752 0.066 0.0641 0.0746 0.0948 0.1184 0.1412 0.1599 0.0578 0.0473 0.05 0.0682 0.0927 0.1174 0.1389 0.0392 0.0298 0.0435 0.0686 0.0946 0.1184 0.0196 0.0205 0.0465 0.0737 0.0989 0.0 0.0279 0.0554 0.0809 0.0185 0.0415 0.0656 0.0349 0.0545 0.0487
-1.000 4.000 12 0.2061 0.1934 0.1945 0.1758 0.1786 0.1853 0.1563 0.1582 0.1628 0.174 0.1374 0.1349 0.1371 0.1463 0.1608 0.121 0.1139 0.111 0.1166 0.1299 0.1468 0.1097 0.0983 0.0894 0.0895 0.1003 0.1174 0.1349 0.1037 0.089 0.0742 0.0673 0.0741 0.0909 0.1102 0.1271 0.0854 0.0664 0.051 0.0507 0.0662 0.0874 0.1073 0.0656 0.0434 0.0309 0.0428 0.0654 0.0879 0.0457 0.0208 0.0206 0.0447 0.0692 0.0279 0.0 0.0272 0.0525 0.0186 0.0183 0.0397 0.0246 0.0338 0.0358
1.000 4.000 12 0.2032 0.1948 0.1888 0.185 0.1764 0.173 0.1718 0.1613 0.1561 0.1561 0.1582 0.1455 0.1351 0.1325 0.1376 0.1464 0.1309 0.1158 0.1078 0.1102 0.1192 0.1382 0.1209 0.1017 0.0877 0.0851 0.0927 0.105 0.134 0.1159 0.0942 0.074 0.0644 0.0692 0.0823 0.0963 0.1149 0.0924 0.0677 0.0494 0.0477 0.0608 0.0778 0.0943 0.0684 0.0428 0.0293 0.0398 0.0591 0.074 0.046 0.02 0.0193 0.0411 0.0554 0.0272 0.0 0.0252 0.0409 0.0178 0.0171 0.0338 0.023 0.0346
3.000 4.000 18 0.2037 0.2013 0.1851 0.1968 0.1803 0.1671 0.1909 0.1715 0.1552 0.1463 0.1821 0.1613 0.1416 0.1277 0.1216 0.1736 0.152 0.1288 0.1101 0.0995 0.0982 0.1666 0.1458 0.1207 0.0971 0.0814 0.0765 0.0801 0.1632 0.1432 0.1178 0.0909 0.0693 0.0587 0.0608 0.0693 0.1433 0.119 0.0907 0.064 0.0456 0.0427 0.0523 0.1219 0.0945 0.0654 0.0398 0.0267 0.0349 0.1008 0.0719 0.0431 0.0184 0.0173 0.0809 0.0525 0.0252 0.0 0.0638 0.0381 0.0163 0.0513 0.0311 0.0443
-2.000 5.000 12 0.2214 0.2061 0.2132 0.1867 0.1941 0.204 0.1633 0.1715 0.1815 0.1938 0.1398 0.1456 0.1535 0.1656 0.1809 0.1197 0.1206 0.1252 0.135 0.1496 0.1656 0.1043 0.1002 0.1002 0.1068 0.1198 0.1363 0.1521 0.0944 0.0859 0.0802 0.0822 0.0932 0.1098 0.1274 0.1422 0.0771 0.0659 0.0614 0.0688 0.0851 0.1044 0.1221 0.058 0.0458 0.0466 0.0616 0.0821 0.1022 0.0382 0.0279 0.0393 0.0606 0.0823 0.0185 0.0186 0.0409 0.0638 0.0 0.0246 0.0477 0.0163 0.0357 0.0301
0.000 5.000 6 0.2186 0.207 0.2041 0.1921 0.1907 0.1899 0.1755 0.1719 0.171 0.1754 0.1572 0.1514 0.1479 0.1497 0.157 0.141 0.1325 0.1249 0.1232 0.1286 0.1384 0.129 0.1177 0.1061 0.0998 0.1024 0.1117 0.1231 0.1214 0.108 0.0931 0.0815 0.0796 0.0877 0.1004 0.1125 0.1028 0.0855 0.0686 0.0605 0.0654 0.0789 0.0938 0.0827 0.062 0.046 0.0447 0.0576 0.075 0.0615 0.0393 0.0272 0.0371 0.056 0.0415 0.0183 0.0178 0.0381 0.0246 0.0 0.023 0.016 0.0155 0.0206
2.000 5.000 12 0.2151 0.2103 0.1989 0.2013 0.1892 0.1823 0.1895 0.1773 0.1668 0.1617 0.1771 0.1624 0.1488 0.1408 0.1387 0.1647 0.1487 0.1318 0.1195 0.1147 0.1159 0.1552 0.1384 0.1191 0.1024 0.0934 0.0933 0.098 0.1484 0.132 0.1115 0.0909 0.0769 0.0733 0.0782 0.086 0.1289 0.1082 0.085 0.0654 0.0562 0.0593 0.069 0.108 0.084 0.0599 0.0431 0.0411 0.0514 0.0861 0.0605 0.0371 0.0252 0.0336 0.0656 0.0397 0.0171 0.0163 0.0477 0.023 0.0 0.0345 0.0148 0.028
-1.000 6.000 6 0.2319 0.2191 0.219 0.2008 0.2036 0.2075 0.1796 0.1832 0.1861 0.1928 0.1581 0.1593 0.1612 0.1665 0.175 0.1382 0.1365 0.1356 0.1386 0.1461 0.1558 0.1226 0.1178 0.1135 0.1134 0.1191 0.1291 0.1394 0.1116 0.1037 0.0959 0.0921 0.0952 0.1047 0.1167 0.1274 0.0942 0.0832 0.0747 0.074 0.0821 0.0951 0.1083 0.0751 0.0619 0.0556 0.0606 0.0739 0.0892 0.0548 0.0416 0.041 0.0532 0.0699 0.0349 0.0246 0.0338 0.0513 0.0163 0.016 0.0345 0.0 0.0206 0.0137
1.000 6.000 6 0.2279 0.2187 0.213 0.2072 0.2004 0.196 0.1913 0.1842 0.1793 0.1771 0.1739 0.1662 0.1582 0.1546 0.1554 0.1585 0.1485 0.1378 0.1308 0.1301 0.133 0.1457 0.1342 0.1211 0.1107 0.1069 0.1094 0.1145 0.1368 0.124 0.1091 0.0951 0.0876 0.0883 0.0944 0.1013 0.1172 0.1013 0.0842 0.0719 0.0692 0.0751 0.0842 0.0968 0.0778 0.0606 0.0525 0.056 0.0666 0.0755 0.0548 0.0397 0.0381 0.0485 0.0545 0.0338 0.023 0.0311 0.0357 0.0155 0.0148 0.0206 0.0 0.0132
0.000 7.000 0 0.2405 0.2286 0.2252 0.2127 0.2119 0.2096 0.1943 0.1928 0.1913 0.1925 0.1733 0.1713 0.1685 0.1682 0.1709 0.1538 0.1505 0.1455 0.1429 0.1446 0.1486 0.1386 0.1326 0.1256 0.1205 0.1204 0.1244 0.1294 0.1267 0.1187 0.1099 0.1021 0.0994 0.1027 0.109 0.1151 0.1085 0.0978 0.0871 0.0812 0.0825 0.0894 0.0976 0.0892 0.0761 0.066 0.0639 0.07 0.0799 0.0689 0.0548 0.0478 0.0514 0.0619 0.0487 0.0358 0.0346 0.0443 0.0301 0.0206 0.028 0.0137 0.0132 0.0