n 64
m 2
tmax 10.0
Vcpm 1.2
R 0.8
dmax 14.0
0.000 -7.000 0 0.0 0.017 0.016 0.0379 0.0262 0.0345 0.0609 0.0465 0.0444 0.0549 0.084 0.0706 0.0626 0.0654 0.0768 0.1043 0.0957 0.0857 0.0819 0.0874 0.0985 0.1214 0.1181 0.1107 0.1036 0.1014 0.1079 0.1184 0.1364 0.1373 0.1358 0.1281 0.1206 0.1204 0.1264 0.1362 0.1543 0.1582 0.1549 0.145 0.1368 0.1373 0.1434 0.1784 0.1828 0.174 0.1603 0.1529 0.1523 0.2082 0.2057 0.1897 0.1728 0.1654 0.2347 0.2205 0.1975 0.1815 0.2482 0.2245 0.1986 0.25 0.2199 0.2439
-1.000 -6.000 6 0.017 0.0 0.0262 0.0207 0.0209 0.0443 0.0433 0.0322 0.0444 0.0659 0.0655 0.0534 0.054 0.069 0.089 0.0859 0.0764 0.0721 0.0782 0.0933 0.1115 0.1027 0.0983 0.0938 0.0941 0.102 0.1154 0.1318 0.1165 0.1168 0.1161 0.115 0.1156 0.1229 0.135 0.1496 0.1325 0.1372 0.1384 0.1361 0.1362 0.1418 0.1527 0.1562 0.1631 0.1619 0.1558 0.1543 0.1592 0.1863 0.1901 0.182 0.1727 0.1688 0.2149 0.2104 0.1939 0.1827 0.2345 0.2181 0.1995 0.2421 0.2176 0.2394
1.000 -6.000 6 0.016 0.0262 0.0 0.0463 0.0199 0.0184 0.0701 0.0445 0.0297 0.0388 0.0948 0.0716 0.0518 0.0484 0.0604 0.1168 0.0995 0.0786 0.0667 0.0691 0.0821 0.1357 0.1249 0.1075 0.0901 0.0838 0.0898 0.1018 0.1525 0.147 0.1357 0.1175 0.104 0.101 0.1081 0.1187 0.1672 0.1623 0.1481 0.1293 0.1182 0.1181 0.1241 0.1876 0.1799 0.1606 0.1418 0.1325 0.1328 0.2101 0.1956 0.1711 0.1527 0.1452 0.228 0.203 0.177 0.1593 0.2343 0.2021 0.1767 0.2283 0.1968 0.2183
-2.000 -5.000 12 0.0379 0.0207 0.0463 0.0 0.0322 0.0626 0.0223 0.024 0.0539 0.0829 0.044 0.0348 0.0511 0.0785 0.1051 0.0636 0.0546 0.0589 0.0786 0.103 0.127 0.0804 0.0746 0.0749 0.0859 0.1045 0.1251 0.1464 0.0941 0.0927 0.0937 0.1002 0.1122 0.1271 0.1447 0.1629 0.1079 0.1124 0.1189 0.1263 0.1354 0.1474 0.1625 0.1301 0.1399 0.147 0.1511 0.1562 0.1657 0.1601 0.1706 0.1721 0.1709 0.1734 0.1914 0.1954 0.1897 0.1834 0.2158 0.2083 0.1973 0.2277 0.2138 0.2305
0.000 -5.000 6 0.0262 0.0209 0.0199 0.0322 0.0 0.0297 0.0532 0.0243 0.0233 0.0487 0.0759 0.0511 0.0357 0.0476 0.0704 0.0977 0.078 0.0595 0.0569 0.0712 0.0921 0.116 0.1035 0.0865 0.0757 0.0788 0.0933 0.1118 0.1315 0.1253 0.114 0.1003 0.0941 0.0996 0.1127 0.1285 0.1442 0.1398 0.1286 0.1166 0.1124 0.1183 0.1295 0.1637 0.1588 0.1455 0.1332 0.1301 0.1347 0.1876 0.178 0.1608 0.1475 0.1442 0.2086 0.1908 0.1698 0.1575 0.2186 0.1948 0.1724 0.2191 0.1915 0.2135
2.000 -5.000 12 0.0345 0.0443 0.0184 0.0626 0.0297 0.0 0.0852 0.052 0.0218 0.0203 0.1087 0.0787 0.0476 0.0316 0.0417 0.1318 0.107 0.0761 0.0533 0.0499 0.0629 0.1512 0.1334 0.1063 0.0793 0.0663 0.0693 0.0827 0.1679 0.1572 0.1364 0.1086 0.0876 0.0814 0.0877 0.0993 0.1796 0.1657 0.141 0.1143 0.0993 0.097 0.1035 0.1944 0.1757 0.1468 0.1229 0.112 0.1117 0.2099 0.1833 0.1522 0.1321 0.1229 0.218 0.1848 0.1546 0.1375 0.2157 0.1788 0.154 0.2053 0.1714 0.1914
-3.000 -4.000 18 0.0609 0.0433 0.0701 0.0223 0.0532 0.0852 0.0 0.0348 0.0717 0.1042 0.0215 0.0245 0.0587 0.0936 0.1243 0.0408 0.0338 0.053 0.0852 0.1159 0.1438 0.0572 0.0509 0.0584 0.0826 0.1112 0.1372 0.1618 0.0708 0.0676 0.0715 0.0879 0.1113 0.1339 0.1559 0.1767 0.0825 0.0872 0.0999 0.1185 0.1369 0.1547 0.1724 0.1033 0.1158 0.1322 0.147 0.1595 0.1735 0.1329 0.1497 0.1626 0.1698 0.1782 0.1661 0.1788 0.1834 0.1859 0.1931 0.1981 0.1942 0.21 0.2063 0.2195
-1.000 -4.000 12 0.0465 0.0322 0.0445 0.024 0.0243 0.052 0.0348 0.0 0.0357 0.0675 0.0545 0.0265 0.0267 0.0571 0.0866 0.0744 0.053 0.0392 0.0537 0.0797 0.1062 0.0925 0.0775 0.0627 0.0625 0.0787 0.1011 0.1243 0.1076 0.0993 0.0883 0.0814 0.0865 0.1013 0.1202 0.1398 0.1181 0.1131 0.1063 0.1035 0.1091 0.1214 0.1369 0.1362 0.1339 0.1282 0.1254 0.1294 0.1388 0.1606 0.1573 0.1491 0.1441 0.1454 0.1841 0.1762 0.1626 0.1559 0.2003 0.1844 0.1698 0.207 0.1855 0.2051
1.000 -4.000 12 0.0444 0.0444 0.0297 0.0539 0.0233 0.0218 0.0717 0.0357 0.0 0.0316 0.0923 0.0594 0.0256 0.024 0.0504 0.1126 0.0858 0.0539 0.0359 0.0474 0.0706 0.1319 0.1121 0.0835 0.0593 0.055 0.0689 0.0895 0.148 0.1354 0.1137 0.0876 0.0723 0.0745 0.0884 0.1056 0.1566 0.1428 0.1193 0.0971 0.0882 0.0931 0.1051 0.1705 0.1534 0.1285 0.1098 0.1045 0.1093 0.1865 0.164 0.138 0.1221 0.1183 0.1977 0.1689 0.1443 0.1302 0.1996 0.1677 0.1453 0.1924 0.1633 0.1831
3.000 -4.000 18 0.0549 0.0659 0.0388 0.0829 0.0487 0.0203 0.1042 0.0675 0.0316 0.0 0.1262 0.0915 0.0537 0.0225 0.0213 0.147 0.1174 0.0802 0.0474 0.0317 0.0422 0.1669 0.1436 0.1091 0.0741 0.0515 0.0487 0.0614 0.1836 0.1675 0.1392 0.1033 0.075 0.0627 0.0658 0.078 0.19 0.1696 0.1361 0.1024 0.0819 0.0763 0.0815 0.2002 0.172 0.1353 0.1064 0.0922 0.0895 0.2079 0.172 0.1355 0.1121 0.1016 0.2076 0.1667 0.134 0.1162 0.1966 0.1576 0.1311 0.1812 0.1473 0.1662
-4.000 -3.000 24 0.084 0.0655 0.0948 0.044 0.0759 0.1087 0.0215 0.0545 0.0923 0.1262 0.0 0.0338 0.0742 0.1122 0.1447 0.0192 0.0228 0.0581 0.0976 0.1317 0.1615 0.0355 0.0304 0.0505 0.0864 0.1207 0.1502 0.1766 0.0491 0.0447 0.0539 0.0818 0.1153 0.1436 0.1684 0.1907 0.0589 0.0645 0.085 0.1148 0.1416 0.1641 0.1842 0.0784 0.0947 0.1207 0.1458 0.1653 0.1821 0.1075 0.1309 0.1544 0.1706 0.1847 0.1413 0.1643 0.1781 0.1882 0.1705 0.186 0.1932 0.1927 0.1975 0.2047
-2.000 -3.000 18 0.0706 0.0534 0.0716 0.0348 0.0511 0.0787 0.0245 0.0265 0.0594 0.0915 0.0338 0.0 0.0392 0.0758 0.1075 0.0509 0.0262 0.0281 0.0623 0.0948 0.124 0.0676 0.0504 0.0397 0.0573 0.086 0.1136 0.1394 0.0824 0.0717 0.0616 0.0654 0.0849 0.1085 0.1316 0.1532 0.0905 0.0848 0.0837 0.0937 0.1105 0.129 0.1476 0.107 0.1074 0.1118 0.1211 0.1329 0.1467 0.1315 0.1355 0.1383 0.1431 0.1501 0.1582 0.1596 0.1578 0.157 0.1799 0.1735 0.1672 0.1911 0.1806 0.1949
0.000 -3.000 12 0.0626 0.054 0.0518 0.0511 0.0357 0.0476 0.0587 0.0267 0.0256 0.0537 0.0742 0.0392 0.0 0.0359 0.0674 0.0917 0.0623 0.0281 0.0266 0.0553 0.084 0.1087 0.0868 0.0575 0.0392 0.0512 0.0753 0.1001 0.1247 0.1102 0.0872 0.0644 0.0597 0.0734 0.0937 0.1145 0.1313 0.1163 0.0949 0.0798 0.0809 0.0935 0.1101 0.1438 0.1279 0.1087 0.0984 0.1008 0.1108 0.1602 0.1421 0.1239 0.1148 0.1165 0.1744 0.1527 0.1343 0.1264 0.1803 0.157 0.1387 0.1797 0.1552 0.1749
2.000 -3.000 18 0.0654 0.069 0.0484 0.0785 0.0476 0.0316 0.0936 0.0571 0.024 0.0225 0.1122 0.0758 0.0359 0.0 0.0317 0.1304 0.0989 0.0594 0.0247 0.0232 0.049 0.1476 0.1228 0.0871 0.0514 0.0336 0.0446 0.0665 0.1646 0.1469 0.1169 0.0808 0.0549 0.0507 0.0637 0.0821 0.1691 0.1473 0.1135 0.0819 0.0662 0.0683 0.0804 0.1772 0.1495 0.1144 0.0892 0.0805 0.0843 0.1848 0.151 0.1177 0.0987 0.0929 0.1858 0.1489 0.1198 0.1052 0.1786 0.1423 0.1199 0.1667 0.1355 0.1538
4.000 -3.000 24 0.0768 0.089 0.0604 0.1051 0.0704 0.0417 0.1243 0.0866 0.0504 0.0213 0.1447 0.1075 0.0674 0.0317 0.0 0.1635 0.1306 0.0898 0.0519 0.0219 0.0207 0.1808 0.1541 0.1157 0.0758 0.0446 0.0299 0.0396 0.1981 0.178 0.1442 0.1028 0.0686 0.0476 0.0447 0.0558 0.2009 0.1746 0.1347 0.0954 0.069 0.0572 0.0594 0.2054 0.1706 0.1276 0.0938 0.0747 0.0685 0.2064 0.1632 0.1222 0.095 0.0816 0.1973 0.1514 0.1167 0.0959 0.1797 0.1378 0.1104 0.1592 0.1259 0.1421
-5.000 -2.000 30 0.1043 0.0859 0.1168 0.0636 0.0977 0.1318 0.0408 0.0744 0.1126 0.147 0.0192 0.0509 0.0917 0.1304 0.1635 0.0 0.0304 0.0708 0.113 0.1486 0.179 0.0163 0.02 0.0537 0.096 0.1339 0.165 0.1921 0.0299 0.0261 0.0454 0.0833 0.1226 0.1545 0.1812 0.2041 0.0385 0.0479 0.0775 0.1167 0.1501 0.1761 0.1977 0.0574 0.0794 0.1147 0.1487 0.174 0.1938 0.0868 0.1171 0.1499 0.1741 0.1916 0.1204 0.1516 0.1748 0.192 0.1519 0.1751 0.1909 0.1746 0.1908 0.1891
-3.000 -2.000 24 0.0957 0.0764 0.0995 0.0546 0.078 0.107 0.0338 0.053 0.0858 0.1174 0.0228 0.0262 0.0623 0.0989 0.1306 0.0304 0.0 0.0397 0.0803 0.1147 0.1444 0.0447 0.024 0.0275 0.0647 0.1005 0.1306 0.1572 0.0588 0.0452 0.0378 0.0586 0.0916 0.121 0.1466 0.1691 0.064 0.0577 0.0657 0.0908 0.1182 0.1416 0.1623 0.0787 0.0826 0.0994 0.1218 0.1415 0.1591 0.1032 0.1151 0.1318 0.1461 0.159 0.1326 0.1441 0.1542 0.1613 0.1574 0.1647 0.1663 0.1739 0.1742 0.1845
-1.000 -2.000 18 0.0857 0.0721 0.0786 0.0589 0.0595 0.0761 0.053 0.0392 0.0539 0.0802 0.0581 0.0281 0.0281 0.0594 0.0898 0.0708 0.0397 0.0 0.0392 0.0727 0.1021 0.0854 0.0611 0.0293 0.0288 0.0596 0.0888 0.1151 0.1 0.0831 0.0587 0.0421 0.056 0.0807 0.1052 0.1274 0.1043 0.0874 0.069 0.0664 0.0809 0.1008 0.1205 0.115 0.1003 0.0893 0.0915 0.1033 0.1182 0.1313 0.1191 0.1114 0.1129 0.1203 0.1479 0.1366 0.127 0.1263 0.1604 0.1457 0.1362 0.1664 0.1487 0.1657
1.000 -2.000 18 0.0819 0.0782 0.0667 0.0786 0.0569 0.0533 0.0852 0.0537 0.0359 0.0474 0.0976 0.0623 0.0266 0.0247 0.0519 0.113 0.0803 0.0392 0.0 0.0336 0.0633 0.1281 0.1018 0.064 0.0267 0.0245 0.0508 0.0769 0.1432 0.1239 0.0927 0.0562 0.0361 0.0466 0.0683 0.0901 0.147 0.1234 0.0893 0.0608 0.0546 0.0667 0.0843 0.1534 0.1253 0.0929 0.0738 0.0734 0.084 0.1604 0.129 0.1006 0.0878 0.089 0.1632 0.1303 0.1076 0.0976 0.1601 0.1289 0.1102 0.1516 0.1258 0.1433
3.000 -2.000 24 0.0874 0.0933 0.0691 0.103 0.0712 0.0499 0.1159 0.0797 0.0474 0.0317 0.1317 0.0948 0.0553 0.0232 0.0219 0.1486 0.1147 0.0727 0.0336 0.0 0.0299 0.1641 0.1362 0.0963 0.055 0.0227 0.0213 0.0448 0.1796 0.1584 0.1238 0.0817 0.0467 0.0305 0.0403 0.0594 0.1823 0.1543 0.1133 0.0743 0.0498 0.0459 0.0569 0.1853 0.1492 0.1064 0.0745 0.0599 0.0609 0.1846 0.1421 0.1028 0.0789 0.0705 0.1756 0.1322 0.0996 0.0834 0.1599 0.1213 0.0968 0.1427 0.1115 0.1283
5.000 -2.000 30 0.0985 0.1115 0.0821 0.127 0.0921 0.0629 0.1438 0.1062 0.0706 0.0422 0.1615 0.124 0.084 0.049 0.0207 0.179 0.1444 0.1021 0.0633 0.0299 0.0 0.1947 0.1657 0.1248 0.0827 0.0477 0.0201 0.0187 0.2104 0.1878 0.1513 0.1072 0.069 0.0405 0.0267 0.0348 0.212 0.1813 0.137 0.0939 0.0622 0.0427 0.0392 0.2124 0.1719 0.1244 0.0864 0.0617 0.0502 0.206 0.1577 0.1129 0.0822 0.0643 0.1887 0.1393 0.1022 0.0787 0.1639 0.1209 0.093 0.1398 0.1064 0.1206
-6.000 -1.000 36 0.1214 0.1027 0.1357 0.0804 0.116 0.1512 0.0572 0.0925 0.1319 0.1669 0.0355 0.0676 0.1087 0.1476 0.1808 0.0163 0.0447 0.0854 0.1281 0.1641 0.1947 0.0 0.0261 0.0639 0.109 0.1489 0.1807 0.208 0.0137 0.0171 0.0477 0.0912 0.1345 0.1688 0.1965 0.2197 0.0226 0.0403 0.0782 0.1232 0.1606 0.1891 0.2119 0.043 0.072 0.1153 0.1562 0.1858 0.2079 0.0724 0.1096 0.1503 0.1808 0.202 0.1061 0.1436 0.1743 0.1948 0.136 0.1667 0.1897 0.1588 0.1826 0.1762
-4.000 -1.000 30 0.1181 0.0983 0.1249 0.0746 0.1035 0.1334 0.0509 0.0775 0.1121 0.1436 0.0304 0.0504 0.0868 0.1228 0.1541 0.02 0.024 0.0611 0.1018 0.1362 0.1657 0.0261 0.0 0.0378 0.0817 0.12 0.1509 0.1774 0.0384 0.0212 0.0257 0.0649 0.1059 0.1388 0.1657 0.1884 0.0401 0.0348 0.0579 0.0967 0.1311 0.1581 0.1803 0.0531 0.0639 0.0945 0.1291 0.1553 0.1759 0.0784 0.0997 0.1298 0.1537 0.1718 0.1091 0.1336 0.1538 0.1684 0.1366 0.1556 0.1668 0.1587 0.1679 0.1712
-2.000 -1.000 24 0.1107 0.0938 0.1075 0.0749 0.0865 0.1063 0.0584 0.0627 0.0835 0.1091 0.0505 0.0397 0.0575 0.0871 0.1157 0.0537 0.0275 0.0293 0.064 0.0963 0.1248 0.0639 0.0378 0.0 0.0421 0.0788 0.1089 0.135 0.0768 0.0571 0.0293 0.0307 0.0658 0.0969 0.1232 0.1457 0.0775 0.0578 0.0446 0.0625 0.0906 0.1158 0.1374 0.0851 0.0719 0.0738 0.0922 0.1137 0.1326 0.1006 0.0965 0.1028 0.1166 0.1305 0.1208 0.1201 0.1248 0.1313 0.1394 0.1354 0.1358 0.1503 0.1445 0.1556
0.000 -1.000 18 0.1036 0.0941 0.0901 0.0859 0.0757 0.0793 0.0826 0.0625 0.0593 0.0741 0.0864 0.0573 0.0392 0.0514 0.0758 0.096 0.0647 0.0288 0.0267 0.055 0.0827 0.109 0.0817 0.0421 0.0 0.0361 0.0662 0.0925 0.1228 0.1018 0.0681 0.0296 0.027 0.0545 0.0806 0.1033 0.1233 0.0976 0.0628 0.0411 0.0519 0.0738 0.0949 0.1281 0.0985 0.0702 0.0627 0.0739 0.0907 0.1336 0.1046 0.085 0.0821 0.0909 0.1384 0.1121 0.0971 0.0957 0.1388 0.1168 0.1038 0.1373 0.117 0.1338
2.000 -1.000 24 0.1014 0.102 0.0838 0.1045 0.0788 0.0663 0.1112 0.0787 0.055 0.0515 0.1207 0.086 0.0512 0.0336 0.0446 0.1339 0.1005 0.0596 0.0245 0.0227 0.0477 0.1489 0.12 0.0788 0.0361 0.0 0.0305 0.0571 0.1635 0.141 0.1046 0.0606 0.0243 0.0222 0.0458 0.0684 0.1636 0.1341 0.092 0.0522 0.0329 0.0423 0.0611 0.1657 0.1278 0.0849 0.0556 0.0493 0.0593 0.1629 0.1206 0.0833 0.0651 0.0636 0.1539 0.113 0.0843 0.0729 0.1405 0.1048 0.0854 0.1269 0.099 0.115
4.000 -1.000 30 0.1079 0.1154 0.0898 0.1251 0.0933 0.0693 0.1372 0.1011 0.0689 0.0487 0.1502 0.1136 0.0753 0.0446 0.0299 0.165 0.1306 0.0888 0.0508 0.0213 0.0201 0.1807 0.1509 0.1089 0.0662 0.0305 0.0 0.0267 0.1962 0.1724 0.1344 0.0891 0.0498 0.0205 0.019 0.0392 0.1959 0.164 0.1188 0.0748 0.0425 0.0275 0.0355 0.1956 0.1532 0.1048 0.0671 0.0447 0.0403 0.1866 0.1377 0.0936 0.0645 0.0515 0.1678 0.1198 0.0848 0.0645 0.144 0.1035 0.0777 0.1221 0.0915 0.1056
6.000 -1.000 36 0.1184 0.1318 0.1018 0.1464 0.1118 0.0827 0.1618 0.1243 0.0895 0.0614 0.1766 0.1394 0.1001 0.0665 0.0396 0.1921 0.1572 0.1151 0.0769 0.0448 0.0187 0.208 0.1774 0.135 0.0925 0.0571 0.0267 0.0 0.2238 0.1991 0.1602 0.1143 0.0746 0.0426 0.0176 0.016 0.2231 0.1895 0.1428 0.0974 0.062 0.0356 0.0229 0.2208 0.1755 0.1248 0.0838 0.0545 0.0364 0.2068 0.1544 0.1071 0.0734 0.0512 0.1804 0.1293 0.0908 0.0654 0.1492 0.1063 0.0778 0.1216 0.0893 0.1013
-7.000 0.000 42 0.1364 0.1165 0.1525 0.0941 0.1315 0.1679 0.0708 0.1076 0.148 0.1836 0.0491 0.0824 0.1247 0.1646 0.1981 0.0299 0.0588 0.1 0.1432 0.1796 0.2104 0.0137 0.0384 0.0768 0.1228 0.1635 0.1962 0.2238 0.0 0.0226 0.0569 0.1033 0.1495 0.1856 0.2142 0.2378 0.0152 0.0429 0.0859 0.1352 0.1759 0.2063 0.23 0.037 0.0731 0.1214 0.166 0.1985 0.2224 0.0657 0.1087 0.1552 0.1901 0.2141 0.0972 0.1402 0.1764 0.2008 0.1247 0.1609 0.1863 0.1457 0.1749 0.1621
-5.000 0.000 36 0.1373 0.1168 0.147 0.0927 0.1253 0.1572 0.0676 0.0993 0.1354 0.1675 0.0447 0.0717 0.1102 0.1469 0.178 0.0261 0.0452 0.0831 0.1239 0.1584 0.1878 0.0171 0.0212 0.0571 0.1018 0.141 0.1724 0.1991 0.0226 0.0 0.0348 0.0808 0.1257 0.1606 0.1883 0.2112 0.019 0.0237 0.0634 0.1108 0.1499 0.1793 0.2025 0.0323 0.0556 0.099 0.1406 0.1714 0.1944 0.0596 0.0923 0.1337 0.165 0.1871 0.0912 0.1265 0.1564 0.1771 0.1214 0.1487 0.168 0.143 0.1614 0.1572
-3.000 0.000 30 0.1358 0.1161 0.1357 0.0937 0.114 0.1364 0.0715 0.0883 0.1137 0.1392 0.0539 0.0616 0.0872 0.1169 0.1442 0.0454 0.0378 0.0587 0.0927 0.1238 0.1513 0.0477 0.0257 0.0293 0.0681 0.1046 0.1344 0.1602 0.0569 0.0348 0.0 0.0446 0.0874 0.1208 0.1477 0.1701 0.0529 0.0285 0.0321 0.0732 0.1098 0.1381 0.1607 0.0556 0.0456 0.0683 0.1026 0.1307 0.1526 0.0703 0.0771 0.1011 0.1269 0.1461 0.0943 0.1067 0.1254 0.1403 0.1168 0.1284 0.1376 0.1335 0.1393 0.145
-1.000 0.000 24 0.1281 0.115 0.1175 0.1002 0.1003 0.1086 0.0879 0.0814 0.0876 0.1033 0.0818 0.0654 0.0644 0.0808 0.1028 0.0833 0.0586 0.0421 0.0562 0.0817 0.1072 0.0912 0.0649 0.0307 0.0296 0.0606 0.0891 0.1143 0.1033 0.0808 0.0446 0.0 0.0411 0.0737 0.1005 0.1229 0.1005 0.0711 0.0331 0.0314 0.0628 0.0902 0.1128 0.0998 0.0686 0.0476 0.0606 0.0839 0.1049 0.1024 0.0779 0.0717 0.0834 0.0997 0.1086 0.0932 0.0902 0.0982 0.1159 0.1037 0.1015 0.1212 0.1093 0.1225
1.000 0.000 24 0.1206 0.1156 0.104 0.1122 0.0941 0.0876 0.1113 0.0865 0.0723 0.075 0.1153 0.0849 0.0597 0.0549 0.0686 0.1226 0.0916 0.056 0.0361 0.0467 0.069 0.1345 0.1059 0.0658 0.027 0.0243 0.0498 0.0746 0.1495 0.1257 0.0874 0.0411 0.0 0.0329 0.0601 0.0828 0.1471 0.1149 0.0699 0.0282 0.0249 0.0497 0.0723 0.1442 0.1044 0.0609 0.0379 0.0466 0.0652 0.1391 0.0961 0.0631 0.0543 0.0629 0.1295 0.0913 0.0702 0.0662 0.1191 0.0888 0.0748 0.1092 0.0872 0.1022
3.000 0.000 30 0.1204 0.1229 0.101 0.1271 0.0996 0.0814 0.1339 0.1013 0.0745 0.0627 0.1436 0.1085 0.0734 0.0507 0.0476 0.1545 0.121 0.0807 0.0466 0.0305 0.0405 0.1688 0.1388 0.0969 0.0545 0.0222 0.0205 0.0426 0.1856 0.1606 0.1208 0.0737 0.0329 0.0 0.0275 0.0503 0.1835 0.1493 0.1018 0.0559 0.0222 0.02 0.0405 0.1787 0.1348 0.0853 0.0469 0.0294 0.0368 0.167 0.1172 0.0733 0.0473 0.0414 0.1463 0.0996 0.0665 0.0517 0.1235 0.0858 0.0634 0.1043 0.0763 0.0906
5.000 0.000 36 0.1264 0.135 0.1081 0.1447 0.1127 0.0877 0.1559 0.1202 0.0884 0.0658 0.1684 0.1316 0.0937 0.0637 0.0447 0.1812 0.1466 0.1052 0.0683 0.0403 0.0267 0.1965 0.1657 0.1232 0.0806 0.0458 0.019 0.0176 0.2142 0.1883 0.1477 0.1005 0.0601 0.0275 0.0 0.0229 0.2122 0.1766 0.128 0.0814 0.045 0.0181 0.0163 0.2058 0.1595 0.1079 0.0662 0.037 0.0233 0.1888 0.1356 0.0886 0.0557 0.0365 0.1601 0.11 0.0731 0.0498 0.1292 0.0885 0.0623 0.1036 0.0738 0.0857
7.000 0.000 42 0.1362 0.1496 0.1187 0.1629 0.1285 0.0993 0.1767 0.1398 0.1056 0.078 0.1907 0.1532 0.1145 0.0821 0.0558 0.2041 0.1691 0.1274 0.0901 0.0594 0.0348 0.2197 0.1884 0.1457 0.1033 0.0684 0.0392 0.016 0.2378 0.2112 0.1701 0.1229 0.0828 0.0503 0.0229 0.0 0.2356 0.1989 0.1496 0.1027 0.0659 0.0366 0.0146 0.2274 0.1795 0.1268 0.0842 0.0523 0.0291 0.2057 0.1507 0.1026 0.0676 0.0427 0.1707 0.1193 0.081 0.0548 0.1338 0.0926 0.0648 0.104 0.0739 0.0833
-6.000 1.000 36 0.1543 0.1325 0.1672 0.1079 0.1442 0.1796 0.0825 0.1181 0.1566 0.19 0.0589 0.0905 0.1313 0.1691 0.2009 0.0385 0.064 0.1043 0.147 0.1823 0.212 0.0226 0.0401 0.0775 0.1233 0.1636 0.1959 0.2231 0.0152 0.019 0.0529 0.1005 0.1471 0.1835 0.2122 0.2356 0.0 0.0323 0.0784 0.1302 0.1723 0.2032 0.2268 0.0221 0.0601 0.111 0.1574 0.1908 0.215 0.0506 0.0935 0.14 0.1753 0.1998 0.0808 0.1239 0.1601 0.1847 0.1084 0.1432 0.168 0.1288 0.1538 0.1426
-4.000 1.000 30 0.1582 0.1372 0.1623 0.1124 0.1398 0.1657 0.0872 0.1131 0.1428 0.1696 0.0645 0.0848 0.1163 0.1473 0.1746 0.0479 0.0577 0.0874 0.1234 0.1543 0.1813 0.0403 0.0348 0.0578 0.0976 0.1341 0.164 0.1895 0.0429 0.0237 0.0285 0.0711 0.1149 0.1493 0.1766 0.1989 0.0323 0.0 0.0456 0.0956 0.1358 0.1654 0.1882 0.0269 0.0318 0.0772 0.1209 0.1528 0.1761 0.043 0.0677 0.1074 0.1395 0.1625 0.0707 0.0989 0.1295 0.1505 0.097 0.1215 0.1397 0.1182 0.1333 0.1312
-2.000 1.000 24 0.1549 0.1384 0.1481 0.1189 0.1286 0.141 0.0999 0.1063 0.1193 0.1361 0.085 0.0837 0.0949 0.1135 0.1347 0.0775 0.0657 0.069 0.0893 0.1133 0.137 0.0782 0.0579 0.0446 0.0628 0.092 0.1188 0.1428 0.0859 0.0634 0.0321 0.0331 0.0699 0.1018 0.128 0.1496 0.0784 0.0456 0.0 0.0476 0.086 0.1147 0.1372 0.0706 0.035 0.0353 0.0723 0.1025 0.1253 0.0681 0.0505 0.0669 0.0926 0.1137 0.0764 0.0746 0.0885 0.105 0.0906 0.0921 0.1008 0.1022 0.1026 0.1097
0.000 1.000 18 0.145 0.1361 0.1293 0.1263 0.1166 0.1143 0.1185 0.1035 0.0971 0.1024 0.1148 0.0937 0.0798 0.0819 0.0954 0.1167 0.0908 0.0664 0.0608 0.0743 0.0939 0.1232 0.0967 0.0625 0.0411 0.0522 0.0748 0.0974 0.1352 0.1108 0.0732 0.0314 0.0282 0.0559 0.0814 0.1027 0.1302 0.0956 0.0476 0.0 0.0379 0.0668 0.0896 0.1211 0.0781 0.0326 0.0286 0.0552 0.0779 0.1094 0.0673 0.0423 0.0507 0.0687 0.0989 0.0672 0.0571 0.0645 0.0927 0.0717 0.0667 0.0898 0.075 0.0878
2.000 1.000 24 0.1368 0.1362 0.1182 0.1354 0.1124 0.0993 0.1369 0.1091 0.0882 0.0819 0.1416 0.1105 0.0809 0.0662 0.069 0.1501 0.1182 0.0809 0.0546 0.0498 0.0622 0.1606 0.1311 0.0906 0.0519 0.0329 0.0425 0.062 0.1759 0.1499 0.1098 0.0628 0.0249 0.0222 0.045 0.0659 0.1723 0.1358 0.086 0.0379 0.0 0.0294 0.0526 0.1618 0.1154 0.064 0.0247 0.0214 0.042 0.1437 0.0938 0.0509 0.0308 0.0373 0.1218 0.0765 0.0479 0.0405 0.1005 0.066 0.0494 0.0847 0.061 0.0747
4.000 1.000 30 0.1373 0.1418 0.1181 0.1474 0.1183 0.097 0.1547 0.1214 0.0931 0.0763 0.1641 0.129 0.0935 0.0683 0.0572 0.1761 0.1416 0.1008 0.0667 0.0459 0.0427 0.1891 0.1581 0.1158 0.0738 0.0423 0.0275 0.0356 0.2063 0.1793 0.1381 0.0902 0.0497 0.02 0.0181 0.0366 0.2032 0.1654 0.1147 0.0668 0.0294 0.0 0.0233 0.1913 0.143 0.0903 0.0481 0.0188 0.0165 0.1683 0.1156 0.0691 0.0373 0.0229 0.1379 0.0893 0.0542 0.0346 0.1077 0.0697 0.0463 0.0847 0.0577 0.0696
6.000 1.000 36 0.1434 0.1527 0.1241 0.1625 0.1295 0.1035 0.1724 0.1369 0.1051 0.0815 0.1842 0.1476 0.1101 0.0804 0.0594 0.1977 0.1623 0.1205 0.0843 0.0569 0.0392 0.2119 0.1803 0.1374 0.0949 0.0611 0.0355 0.0229 0.23 0.2025 0.1607 0.1128 0.0723 0.0405 0.0163 0.0146 0.2268 0.1882 0.1372 0.0896 0.0526 0.0233 0.0 0.2135 0.1641 0.1109 0.0685 0.0369 0.0144 0.1863 0.1323 0.085 0.0511 0.0279 0.1495 0.1 0.0639 0.0396 0.1136 0.0751 0.0496 0.0864 0.0588 0.0683
-5.000 2.000 30 0.1784 0.1562 0.1876 0.1301 0.1637 0.1944 0.1033 0.1362 0.1705 0.2002 0.0784 0.107 0.1438 0.1772 0.2054 0.0574 0.0787 0.115 0.1534 0.1853 0.2124 0.043 0.0531 0.0851 0.1281 0.1657 0.1956 0.2208 0.037 0.0323 0.0556 0.0998 0.1442 0.1787 0.2058 0.2274 0.0221 0.0269 0.0706 0.1211 0.1618 0.1913 0.2135 0.0 0.043 0.0955 0.142 0.1745 0.1972 0.028 0.0714 0.1184 0.1533 0.1768 0.0573 0.0973 0.1323 0.1561 0.0829 0.1162 0.1396 0.1033 0.1259 0.1167
-3.000 2.000 24 0.1828 0.1631 0.1799 0.1399 0.1588 0.1757 0.1158 0.1339 0.1534 0.172 0.0947 0.1074 0.1279 0.1495 0.1706 0.0794 0.0826 0.1003 0.1253 0.1492 0.1719 0.072 0.0639 0.0719 0.0985 0.1278 0.1532 0.1755 0.0731 0.0556 0.0456 0.0686 0.1044 0.1348 0.1595 0.1795 0.0601 0.0318 0.035 0.0781 0.1154 0.143 0.1641 0.043 0.0 0.0505 0.0945 0.1254 0.1473 0.0323 0.0347 0.0749 0.1072 0.1296 0.0455 0.0645 0.0924 0.1134 0.0669 0.0845 0.1021 0.0847 0.0964 0.0966
-1.000 2.000 18 0.174 0.1619 0.1606 0.147 0.1455 0.1468 0.1322 0.1282 0.1285 0.1353 0.1207 0.1118 0.1087 0.1144 0.1276 0.1147 0.0994 0.0893 0.0929 0.1064 0.1244 0.1153 0.0945 0.0738 0.0702 0.0849 0.1048 0.1248 0.1214 0.099 0.0683 0.0476 0.0609 0.0853 0.1079 0.1268 0.111 0.0772 0.0353 0.0326 0.064 0.0903 0.1109 0.0955 0.0505 0.0 0.0423 0.0727 0.0946 0.0767 0.034 0.0305 0.0579 0.0796 0.0648 0.0425 0.0512 0.068 0.0642 0.056 0.0628 0.0689 0.065 0.0735
1.000 2.000 18 0.1603 0.1558 0.1418 0.1511 0.1332 0.1229 0.147 0.1254 0.1098 0.1064 0.1458 0.1211 0.0984 0.0892 0.0938 0.1487 0.1218 0.0915 0.0738 0.0745 0.0864 0.1562 0.1291 0.0922 0.0627 0.0556 0.0671 0.0838 0.166 0.1406 0.1026 0.0606 0.0379 0.0469 0.0662 0.0842 0.1574 0.1209 0.0723 0.0286 0.0247 0.0481 0.0685 0.142 0.0945 0.0423 0.0 0.0308 0.0533 0.1177 0.0678 0.0259 0.0217 0.0411 0.0929 0.0512 0.03 0.0353 0.0745 0.0461 0.0377 0.064 0.0462 0.0588
3.000 2.000 24 0.1529 0.1543 0.1325 0.1562 0.1301 0.112 0.1595 0.1294 0.1045 0.0922 0.1653 0.1329 0.1008 0.0805 0.0747 0.174 0.1415 0.1033 0.0734 0.0599 0.0617 0.1858 0.1553 0.1137 0.0739 0.0493 0.0447 0.0545 0.1985 0.1714 0.1307 0.0839 0.0466 0.0294 0.037 0.0523 0.1908 0.1528 0.1025 0.0552 0.0214 0.0188 0.0369 0.1745 0.1254 0.0727 0.0308 0.0 0.0229 0.1457 0.0938 0.0486 0.0183 0.0156 0.1131 0.0673 0.035 0.0208 0.0851 0.0504 0.031 0.0654 0.042 0.0536
5.000 2.000 30 0.1523 0.1592 0.1328 0.1657 0.1347 0.1117 0.1735 0.1388 0.1093 0.0895 0.1821 0.1467 0.1108 0.0843 0.0685 0.1938 0.1591 0.1182 0.084 0.0609 0.0502 0.2079 0.1759 0.1326 0.0907 0.0593 0.0403 0.0364 0.2224 0.1944 0.1526 0.1049 0.0652 0.0368 0.0233 0.0291 0.215 0.1761 0.1253 0.0779 0.042 0.0165 0.0144 0.1972 0.1473 0.0946 0.0533 0.0229 0.0 0.1648 0.1122 0.0669 0.0349 0.0133 0.1267 0.0803 0.0467 0.0249 0.0929 0.0575 0.0349 0.0688 0.044 0.0536
-4.000 3.000 24 0.2082 0.1863 0.2101 0.1601 0.1876 0.2099 0.1329 0.1606 0.1865 0.2079 0.1075 0.1315 0.1602 0.1848 0.2064 0.0868 0.1032 0.1313 0.1604 0.1846 0.206 0.0724 0.0784 0.1006 0.1336 0.1629 0.1866 0.2068 0.0657 0.0596 0.0703 0.1024 0.1391 0.167 0.1888 0.2057 0.0506 0.043 0.0681 0.1094 0.1437 0.1683 0.1863 0.028 0.0323 0.0767 0.1177 0.1457 0.1648 0.0 0.0455 0.0904 0.122 0.1422 0.0285 0.0664 0.0993 0.1206 0.0533 0.0821 0.1034 0.0725 0.0922 0.0858
-2.000 3.000 18 0.2057 0.1901 0.1956 0.1706 0.178 0.1833 0.1497 0.1573 0.164 0.172 0.1309 0.1355 0.1421 0.151 0.1632 0.1171 0.1151 0.1191 0.129 0.1421 0.1577 0.1096 0.0997 0.0965 0.1046 0.1206 0.1377 0.1544 0.1087 0.0923 0.0771 0.0779 0.0961 0.1172 0.1356 0.1507 0.0935 0.0677 0.0505 0.0673 0.0938 0.1156 0.1323 0.0714 0.0347 0.034 0.0678 0.0938 0.1122 0.0455 0.0 0.0425 0.0726 0.0923 0.0302 0.0288 0.0559 0.0756 0.038 0.0483 0.0643 0.0519 0.0598 0.0624
0.000 3.000 12 0.1897 0.182 0.1711 0.1721 0.1608 0.1522 0.1626 0.1491 0.138 0.1355 0.1544 0.1383 0.1239 0.1177 0.1222 0.1499 0.1318 0.1114 0.1006 0.1028 0.1129 0.1503 0.1298 0.1028 0.085 0.0833 0.0936 0.1071 0.1552 0.1337 0.1011 0.0717 0.0631 0.0733 0.0886 0.1026 0.14 0.1074 0.0669 0.0423 0.0509 0.0691 0.085 0.1184 0.0749 0.0305 0.0259 0.0486 0.0669 0.0904 0.0425 0.0 0.03 0.0502 0.0637 0.025 0.0206 0.0378 0.0481 0.0282 0.0324 0.044 0.0355 0.0449
2.000 3.000 18 0.1728 0.1727 0.1527 0.1709 0.1475 0.1321 0.1698 0.1441 0.1221 0.1121 0.1706 0.1431 0.1148 0.0987 0.095 0.1741 0.1461 0.1129 0.0878 0.0789 0.0822 0.1808 0.1537 0.1166 0.0821 0.0651 0.0645 0.0734 0.1901 0.165 0.1269 0.0834 0.0543 0.0473 0.0557 0.0676 0.1753 0.1395 0.0926 0.0507 0.0308 0.0373 0.0511 0.1533 0.1072 0.0579 0.0217 0.0183 0.0349 0.122 0.0726 0.03 0.0 0.0208 0.0888 0.0461 0.0167 0.0138 0.0631 0.0321 0.0183 0.0475 0.0281 0.0398
4.000 3.000 24 0.1654 0.1688 0.1452 0.1734 0.1442 0.1229 0.1782 0.1454 0.1183 0.1016 0.1847 0.1501 0.1165 0.0929 0.0816 0.1916 0.159 0.1203 0.089 0.0705 0.0643 0.202 0.1718 0.1305 0.0909 0.0636 0.0515 0.0512 0.2141 0.1871 0.1461 0.0997 0.0629 0.0414 0.0365 0.0427 0.1998 0.1625 0.1137 0.0687 0.0373 0.0229 0.0279 0.1768 0.1296 0.0796 0.0411 0.0156 0.0133 0.1422 0.0923 0.0502 0.0208 0.0 0.1044 0.0615 0.0309 0.0116 0.0737 0.0416 0.0216 0.0527 0.031 0.0405
-3.000 4.000 18 0.2347 0.2149 0.228 0.1914 0.2086 0.218 0.1661 0.1841 0.1977 0.2076 0.1413 0.1582 0.1744 0.1858 0.1973 0.1204 0.1326 0.1479 0.1632 0.1756 0.1887 0.1061 0.1091 0.1208 0.1384 0.1539 0.1678 0.1804 0.0972 0.0912 0.0943 0.1086 0.1295 0.1463 0.1601 0.1707 0.0808 0.0707 0.0764 0.0989 0.1218 0.1379 0.1495 0.0573 0.0455 0.0648 0.0929 0.1131 0.1267 0.0285 0.0302 0.0637 0.0888 0.1044 0.0 0.038 0.0673 0.085 0.0245 0.0509 0.07 0.0433 0.0602 0.0563
-1.000 4.000 12 0.2205 0.2104 0.203 0.1954 0.1908 0.1848 0.1788 0.1762 0.1689 0.1667 0.1643 0.1596 0.1527 0.1489 0.1514 0.1516 0.1441 0.1366 0.1303 0.1322 0.1393 0.1436 0.1336 0.1201 0.1121 0.113 0.1198 0.1293 0.1402 0.1265 0.1067 0.0932 0.0913 0.0996 0.11 0.1193 0.1239 0.0989 0.0746 0.0672 0.0765 0.0893 0.1 0.0973 0.0645 0.0425 0.0512 0.0673 0.0803 0.0664 0.0288 0.025 0.0461 0.0615 0.038 0.0 0.0282 0.0459 0.023 0.0195 0.0353 0.0271 0.0314 0.0354
1.000 4.000 12 0.1975 0.1939 0.177 0.1897 0.1698 0.1546 0.1834 0.1626 0.1443 0.134 0.1781 0.1578 0.1343 0.1198 0.1167 0.1748 0.1542 0.127 0.1076 0.0996 0.1022 0.1743 0.1538 0.1248 0.0971 0.0843 0.0848 0.0908 0.1764 0.1564 0.1254 0.0902 0.0702 0.0665 0.0731 0.081 0.1601 0.1295 0.0885 0.0571 0.0479 0.0542 0.0639 0.1323 0.0924 0.0512 0.03 0.035 0.0467 0.0993 0.0559 0.0206 0.0167 0.0309 0.0673 0.0282 0.0 0.0183 0.0434 0.0156 0.0124 0.0311 0.0173 0.0278
3.000 4.000 18 0.1815 0.1827 0.1593 0.1834 0.1575 0.1375 0.1859 0.1559 0.1302 0.1162 0.1882 0.157 0.1264 0.1052 0.0959 0.192 0.1613 0.1263 0.0976 0.0834 0.0787 0.1948 0.1684 0.1313 0.0957 0.0729 0.0645 0.0654 0.2008 0.1771 0.1403 0.0982 0.0662 0.0517 0.0498 0.0548 0.1847 0.1505 0.105 0.0645 0.0405 0.0346 0.0396 0.1561 0.1134 0.068 0.0353 0.0208 0.0249 0.1206 0.0756 0.0378 0.0138 0.0116 0.085 0.0459 0.0183 0.0 0.0571 0.0279 0.0101 0.0393 0.0197 0.0297
-2.000 5.000 12 0.2482 0.2345 0.2343 0.2158 0.2186 0.2157 0.1931 0.2003 0.1996 0.1966 0.1705 0.1799 0.1803 0.1786 0.1797 0.1519 0.1574 0.1604 0.1601 0.1599 0.1639 0.136 0.1366 0.1394 0.1388 0.1405 0.144 0.1492 0.1247 0.1214 0.1168 0.1159 0.1191 0.1235 0.1292 0.1338 0.1084 0.097 0.0906 0.0927 0.1005 0.1077 0.1136 0.0829 0.0669 0.0642 0.0745 0.0851 0.0929 0.0533 0.038 0.0481 0.0631 0.0737 0.0245 0.023 0.0434 0.0571 0.0 0.0271 0.0441 0.0188 0.0351 0.0317
0.000 5.000 6 0.2245 0.2181 0.2021 0.2083 0.1948 0.1788 0.1981 0.1844 0.1677 0.1576 0.186 0.1735 0.157 0.1423 0.1378 0.1751 0.1647 0.1457 0.1289 0.1213 0.1209 0.1667 0.1556 0.1354 0.1168 0.1048 0.1035 0.1063 0.1609 0.1487 0.1284 0.1037 0.0888 0.0858 0.0885 0.0926 0.1432 0.1215 0.0921 0.0717 0.066 0.0697 0.0751 0.1162 0.0845 0.056 0.0461 0.0504 0.0575 0.0821 0.0483 0.0282 0.0321 0.0416 0.0509 0.0195 0.0156 0.0279 0.0271 0.0 0.0173 0.0156 0.0123 0.0179
2.000 5.000 12 0.1986 0.1995 0.1767 0.1973 0.1724 0.154 0.1942 0.1698 0.1453 0.1311 0.1932 0.1672 0.1387 0.1199 0.1104 0.1909 0.1663 0.1362 0.1102 0.0968 0.093 0.1897 0.1668 0.1358 0.1038 0.0854 0.0777 0.0778 0.1863 0.168 0.1376 0.1015 0.0748 0.0634 0.0623 0.0648 0.168 0.1397 0.1008 0.0667 0.0494 0.0463 0.0496 0.1396 0.1021 0.0628 0.0377 0.031 0.0349 0.1034 0.0643 0.0324 0.0183 0.0216 0.07 0.0353 0.0124 0.0101 0.0441 0.0173 0.0 0.0277 0.0097 0.0198
-1.000 6.000 6 0.25 0.2421 0.2283 0.2277 0.2191 0.2053 0.21 0.207 0.1924 0.1812 0.1927 0.1911 0.1797 0.1667 0.1592 0.1746 0.1739 0.1664 0.1516 0.1427 0.1398 0.1588 0.1587 0.1503 0.1373 0.1269 0.1221 0.1216 0.1457 0.143 0.1335 0.1212 0.1092 0.1043 0.1036 0.104 0.1288 0.1182 0.1022 0.0898 0.0847 0.0847 0.0864 0.1033 0.0847 0.0689 0.064 0.0654 0.0688 0.0725 0.0519 0.044 0.0475 0.0527 0.0433 0.0271 0.0311 0.0393 0.0188 0.0156 0.0277 0.0 0.0179 0.0131
1.000 6.000 6 0.2199 0.2176 0.1968 0.2138 0.1915 0.1714 0.2063 0.1855 0.1633 0.1473 0.1975 0.1806 0.1552 0.1355 0.1259 0.1908 0.1742 0.1487 0.1258 0.1115 0.1064 0.1826 0.1679 0.1445 0.117 0.099 0.0915 0.0893 0.1749 0.1614 0.1393 0.1093 0.0872 0.0763 0.0738 0.0739 0.1538 0.1333 0.1026 0.075 0.061 0.0577 0.0588 0.1259 0.0964 0.065 0.0462 0.042 0.044 0.0922 0.0598 0.0355 0.0281 0.031 0.0602 0.0314 0.0173 0.0197 0.0351 0.0123 0.0097 0.0179 0.0 0.0102
0.000 7.000 0 0.2439 0.2394 0.2183 0.2305 0.2135 0.1914 0.2195 0.2051 0.1831 0.1662 0.2047 0.1949 0.1749 0.1538 0.1421 0.1891 0.1845 0.1657 0.1433 0.1283 0.1206 0.1762 0.1712 0.1556 0.1338 0.115 0.1056 0.1013 0.1621 0.1572 0.145 0.1225 0.1022 0.0906 0.0857 0.0833 0.1426 0.1312 0.1097 0.0878 0.0747 0.0696 0.0683 0.1167 0.0966 0.0735 0.0588 0.0536 0.0536 0.0858 0.0624 0.0449 0.0398 0.0405 0.0563 0.0354 0.0278 0.0297 0.0317 0.0179 0.0198 0.0131 0.0102 0.0