n 64
m 3
tmax 8.3
Vmax 1.6
Vmin 1.4
kappa 1
dmax 11.62
0.000 -7.000 0 0.0 0.0107 0.0137 0.0208 0.0179 0.0316 0.0324 0.0265 0.0334 0.052 0.0469 0.0374 0.0391 0.0541 0.0727 0.0664 0.0527 0.048 0.0586 0.077 0.0901 0.0906 0.0755 0.0628 0.0654 0.0825 0.0979 0.1032 0.1174 0.1055 0.0857 0.0774 0.0892 0.1065 0.1145 0.1138 0.1389 0.1191 0.098 0.0984 0.1151 0.1267 0.128 0.158 0.128 0.1132 0.124 0.1388 0.1422 0.1654 0.1347 0.1333 0.1483 0.1562 0.1625 0.1439 0.1545 0.167 0.1578 0.1578 0.1718 0.1607 0.1728 0.1713
-1.000 -6.000 6 0.0107 0.0 0.0179 0.0104 0.0118 0.0333 0.0223 0.0162 0.0277 0.0529 0.0377 0.0268 0.0292 0.0485 0.074 0.0572 0.0431 0.0372 0.0484 0.0721 0.0924 0.0815 0.0656 0.0524 0.0538 0.0725 0.0946 0.1069 0.1088 0.0957 0.077 0.0663 0.0765 0.0978 0.1132 0.1194 0.1296 0.1099 0.0885 0.0858 0.1028 0.1203 0.1292 0.1487 0.1204 0.1025 0.1097 0.1278 0.1395 0.1584 0.1265 0.1197 0.1345 0.1473 0.1561 0.1336 0.1386 0.1537 0.1508 0.143 0.1567 0.1504 0.1556 0.1557
1.000 -6.000 6 0.0137 0.0179 0.0 0.0269 0.0149 0.0177 0.0386 0.0277 0.0243 0.0378 0.0537 0.0407 0.0362 0.0427 0.0575 0.0748 0.0569 0.0488 0.0525 0.0638 0.0749 0.1014 0.0811 0.0646 0.0642 0.0737 0.0837 0.0876 0.1313 0.1132 0.0887 0.0789 0.0854 0.0949 0.0992 0.097 0.1492 0.1225 0.0992 0.0986 0.1084 0.1134 0.111 0.1616 0.1286 0.1147 0.122 0.1285 0.1273 0.1643 0.1351 0.1341 0.1431 0.1438 0.1596 0.1449 0.1539 0.1573 0.1575 0.1588 0.1678 0.1617 0.1731 0.1729
-2.000 -5.000 12 0.0208 0.0104 0.0269 0.0 0.0162 0.0397 0.0122 0.0119 0.0297 0.0579 0.0279 0.0185 0.0262 0.0491 0.0777 0.0479 0.0339 0.0314 0.0452 0.072 0.0969 0.0722 0.0569 0.0456 0.0487 0.0687 0.0949 0.1119 0.0995 0.086 0.0698 0.0613 0.0709 0.0944 0.1146 0.1241 0.1194 0.1028 0.084 0.0805 0.0969 0.118 0.132 0.1401 0.1162 0.0986 0.1036 0.1224 0.1385 0.1532 0.125 0.1143 0.1272 0.144 0.1555 0.1304 0.1323 0.1464 0.1518 0.1375 0.1479 0.1479 0.1487 0.1502
0.000 -5.000 6 0.0179 0.0118 0.0149 0.0162 0.0 0.0243 0.0271 0.013 0.0161 0.0421 0.0429 0.0264 0.0214 0.0369 0.0617 0.0639 0.0441 0.0331 0.0394 0.06 0.0805 0.091 0.0682 0.05 0.048 0.0627 0.0825 0.0946 0.1217 0.1007 0.0744 0.0623 0.0699 0.0874 0.1007 0.1056 0.1378 0.109 0.0843 0.0812 0.0948 0.1089 0.1152 0.1493 0.1146 0.0977 0.1047 0.1187 0.1261 0.1514 0.1195 0.1159 0.1275 0.1369 0.1466 0.1275 0.1348 0.146 0.1413 0.1398 0.1505 0.1436 0.1526 0.1527
2.000 -5.000 12 0.0316 0.0333 0.0177 0.0397 0.0243 0.0 0.0506 0.0361 0.0191 0.0197 0.0668 0.0495 0.0369 0.029 0.0389 0.0884 0.0665 0.0533 0.0459 0.0468 0.0553 0.1173 0.0919 0.0712 0.0635 0.0615 0.0644 0.068 0.1507 0.1256 0.0963 0.0817 0.0792 0.0789 0.0792 0.0772 0.1637 0.1305 0.1041 0.0976 0.0969 0.0943 0.0902 0.1697 0.1331 0.1168 0.1157 0.1129 0.1068 0.1666 0.1376 0.1323 0.132 0.1244 0.1602 0.1463 0.147 0.1418 0.158 0.1562 0.1567 0.1626 0.1658 0.1701
-3.000 -4.000 18 0.0324 0.0223 0.0386 0.0122 0.0271 0.0506 0.0 0.0185 0.0382 0.0676 0.0158 0.015 0.0316 0.0565 0.0871 0.036 0.0247 0.0318 0.0501 0.0789 0.1054 0.0604 0.0458 0.042 0.0511 0.0732 0.1018 0.1216 0.0877 0.0742 0.0631 0.0616 0.0738 0.0991 0.1221 0.1345 0.1065 0.0938 0.0826 0.0828 0.0999 0.1233 0.1393 0.1287 0.1132 0.1002 0.1058 0.1256 0.1444 0.1476 0.1258 0.1176 0.129 0.1474 0.1567 0.1331 0.1337 0.1489 0.1548 0.1413 0.1483 0.1518 0.1496 0.1543
-1.000 -4.000 12 0.0265 0.0162 0.0277 0.0119 0.013 0.0361 0.0185 0.0 0.0214 0.0514 0.0336 0.014 0.0147 0.0393 0.0695 0.0551 0.0322 0.0215 0.0339 0.0615 0.0867 0.0824 0.0576 0.0381 0.0379 0.0577 0.0845 0.1024 0.1134 0.0901 0.0638 0.0511 0.0602 0.0834 0.1037 0.114 0.1272 0.0983 0.0736 0.0699 0.0863 0.1067 0.1196 0.1386 0.1051 0.0872 0.0929 0.1114 0.1257 0.1428 0.1105 0.1034 0.1169 0.1314 0.1384 0.1176 0.121 0.1357 0.1335 0.1261 0.138 0.1335 0.1373 0.1382
1.000 -4.000 12 0.0334 0.0277 0.0243 0.0297 0.0161 0.0191 0.0382 0.0214 0.0 0.029 0.054 0.0336 0.0176 0.0205 0.0462 0.0766 0.0514 0.0341 0.0283 0.0431 0.0629 0.1053 0.0762 0.0531 0.0435 0.0489 0.0644 0.0774 0.139 0.1104 0.078 0.0616 0.0613 0.0712 0.0827 0.0881 0.1496 0.1127 0.0841 0.0773 0.0831 0.0918 0.0968 0.1532 0.1138 0.0958 0.0977 0.1038 0.1081 0.1486 0.1173 0.1118 0.1174 0.1207 0.141 0.1243 0.129 0.1317 0.1375 0.1355 0.1414 0.1399 0.1475 0.1489
3.000 -4.000 18 0.052 0.0529 0.0378 0.0579 0.0421 0.0197 0.0676 0.0514 0.029 0.0 0.0838 0.0637 0.0452 0.021 0.0188 0.1074 0.0816 0.0623 0.0433 0.0293 0.0349 0.1376 0.1068 0.0816 0.0649 0.0493 0.0439 0.047 0.1734 0.1417 0.1072 0.0865 0.0722 0.0609 0.057 0.0562 0.1819 0.1413 0.1104 0.0953 0.0827 0.073 0.0676 0.18 0.1391 0.1177 0.1059 0.0937 0.0834 0.1709 0.1394 0.1273 0.1155 0.1021 0.1612 0.1434 0.1344 0.1214 0.1559 0.1487 0.138 0.1569 0.151 0.1605
-4.000 -3.000 24 0.0469 0.0377 0.0537 0.0279 0.0429 0.0668 0.0158 0.0336 0.054 0.0838 0.0 0.0247 0.0455 0.0712 0.1032 0.0202 0.0203 0.0417 0.0637 0.094 0.1221 0.0445 0.0329 0.044 0.0621 0.0873 0.117 0.1381 0.0713 0.0584 0.0576 0.0682 0.0857 0.1131 0.1382 0.1526 0.0888 0.0828 0.0839 0.0924 0.1123 0.1379 0.1562 0.1136 0.1089 0.1074 0.1163 0.1382 0.1585 0.1392 0.1278 0.1258 0.1393 0.1597 0.154 0.1407 0.142 0.1586 0.1578 0.1483 0.1572 0.1597 0.1565 0.1611
-2.000 -3.000 18 0.0374 0.0268 0.0407 0.0185 0.0264 0.0495 0.015 0.014 0.0336 0.0637 0.0247 0.0 0.0215 0.0487 0.0811 0.045 0.0188 0.0168 0.0384 0.0696 0.0977 0.072 0.0445 0.0278 0.0362 0.0613 0.0911 0.1119 0.1034 0.0773 0.0523 0.0452 0.0593 0.0866 0.1114 0.1252 0.1145 0.0865 0.0663 0.066 0.0854 0.1104 0.1279 0.1263 0.097 0.082 0.0895 0.1109 0.1301 0.1333 0.1063 0.0985 0.1129 0.1314 0.1342 0.1127 0.1162 0.1317 0.1317 0.1202 0.1313 0.1291 0.1311 0.132
0.000 -3.000 12 0.0391 0.0292 0.0362 0.0262 0.0214 0.0369 0.0316 0.0147 0.0176 0.0452 0.0455 0.0215 0.0 0.0283 0.0598 0.0678 0.0384 0.0169 0.0194 0.0483 0.0747 0.0969 0.0643 0.0365 0.027 0.0431 0.0693 0.0879 0.1308 0.098 0.0632 0.0439 0.0476 0.0679 0.0889 0.1002 0.1373 0.0978 0.0675 0.0602 0.0724 0.0913 0.1044 0.1385 0.0979 0.0782 0.0819 0.097 0.1099 0.1335 0.1001 0.0943 0.1038 0.1161 0.1258 0.1066 0.1112 0.1223 0.12 0.1172 0.1257 0.1216 0.1282 0.1293
2.000 -3.000 18 0.0541 0.0485 0.0427 0.0491 0.0369 0.029 0.0565 0.0393 0.0205 0.021 0.0712 0.0487 0.0283 0.0 0.0293 0.0949 0.0658 0.0435 0.0219 0.0221 0.0436 0.1259 0.0918 0.0627 0.0433 0.0325 0.0428 0.0564 0.1613 0.1255 0.0876 0.0649 0.0521 0.0512 0.0601 0.0671 0.1656 0.1218 0.0887 0.0737 0.0677 0.0695 0.0742 0.1613 0.1176 0.0955 0.0875 0.0845 0.085 0.15 0.1172 0.106 0.1023 0.0981 0.1389 0.1218 0.1176 0.1126 0.134 0.1282 0.1261 0.1359 0.1354 0.141
4.000 -3.000 24 0.0727 0.074 0.0575 0.0777 0.0617 0.0389 0.0871 0.0695 0.0462 0.0188 0.1032 0.0811 0.0598 0.0293 0.0 0.1276 0.0982 0.0752 0.0487 0.0197 0.0158 0.1597 0.1245 0.0942 0.0702 0.0429 0.0257 0.0279 0.1968 0.1589 0.1194 0.0929 0.068 0.0454 0.0366 0.0372 0.199 0.1526 0.117 0.0935 0.0699 0.053 0.0465 0.1904 0.1445 0.1174 0.096 0.0748 0.0614 0.1741 0.1392 0.1193 0.0981 0.0802 0.1596 0.1369 0.12 0.0993 0.1509 0.1356 0.1168 0.1457 0.1327 0.1437
-5.000 -2.000 30 0.0664 0.0572 0.0748 0.0479 0.0639 0.0884 0.036 0.0551 0.0766 0.1074 0.0202 0.045 0.0678 0.0949 0.1276 0.0 0.0329 0.0618 0.086 0.1176 0.1473 0.0241 0.0261 0.057 0.0825 0.1101 0.1416 0.1642 0.0506 0.0402 0.0583 0.0834 0.1067 0.1365 0.163 0.1788 0.0668 0.0717 0.0904 0.1095 0.1333 0.1614 0.182 0.0953 0.1053 0.1182 0.1338 0.1588 0.1818 0.1261 0.1326 0.1384 0.156 0.1786 0.1483 0.1474 0.1546 0.1742 0.1608 0.1567 0.1689 0.164 0.1662 0.1672
-3.000 -2.000 24 0.0527 0.0431 0.0569 0.0339 0.0441 0.0665 0.0247 0.0322 0.0514 0.0816 0.0203 0.0188 0.0384 0.0658 0.0982 0.0329 0.0 0.0278 0.0527 0.0852 0.1149 0.0577 0.0259 0.0233 0.0459 0.0745 0.1065 0.1291 0.0875 0.0586 0.0388 0.0471 0.0687 0.099 0.1258 0.1416 0.0948 0.07 0.061 0.0706 0.0941 0.1225 0.1431 0.1072 0.0879 0.0819 0.0945 0.1193 0.1421 0.1208 0.1024 0.101 0.1173 0.1393 0.1294 0.1121 0.1175 0.1355 0.1295 0.1213 0.1318 0.1288 0.1301 0.1322
-1.000 -2.000 18 0.048 0.0372 0.0488 0.0314 0.0331 0.0533 0.0318 0.0215 0.0341 0.0623 0.0417 0.0168 0.0169 0.0435 0.0752 0.0618 0.0278 0.0 0.027 0.0604 0.0896 0.0897 0.0522 0.0203 0.0196 0.0477 0.0796 0.1017 0.1222 0.0858 0.0475 0.0298 0.0428 0.0717 0.0976 0.1127 0.1249 0.083 0.0525 0.0491 0.0687 0.0953 0.1143 0.1238 0.0833 0.0653 0.0721 0.0943 0.1144 0.1197 0.0872 0.0812 0.0959 0.1144 0.1127 0.0942 0.0981 0.1145 0.1084 0.1024 0.1144 0.1089 0.113 0.1136
1.000 -2.000 18 0.0586 0.0484 0.0525 0.0452 0.0394 0.0459 0.0501 0.0339 0.0283 0.0433 0.0637 0.0384 0.0194 0.0219 0.0487 0.086 0.0527 0.027 0.0 0.0325 0.0597 0.1166 0.0779 0.0446 0.0214 0.0233 0.0507 0.0707 0.1515 0.1121 0.0703 0.0431 0.033 0.0476 0.0682 0.0811 0.1508 0.1032 0.0678 0.0518 0.0545 0.0696 0.0839 0.1424 0.0966 0.0729 0.0689 0.0766 0.0883 0.1292 0.0951 0.0847 0.0877 0.0951 0.1173 0.0986 0.0992 0.1025 0.1119 0.107 0.1106 0.1126 0.1168 0.1195
3.000 -2.000 24 0.077 0.0721 0.0638 0.072 0.06 0.0468 0.0789 0.0615 0.0431 0.0293 0.094 0.0696 0.0483 0.0221 0.0197 0.1176 0.0852 0.0604 0.0325 0.0 0.0257 0.1497 0.1107 0.0778 0.0516 0.023 0.0203 0.0365 0.1863 0.1453 0.1026 0.073 0.0478 0.0314 0.0374 0.0466 0.1838 0.1343 0.0969 0.0726 0.053 0.0467 0.0512 0.1713 0.1241 0.0965 0.0772 0.064 0.0608 0.1532 0.118 0.0998 0.0845 0.0747 0.1376 0.1167 0.1032 0.0909 0.129 0.118 0.1058 0.127 0.1183 0.128
5.000 -2.000 30 0.0901 0.0924 0.0749 0.0969 0.0805 0.0553 0.1054 0.0867 0.0629 0.0349 0.1221 0.0977 0.0747 0.0436 0.0158 0.1473 0.1149 0.0896 0.0597 0.0257 0.0 0.1802 0.1405 0.1071 0.0789 0.0451 0.0163 0.0121 0.2176 0.1751 0.1314 0.0998 0.0686 0.0373 0.0205 0.0216 0.2137 0.1626 0.1234 0.0939 0.062 0.038 0.0292 0.1976 0.1488 0.1172 0.0883 0.0602 0.0434 0.175 0.1375 0.1115 0.0842 0.0615 0.1555 0.1288 0.1052 0.08 0.1419 0.121 0.098 0.133 0.1128 0.1246
-6.000 -1.000 36 0.0906 0.0815 0.1014 0.0722 0.091 0.1173 0.0604 0.0824 0.1053 0.1376 0.0445 0.072 0.0969 0.1259 0.1597 0.0241 0.0577 0.0897 0.1166 0.1497 0.1802 0.0 0.0402 0.0813 0.1113 0.1408 0.174 0.1981 0.0261 0.0301 0.0713 0.1073 0.1351 0.1671 0.1956 0.2131 0.0435 0.0679 0.1047 0.1322 0.1606 0.1911 0.2135 0.0768 0.106 0.1336 0.156 0.1846 0.2103 0.1131 0.1369 0.1533 0.1759 0.2018 0.1432 0.1536 0.1679 0.1906 0.1578 0.1634 0.1803 0.164 0.1723 0.1698
-4.000 -1.000 30 0.0755 0.0656 0.0811 0.0569 0.0682 0.0919 0.0458 0.0576 0.0762 0.1068 0.0329 0.0445 0.0643 0.0918 0.1245 0.0261 0.0259 0.0522 0.0779 0.1107 0.1405 0.0402 0.0 0.0388 0.0676 0.0975 0.1309 0.1548 0.0667 0.0323 0.0315 0.0614 0.0888 0.1213 0.15 0.1674 0.0679 0.0493 0.0626 0.085 0.1131 0.1438 0.1662 0.0817 0.0774 0.0881 0.1078 0.1362 0.1619 0.1034 0.0999 0.1084 0.1291 0.1543 0.1193 0.115 0.1242 0.1454 0.1262 0.124 0.1374 0.1299 0.1326 0.133
-2.000 -1.000 24 0.0628 0.0524 0.0646 0.0456 0.05 0.0712 0.042 0.0381 0.0531 0.0816 0.044 0.0278 0.0365 0.0627 0.0942 0.057 0.0233 0.0203 0.0446 0.0778 0.1071 0.0813 0.0388 0.0 0.0298 0.0616 0.0956 0.1193 0.1111 0.0696 0.0276 0.0236 0.05 0.0836 0.1125 0.1298 0.1065 0.0631 0.0378 0.047 0.0744 0.105 0.1273 0.1029 0.0667 0.0561 0.0708 0.0985 0.1236 0.1014 0.0759 0.0743 0.0936 0.1176 0.1004 0.0843 0.0918 0.1116 0.0993 0.093 0.1066 0.0989 0.1035 0.1031
0.000 -1.000 18 0.0654 0.0538 0.0642 0.0487 0.048 0.0635 0.0511 0.0379 0.0435 0.0649 0.0621 0.0362 0.027 0.0433 0.0702 0.0825 0.0459 0.0196 0.0214 0.0516 0.0789 0.1113 0.0676 0.0298 0.0 0.033 0.0663 0.0888 0.1442 0.0999 0.0535 0.0221 0.0232 0.0541 0.0816 0.098 0.1369 0.0865 0.0472 0.0329 0.0489 0.0756 0.0959 0.1242 0.0767 0.0522 0.0539 0.0733 0.0946 0.1092 0.0741 0.0657 0.0758 0.0935 0.0975 0.0783 0.0812 0.0943 0.091 0.0871 0.0953 0.092 0.0972 0.0985
2.000 -1.000 24 0.0825 0.0725 0.0737 0.0687 0.0627 0.0615 0.0732 0.0577 0.0489 0.0493 0.0873 0.0613 0.0431 0.0325 0.0429 0.1101 0.0745 0.0477 0.0233 0.023 0.0451 0.1408 0.0975 0.0616 0.033 0.0 0.0314 0.0525 0.176 0.1307 0.0846 0.0521 0.0245 0.0237 0.0465 0.0613 0.1679 0.1159 0.0752 0.0491 0.0351 0.0453 0.0608 0.1503 0.1013 0.0723 0.0559 0.0535 0.063 0.1297 0.0939 0.0762 0.0687 0.0696 0.1133 0.093 0.084 0.08 0.105 0.0956 0.0914 0.1041 0.1007 0.1072
4.000 -1.000 30 0.0979 0.0946 0.0837 0.0949 0.0825 0.0644 0.1018 0.0845 0.0644 0.0439 0.117 0.0911 0.0693 0.0428 0.0257 0.1416 0.1065 0.0796 0.0507 0.0203 0.0163 0.174 0.1309 0.0956 0.0663 0.0314 0.0 0.0205 0.2103 0.1643 0.1182 0.0851 0.0525 0.0209 0.017 0.0294 0.2012 0.1482 0.1069 0.0761 0.0453 0.0273 0.0309 0.1808 0.1312 0.0994 0.0707 0.0472 0.0393 0.1561 0.1189 0.094 0.0693 0.0539 0.1354 0.1107 0.0902 0.0703 0.1222 0.1052 0.0859 0.1151 0.1004 0.111
6.000 -1.000 36 0.1032 0.1069 0.0876 0.1119 0.0946 0.068 0.1216 0.1024 0.0774 0.047 0.1381 0.1119 0.0879 0.0564 0.0279 0.1642 0.1291 0.1017 0.0707 0.0365 0.0121 0.1981 0.1548 0.1193 0.0888 0.0525 0.0205 0.0 0.2352 0.1884 0.1419 0.108 0.0733 0.0379 0.013 0.0098 0.225 0.1711 0.1291 0.0959 0.0602 0.0307 0.0168 0.2023 0.1521 0.118 0.0846 0.0519 0.031 0.174 0.1355 0.1059 0.0742 0.0484 0.149 0.121 0.0934 0.0663 0.132 0.1078 0.0818 0.1186 0.0953 0.1074
-7.000 0.000 42 0.1174 0.1088 0.1313 0.0995 0.1217 0.1507 0.0877 0.1134 0.139 0.1734 0.0713 0.1034 0.1308 0.1613 0.1968 0.0506 0.0875 0.1222 0.1515 0.1863 0.2176 0.0261 0.0667 0.1111 0.1442 0.176 0.2103 0.2352 0.0 0.0435 0.0951 0.1369 0.1674 0.2011 0.2312 0.25 0.0303 0.0771 0.1255 0.1588 0.19 0.2225 0.2468 0.0671 0.1133 0.1496 0.1779 0.2095 0.2373 0.1045 0.1428 0.1675 0.1941 0.2227 0.1354 0.1578 0.178 0.204 0.1514 0.1655 0.1859 0.1584 0.1726 0.1641
-5.000 0.000 36 0.1055 0.0957 0.1132 0.086 0.1007 0.1256 0.0742 0.0901 0.1104 0.1417 0.0584 0.0773 0.098 0.1255 0.1589 0.0402 0.0586 0.0858 0.1121 0.1453 0.1751 0.0301 0.0323 0.0696 0.0999 0.1307 0.1643 0.1884 0.0435 0.0 0.0493 0.0885 0.118 0.1517 0.1816 0.2001 0.0348 0.037 0.0774 0.1084 0.1393 0.1718 0.1958 0.0531 0.0738 0.1019 0.1281 0.1593 0.1866 0.0837 0.1011 0.1204 0.1452 0.1731 0.1082 0.1182 0.1337 0.158 0.1224 0.1273 0.1444 0.1277 0.1352 0.132
-3.000 0.000 30 0.0857 0.077 0.0887 0.0698 0.0744 0.0963 0.0631 0.0638 0.078 0.1072 0.0576 0.0523 0.0632 0.0876 0.1194 0.0583 0.0388 0.0475 0.0703 0.1026 0.1314 0.0713 0.0315 0.0276 0.0535 0.0846 0.1182 0.1419 0.0951 0.0493 0.0 0.0378 0.0684 0.1032 0.1334 0.1519 0.0816 0.0352 0.0302 0.0576 0.0893 0.1223 0.1465 0.0742 0.047 0.055 0.0788 0.1101 0.1374 0.0778 0.065 0.0745 0.0982 0.1258 0.0854 0.0781 0.0903 0.1137 0.0891 0.0879 0.1035 0.0916 0.0971 0.0956
-1.000 0.000 24 0.0774 0.0663 0.0789 0.0613 0.0623 0.0817 0.0616 0.0511 0.0616 0.0865 0.0682 0.0452 0.0439 0.0649 0.0929 0.0834 0.0471 0.0298 0.0431 0.073 0.0998 0.1073 0.0614 0.0236 0.0221 0.0521 0.0851 0.108 0.1369 0.0885 0.0378 0.0 0.0329 0.0688 0.0988 0.1168 0.1216 0.0676 0.0254 0.0236 0.0543 0.0871 0.1108 0.1033 0.055 0.0341 0.0474 0.0765 0.1028 0.0873 0.0544 0.0508 0.0697 0.0949 0.0772 0.0609 0.0677 0.0877 0.0732 0.0697 0.083 0.0743 0.0802 0.0798
1.000 0.000 24 0.0892 0.0765 0.0854 0.0709 0.0699 0.0792 0.0738 0.0602 0.0613 0.0722 0.0857 0.0593 0.0476 0.0521 0.068 0.1067 0.0687 0.0428 0.033 0.0478 0.0686 0.1351 0.0888 0.05 0.0232 0.0245 0.0525 0.0733 0.1674 0.118 0.0684 0.0329 0.0 0.0351 0.0635 0.0805 0.152 0.0968 0.0534 0.0243 0.0252 0.0534 0.0753 0.1295 0.0786 0.0474 0.0351 0.049 0.0701 0.1052 0.0686 0.0523 0.0538 0.0677 0.0881 0.0674 0.0638 0.0697 0.0799 0.0725 0.0749 0.0792 0.0804 0.0843
3.000 0.000 30 0.1065 0.0978 0.0949 0.0944 0.0874 0.0789 0.0991 0.0834 0.0712 0.0609 0.1131 0.0866 0.0679 0.0512 0.0454 0.1365 0.099 0.0717 0.0476 0.0314 0.0373 0.1671 0.1213 0.0836 0.0541 0.0237 0.0209 0.0379 0.2011 0.1517 0.1032 0.0688 0.0351 0.0 0.0273 0.0438 0.1858 0.1306 0.088 0.0557 0.0241 0.0213 0.0395 0.1609 0.1103 0.0769 0.049 0.032 0.0388 0.1327 0.0958 0.0709 0.0512 0.0454 0.1114 0.0878 0.0697 0.0577 0.0988 0.0844 0.0708 0.0935 0.0828 0.0923
5.000 0.000 36 0.1145 0.1132 0.0992 0.1146 0.1007 0.0792 0.1221 0.1037 0.0827 0.057 0.1382 0.1114 0.0889 0.0601 0.0366 0.163 0.1258 0.0976 0.0682 0.0374 0.0205 0.1956 0.15 0.1125 0.0816 0.0465 0.017 0.013 0.2312 0.1816 0.1334 0.0988 0.0635 0.0273 0.0 0.0168 0.2155 0.16 0.1175 0.0836 0.0473 0.0177 0.014 0.1884 0.1377 0.1029 0.0698 0.0386 0.0225 0.1573 0.1196 0.0906 0.0598 0.038 0.1317 0.1049 0.0791 0.0544 0.1139 0.093 0.07 0.1022 0.083 0.0937
7.000 0.000 42 0.1138 0.1194 0.097 0.1241 0.1056 0.0772 0.1345 0.114 0.0881 0.0562 0.1526 0.1252 0.1002 0.0671 0.0372 0.1788 0.1416 0.1127 0.0811 0.0466 0.0216 0.2131 0.1674 0.1298 0.098 0.0613 0.0294 0.0098 0.25 0.2001 0.1519 0.1168 0.0805 0.0438 0.0168 0.0 0.234 0.1783 0.1356 0.1009 0.0633 0.0314 0.0111 0.2052 0.1545 0.119 0.084 0.0498 0.0254 0.1716 0.1335 0.1024 0.0688 0.0411 0.1426 0.1141 0.0847 0.0565 0.1206 0.0965 0.0695 0.1051 0.0809 0.0911
-6.000 1.000 36 0.1389 0.1296 0.1492 0.1194 0.1378 0.1637 0.1065 0.1272 0.1496 0.1819 0.0888 0.1145 0.1373 0.1656 0.199 0.0668 0.0948 0.1249 0.1508 0.1838 0.2137 0.0435 0.0679 0.1065 0.1369 0.1679 0.2012 0.225 0.0303 0.0348 0.0816 0.1216 0.152 0.1858 0.2155 0.234 0.0 0.0531 0.1033 0.1368 0.168 0.201 0.2255 0.0361 0.0835 0.1211 0.15 0.1821 0.2102 0.0724 0.1076 0.1335 0.1612 0.19 0.1 0.1223 0.1423 0.1683 0.1164 0.129 0.1489 0.1227 0.1347 0.1272
-4.000 1.000 30 0.1191 0.1099 0.1225 0.1028 0.109 0.1305 0.0938 0.0983 0.1127 0.1413 0.0828 0.0865 0.0978 0.1218 0.1526 0.0717 0.07 0.083 0.1032 0.1343 0.1626 0.0679 0.0493 0.0631 0.0865 0.1159 0.1482 0.1711 0.0771 0.037 0.0352 0.0676 0.0968 0.1306 0.16 0.1783 0.0531 0.0 0.047 0.0794 0.1113 0.1446 0.1692 0.0381 0.0353 0.0662 0.0945 0.1269 0.1551 0.0509 0.0613 0.082 0.109 0.1375 0.0696 0.0768 0.0936 0.119 0.0804 0.0858 0.1039 0.0855 0.0939 0.0902
-2.000 1.000 24 0.098 0.0885 0.0992 0.084 0.0843 0.1041 0.0826 0.0736 0.0841 0.1104 0.0839 0.0663 0.0675 0.0887 0.117 0.0904 0.061 0.0525 0.0678 0.0969 0.1234 0.1047 0.0626 0.0378 0.0472 0.0752 0.1069 0.1291 0.1255 0.0774 0.0302 0.0254 0.0534 0.088 0.1175 0.1356 0.1033 0.047 0.0 0.0341 0.0681 0.1023 0.1269 0.0781 0.0295 0.0247 0.052 0.0852 0.1135 0.0614 0.0356 0.0443 0.0703 0.0984 0.0564 0.047 0.0605 0.0846 0.057 0.0573 0.0737 0.0598 0.067 0.0654
0.000 1.000 18 0.0984 0.0858 0.0986 0.0805 0.0812 0.0976 0.0828 0.0699 0.0773 0.0953 0.0924 0.066 0.0602 0.0737 0.0935 0.1095 0.0706 0.0491 0.0518 0.0726 0.0939 0.1322 0.085 0.047 0.0329 0.0491 0.0761 0.0959 0.1588 0.1084 0.0576 0.0236 0.0243 0.0557 0.0836 0.1009 0.1368 0.0794 0.0341 0.0 0.0351 0.0686 0.0924 0.1078 0.0559 0.023 0.0237 0.0538 0.0808 0.0812 0.0441 0.031 0.0456 0.0697 0.0635 0.044 0.0461 0.0625 0.0561 0.051 0.0601 0.0565 0.0606 0.0619
2.000 1.000 24 0.1151 0.1028 0.1084 0.0969 0.0948 0.0969 0.0999 0.0863 0.0831 0.0827 0.1123 0.0854 0.0724 0.0677 0.0699 0.1333 0.0941 0.0687 0.0545 0.053 0.062 0.1606 0.1131 0.0744 0.0489 0.0351 0.0453 0.0602 0.19 0.1393 0.0893 0.0543 0.0252 0.0241 0.0473 0.0633 0.168 0.1113 0.0681 0.0351 0.0 0.032 0.0548 0.1377 0.0868 0.0529 0.0244 0.0232 0.0457 0.1072 0.0698 0.0456 0.0323 0.0413 0.0843 0.0613 0.0475 0.045 0.0724 0.0601 0.0537 0.0687 0.0629 0.0703
4.000 1.000 30 0.1267 0.1203 0.1134 0.118 0.1089 0.0943 0.1233 0.1067 0.0918 0.073 0.1379 0.1104 0.0913 0.0695 0.053 0.1614 0.1225 0.0953 0.0696 0.0467 0.038 0.1911 0.1438 0.105 0.0756 0.0453 0.0273 0.0307 0.2225 0.1718 0.1223 0.0871 0.0534 0.0213 0.0177 0.0314 0.201 0.1446 0.1023 0.0686 0.032 0.0 0.0225 0.1689 0.1187 0.0845 0.0514 0.0205 0.0173 0.1353 0.098 0.0697 0.0412 0.0254 0.1088 0.0836 0.0593 0.0395 0.092 0.0733 0.0535 0.0822 0.0663 0.0763
6.000 1.000 36 0.128 0.1292 0.111 0.132 0.1152 0.0902 0.1393 0.1196 0.0968 0.0676 0.1562 0.1279 0.1044 0.0742 0.0465 0.182 0.1431 0.1143 0.0839 0.0512 0.0292 0.2135 0.1662 0.1273 0.0959 0.0608 0.0309 0.0168 0.2468 0.1958 0.1465 0.1108 0.0753 0.0395 0.014 0.0111 0.2255 0.1692 0.1269 0.0924 0.0548 0.0225 0.0 0.1918 0.1419 0.1072 0.0725 0.0385 0.0141 0.1554 0.118 0.0879 0.0556 0.0296 0.1257 0.0989 0.0709 0.0441 0.1044 0.0821 0.0571 0.0893 0.0683 0.0777
-5.000 2.000 30 0.158 0.1487 0.1616 0.1401 0.1493 0.1697 0.1287 0.1386 0.1532 0.18 0.1136 0.1263 0.1385 0.1613 0.1904 0.0953 0.1072 0.1238 0.1424 0.1713 0.1976 0.0768 0.0817 0.1029 0.1242 0.1503 0.1808 0.2023 0.0671 0.0531 0.0742 0.1033 0.1295 0.1609 0.1884 0.2052 0.0361 0.0381 0.0781 0.1078 0.1377 0.1689 0.1918 0.0 0.0509 0.087 0.1141 0.145 0.1719 0.035 0.0695 0.0947 0.1213 0.1489 0.0613 0.081 0.1012 0.1262 0.0756 0.0872 0.106 0.082 0.0929 0.0866
-3.000 2.000 24 0.128 0.1204 0.1286 0.1162 0.1146 0.1331 0.1132 0.1051 0.1138 0.1391 0.1089 0.097 0.0979 0.1176 0.1445 0.1053 0.0879 0.0833 0.0966 0.1241 0.1488 0.106 0.0774 0.0667 0.0767 0.1013 0.1312 0.1521 0.1133 0.0738 0.047 0.055 0.0786 0.1103 0.1377 0.1545 0.0835 0.0353 0.0295 0.0559 0.0868 0.1187 0.1419 0.0509 0.0 0.0356 0.0643 0.0966 0.1241 0.0315 0.0255 0.0482 0.0757 0.1038 0.0362 0.041 0.0597 0.0848 0.0445 0.0511 0.0688 0.0502 0.059 0.055
-1.000 2.000 18 0.1132 0.1025 0.1147 0.0986 0.0977 0.1168 0.1002 0.0872 0.0958 0.1177 0.1074 0.082 0.0782 0.0955 0.1174 0.1182 0.0819 0.0653 0.0729 0.0965 0.1172 0.1336 0.0881 0.0561 0.0522 0.0723 0.0994 0.118 0.1496 0.1019 0.055 0.0341 0.0474 0.0769 0.1029 0.119 0.1211 0.0662 0.0247 0.023 0.0529 0.0845 0.1072 0.087 0.0356 0.0 0.031 0.0642 0.0915 0.0573 0.0211 0.0199 0.0464 0.074 0.0406 0.0252 0.0363 0.0594 0.0361 0.0348 0.0499 0.0382 0.0454 0.0445
1.000 2.000 18 0.124 0.1097 0.122 0.1036 0.1047 0.1157 0.1058 0.0929 0.0977 0.1059 0.1163 0.0895 0.0819 0.0875 0.096 0.1338 0.0945 0.0721 0.0689 0.0772 0.0883 0.156 0.1078 0.0708 0.0539 0.0559 0.0707 0.0846 0.1779 0.1281 0.0788 0.0474 0.0351 0.049 0.0698 0.084 0.15 0.0945 0.052 0.0237 0.0244 0.0514 0.0725 0.1141 0.0643 0.031 0.0 0.0323 0.0583 0.0812 0.0449 0.0208 0.0214 0.045 0.0585 0.0362 0.0272 0.0379 0.0473 0.0372 0.0387 0.0451 0.0434 0.0486
3.000 2.000 24 0.1388 0.1278 0.1285 0.1224 0.1187 0.1129 0.1256 0.1114 0.1038 0.0937 0.1382 0.1109 0.097 0.0845 0.0748 0.1588 0.1193 0.0943 0.0766 0.064 0.0602 0.1846 0.1362 0.0985 0.0733 0.0535 0.0472 0.0519 0.2095 0.1593 0.1101 0.0765 0.049 0.032 0.0386 0.0498 0.1821 0.1269 0.0852 0.0538 0.0232 0.0205 0.0385 0.145 0.0966 0.0642 0.0323 0.0 0.0254 0.1095 0.0743 0.0473 0.0203 0.0178 0.0832 0.0593 0.0379 0.0243 0.0676 0.051 0.0362 0.0599 0.0478 0.057
5.000 2.000 30 0.1422 0.1395 0.1273 0.1385 0.1261 0.1068 0.1444 0.1257 0.1081 0.0834 0.1585 0.1301 0.1099 0.085 0.0614 0.1818 0.1421 0.1144 0.0883 0.0608 0.0434 0.2103 0.1619 0.1236 0.0946 0.063 0.0393 0.031 0.2373 0.1866 0.1374 0.1028 0.0701 0.0388 0.0225 0.0254 0.2102 0.1551 0.1135 0.0808 0.0457 0.0173 0.0141 0.1719 0.1241 0.0915 0.0583 0.0254 0.0 0.1337 0.0988 0.0705 0.0397 0.0151 0.1038 0.0789 0.0533 0.0292 0.0844 0.0643 0.0418 0.0713 0.0529 0.0623
-4.000 3.000 24 0.1654 0.1584 0.1643 0.1532 0.1514 0.1666 0.1476 0.1428 0.1486 0.1709 0.1392 0.1333 0.1335 0.15 0.1741 0.1261 0.1208 0.1197 0.1292 0.1532 0.175 0.1131 0.1034 0.1014 0.1092 0.1297 0.1561 0.174 0.1045 0.0837 0.0778 0.0873 0.1052 0.1327 0.1573 0.1716 0.0724 0.0509 0.0614 0.0812 0.1072 0.1353 0.1554 0.035 0.0315 0.0573 0.0812 0.1095 0.1337 0.0 0.0362 0.0592 0.0837 0.1093 0.0255 0.0449 0.0639 0.0873 0.0395 0.0514 0.0697 0.0466 0.0565 0.0511
-2.000 3.000 18 0.1347 0.1265 0.1351 0.125 0.1195 0.1376 0.1258 0.1105 0.1173 0.1394 0.1278 0.1063 0.1001 0.1172 0.1392 0.1326 0.1024 0.0872 0.0951 0.118 0.1375 0.1369 0.0999 0.0759 0.0741 0.0939 0.1189 0.1355 0.1428 0.1011 0.065 0.0544 0.0686 0.0958 0.1196 0.1335 0.1076 0.0613 0.0356 0.0441 0.0698 0.098 0.118 0.0695 0.0255 0.0211 0.0449 0.0743 0.0988 0.0362 0.0 0.0252 0.0517 0.0781 0.0197 0.0161 0.0351 0.0592 0.0211 0.027 0.045 0.0268 0.0366 0.0335
0.000 3.000 12 0.1333 0.1197 0.1341 0.1143 0.1159 0.1323 0.1176 0.1034 0.1118 0.1273 0.1258 0.0985 0.0943 0.106 0.1193 0.1384 0.101 0.0812 0.0847 0.0998 0.1115 0.1533 0.1084 0.0743 0.0657 0.0762 0.094 0.1059 0.1675 0.1204 0.0745 0.0508 0.0523 0.0709 0.0906 0.1024 0.1335 0.082 0.0443 0.031 0.0456 0.0697 0.0879 0.0947 0.0482 0.0199 0.0208 0.0473 0.0705 0.0592 0.0252 0.0 0.0272 0.0528 0.0367 0.0154 0.0166 0.0381 0.0267 0.0196 0.0302 0.0263 0.0291 0.0313
2.000 3.000 18 0.1483 0.1345 0.1431 0.1272 0.1275 0.132 0.129 0.1169 0.1174 0.1155 0.1393 0.1129 0.1038 0.1023 0.0981 0.156 0.1173 0.0959 0.0877 0.0845 0.0842 0.1759 0.1291 0.0936 0.0758 0.0687 0.0693 0.0742 0.1941 0.1452 0.0982 0.0697 0.0538 0.0512 0.0598 0.0688 0.1612 0.109 0.0703 0.0456 0.0323 0.0412 0.0556 0.1213 0.0757 0.0464 0.0214 0.0203 0.0397 0.0837 0.0517 0.0272 0.0 0.0243 0.0587 0.0369 0.0173 0.0162 0.0446 0.0302 0.0211 0.0389 0.0306 0.0389
4.000 3.000 24 0.1562 0.1473 0.1438 0.144 0.1369 0.1244 0.1474 0.1314 0.1207 0.1021 0.1597 0.1314 0.1161 0.0981 0.0802 0.1786 0.1393 0.1144 0.0951 0.0747 0.0615 0.2018 0.1543 0.1176 0.0935 0.0696 0.0539 0.0484 0.2227 0.1731 0.1258 0.0949 0.0677 0.0454 0.038 0.0411 0.19 0.1375 0.0984 0.0697 0.0413 0.0254 0.0296 0.1489 0.1038 0.074 0.045 0.0178 0.0151 0.1093 0.0781 0.0528 0.0243 0.0 0.0812 0.0591 0.0358 0.014 0.0634 0.0458 0.0264 0.0533 0.0375 0.0468
-3.000 4.000 18 0.1625 0.1561 0.1596 0.1555 0.1466 0.1602 0.1567 0.1384 0.141 0.1612 0.154 0.1342 0.1258 0.1389 0.1596 0.1483 0.1294 0.1127 0.1173 0.1376 0.1555 0.1432 0.1193 0.1004 0.0975 0.1133 0.1354 0.149 0.1354 0.1082 0.0854 0.0772 0.0881 0.1114 0.1317 0.1426 0.1 0.0696 0.0564 0.0635 0.0843 0.1088 0.1257 0.0613 0.0362 0.0406 0.0585 0.0832 0.1038 0.0255 0.0197 0.0367 0.0587 0.0812 0.0 0.0211 0.0389 0.0606 0.0145 0.0271 0.0446 0.0225 0.034 0.029
-1.000 4.000 12 0.1439 0.1336 0.1449 0.1304 0.1275 0.1463 0.1331 0.1176 0.1243 0.1434 0.1407 0.1127 0.1066 0.1218 0.1369 0.1474 0.1121 0.0942 0.0986 0.1167 0.1288 0.1536 0.115 0.0843 0.0783 0.093 0.1107 0.121 0.1578 0.1182 0.0781 0.0609 0.0674 0.0878 0.1049 0.1141 0.1223 0.0768 0.047 0.044 0.0613 0.0836 0.0989 0.081 0.041 0.0252 0.0362 0.0593 0.0789 0.0449 0.0161 0.0154 0.0369 0.0591 0.0211 0.0 0.0196 0.0418 0.0117 0.0116 0.0286 0.0139 0.0217 0.0206
1.000 4.000 12 0.1545 0.1386 0.1539 0.1323 0.1348 0.147 0.1337 0.121 0.129 0.1344 0.142 0.1162 0.1112 0.1176 0.12 0.1546 0.1175 0.0981 0.0992 0.1032 0.1052 0.1679 0.1242 0.0918 0.0812 0.084 0.0902 0.0934 0.178 0.1337 0.0903 0.0677 0.0638 0.0697 0.0791 0.0847 0.1423 0.0936 0.0605 0.0461 0.0475 0.0593 0.0709 0.1012 0.0597 0.0363 0.0272 0.0379 0.0533 0.0639 0.0351 0.0166 0.0173 0.0358 0.0389 0.0196 0.0 0.0211 0.0263 0.0129 0.0135 0.0217 0.017 0.0236
3.000 4.000 18 0.167 0.1537 0.1573 0.1464 0.146 0.1418 0.1489 0.1357 0.1317 0.1214 0.1586 0.1317 0.1223 0.1126 0.0993 0.1742 0.1355 0.1145 0.1025 0.0909 0.08 0.1906 0.1454 0.1116 0.0943 0.08 0.0703 0.0663 0.204 0.158 0.1137 0.0877 0.0697 0.0577 0.0544 0.0565 0.1683 0.119 0.0846 0.0625 0.045 0.0395 0.0441 0.1262 0.0848 0.0594 0.0379 0.0243 0.0292 0.0873 0.0592 0.0381 0.0162 0.014 0.0606 0.0418 0.0211 0.0 0.0453 0.0298 0.0125 0.0368 0.0236 0.0328
-2.000 5.000 12 0.1578 0.1508 0.1575 0.1518 0.1413 0.158 0.1548 0.1335 0.1375 0.1559 0.1578 0.1317 0.12 0.134 0.1509 0.1608 0.1295 0.1084 0.1119 0.129 0.1419 0.1578 0.1262 0.0993 0.091 0.105 0.1222 0.132 0.1514 0.1224 0.0891 0.0732 0.0799 0.0988 0.1139 0.1206 0.1164 0.0804 0.057 0.0561 0.0724 0.092 0.1044 0.0756 0.0445 0.0361 0.0473 0.0676 0.0844 0.0395 0.0211 0.0267 0.0446 0.0634 0.0145 0.0117 0.0263 0.0453 0.0 0.0139 0.0307 0.0088 0.0206 0.016
0.000 5.000 6 0.1578 0.143 0.1588 0.1375 0.1398 0.1562 0.1413 0.1261 0.1355 0.1487 0.1483 0.1202 0.1172 0.1282 0.1356 0.1567 0.1213 0.1024 0.107 0.118 0.121 0.1634 0.124 0.093 0.0871 0.0956 0.1052 0.1078 0.1655 0.1273 0.0879 0.0697 0.0725 0.0844 0.093 0.0965 0.129 0.0858 0.0573 0.051 0.0601 0.0733 0.0821 0.0872 0.0511 0.0348 0.0372 0.051 0.0643 0.0514 0.027 0.0196 0.0302 0.0458 0.0271 0.0116 0.0129 0.0298 0.0139 0.0 0.017 0.0091 0.0104 0.0126
2.000 5.000 12 0.1718 0.1567 0.1678 0.1479 0.1505 0.1567 0.1483 0.138 0.1414 0.138 0.1572 0.1313 0.1257 0.1261 0.1168 0.1689 0.1318 0.1144 0.1106 0.1058 0.098 0.1803 0.1374 0.1066 0.0953 0.0914 0.0859 0.0818 0.1859 0.1444 0.1035 0.083 0.0749 0.0708 0.07 0.0695 0.1489 0.1039 0.0737 0.0601 0.0537 0.0535 0.0571 0.106 0.0688 0.0499 0.0387 0.0362 0.0418 0.0697 0.045 0.0302 0.0211 0.0264 0.0446 0.0286 0.0135 0.0125 0.0307 0.017 0.0 0.0231 0.0111 0.0202
-1.000 6.000 6 0.1607 0.1504 0.1617 0.1479 0.1436 0.1626 0.1518 0.1335 0.1399 0.1569 0.1597 0.1291 0.1216 0.1359 0.1457 0.164 0.1288 0.1089 0.1126 0.127 0.133 0.164 0.1299 0.0989 0.092 0.1041 0.1151 0.1186 0.1584 0.1277 0.0916 0.0743 0.0792 0.0935 0.1022 0.1051 0.1227 0.0855 0.0598 0.0565 0.0687 0.0822 0.0893 0.082 0.0502 0.0382 0.0451 0.0599 0.0713 0.0466 0.0268 0.0263 0.0389 0.0533 0.0225 0.0139 0.0217 0.0368 0.0088 0.0091 0.0231 0.0 0.0126 0.0076
1.000 6.000 6 0.1728 0.1556 0.1731 0.1487 0.1526 0.1658 0.1496 0.1373 0.1475 0.151 0.1565 0.1311 0.1282 0.1354 0.1327 0.1662 0.1301 0.113 0.1168 0.1183 0.1128 0.1723 0.1326 0.1035 0.0972 0.1007 0.1004 0.0953 0.1726 0.1352 0.0971 0.0802 0.0804 0.0828 0.083 0.0809 0.1347 0.0939 0.067 0.0606 0.0629 0.0663 0.0683 0.0929 0.059 0.0454 0.0434 0.0478 0.0529 0.0565 0.0366 0.0291 0.0306 0.0375 0.034 0.0217 0.017 0.0236 0.0206 0.0104 0.0111 0.0126 0.0 0.009
0.000 7.000 0 0.1713 0.1557 0.1729 0.1502 0.1527 0.1701 0.1543 0.1382 0.1489 0.1605 0.1611 0.132 0.1293 0.141 0.1437 0.1672 0.1322 0.1136 0.1195 0.128 0.1246 0.1698 0.133 0.1031 0.0985 0.1072 0.111 0.1074 0.1641 0.132 0.0956 0.0798 0.0843 0.0923 0.0937 0.0911 0.1272 0.0902 0.0654 0.0619 0.0703 0.0763 0.0777 0.0866 0.055 0.0445 0.0486 0.057 0.0623 0.0511 0.0335 0.0313 0.0389 0.0468 0.029 0.0206 0.0236 0.0328 0.016 0.0126 0.0202 0.0076 0.009 0.0