n 64
m 3
tmax 16.7
Vmax 1.8
Vmin 1.6
kappa 1.3
dmax 20.04
0.000 -7.000 0 0.0 0.0166 0.0156 0.0365 0.0243 0.0321 0.0604 0.0425 0.0396 0.0494 0.0882 0.0672 0.0559 0.0582 0.0684 0.1184 0.0972 0.0808 0.0749 0.0794 0.0896 0.1475 0.1301 0.1118 0.0994 0.0969 0.1023 0.1113 0.1729 0.16 0.1447 0.1289 0.1194 0.1184 0.1231 0.1308 0.1842 0.173 0.1584 0.1452 0.136 0.1354 0.1398 0.1931 0.1847 0.1701 0.1562 0.1486 0.1467 0.203 0.1927 0.1785 0.1629 0.1558 0.2121 0.1998 0.1823 0.1682 0.2184 0.2043 0.1842 0.224 0.2052 0.2267
-1.000 -6.000 6 0.0166 0.0 0.0243 0.02 0.0189 0.0394 0.044 0.0296 0.0392 0.0576 0.0718 0.0522 0.0491 0.0613 0.0783 0.102 0.0814 0.0698 0.0731 0.0857 0.1015 0.1309 0.1135 0.0985 0.0933 0.099 0.111 0.125 0.1547 0.1428 0.1291 0.1198 0.1172 0.1232 0.1334 0.1455 0.1648 0.1568 0.1466 0.1393 0.138 0.1418 0.1508 0.1756 0.1692 0.1625 0.1538 0.1517 0.1555 0.1872 0.1821 0.1732 0.1649 0.1605 0.1972 0.1931 0.1807 0.1711 0.2085 0.2001 0.1867 0.218 0.2046 0.2234
1.000 -6.000 6 0.0156 0.0243 0.0 0.0423 0.0176 0.0164 0.0663 0.0393 0.0257 0.0338 0.0954 0.0663 0.0458 0.0424 0.053 0.1274 0.0986 0.0736 0.0607 0.0631 0.0742 0.1581 0.1336 0.107 0.0873 0.0807 0.0856 0.0959 0.1849 0.1653 0.142 0.1184 0.1044 0.1007 0.1062 0.1147 0.1908 0.172 0.1505 0.1301 0.119 0.1178 0.1218 0.1956 0.1775 0.156 0.1396 0.1292 0.1287 0.1977 0.1816 0.1606 0.1445 0.1372 0.2015 0.1829 0.1635 0.1476 0.2046 0.1843 0.1639 0.205 0.1842 0.2048
-2.000 -5.000 12 0.0365 0.02 0.0423 0.0 0.0296 0.0553 0.024 0.0232 0.0488 0.0733 0.0517 0.0363 0.049 0.0724 0.0953 0.0814 0.0625 0.0611 0.0773 0.0989 0.1202 0.1103 0.0927 0.0842 0.0902 0.1067 0.1259 0.1448 0.1337 0.1215 0.1113 0.1102 0.1192 0.1329 0.1489 0.1647 0.1427 0.1352 0.1331 0.1342 0.142 0.1524 0.1662 0.154 0.152 0.1519 0.1541 0.1576 0.1664 0.1654 0.1687 0.1671 0.1667 0.1691 0.1799 0.1823 0.1799 0.1753 0.1947 0.1938 0.1879 0.2069 0.2034 0.2167
0.000 -5.000 6 0.0243 0.0189 0.0176 0.0296 0.0 0.0257 0.0518 0.0219 0.0203 0.0422 0.0803 0.0491 0.0324 0.0426 0.0626 0.1122 0.0815 0.0579 0.0538 0.067 0.0856 0.1425 0.1165 0.0903 0.0762 0.0787 0.0923 0.1088 0.1673 0.1477 0.1249 0.1049 0.0975 0.1028 0.1145 0.1282 0.171 0.1542 0.1343 0.1211 0.1157 0.1211 0.1306 0.1752 0.1613 0.1446 0.133 0.13 0.1333 0.1803 0.1667 0.1533 0.1412 0.1384 0.1865 0.1732 0.1582 0.148 0.1913 0.1784 0.1617 0.1968 0.1806 0.2002
2.000 -5.000 12 0.0321 0.0394 0.0164 0.0553 0.0257 0.0 0.0787 0.0456 0.0189 0.0175 0.1083 0.0728 0.0427 0.0279 0.0368 0.1417 0.1063 0.0727 0.0501 0.0465 0.0581 0.1733 0.1424 0.1077 0.0793 0.0658 0.068 0.0798 0.1987 0.1745 0.1435 0.1124 0.0907 0.0837 0.0887 0.0984 0.2001 0.174 0.1445 0.1173 0.103 0.0986 0.1039 0.1979 0.1722 0.1451 0.1224 0.1112 0.1103 0.1951 0.1699 0.1438 0.1265 0.117 0.191 0.1677 0.1437 0.1282 0.189 0.1644 0.1437 0.1866 0.1622 0.1826
-3.000 -4.000 18 0.0604 0.044 0.0663 0.024 0.0518 0.0787 0.0 0.0363 0.069 0.0969 0.0276 0.028 0.0608 0.0925 0.1199 0.0568 0.0423 0.0597 0.0903 0.1197 0.1458 0.0845 0.0686 0.0709 0.0931 0.1211 0.1471 0.1706 0.108 0.0945 0.0913 0.1025 0.1248 0.1475 0.1693 0.1891 0.1157 0.1112 0.1167 0.1319 0.149 0.1664 0.1838 0.1259 0.1312 0.1401 0.1534 0.1653 0.1794 0.1407 0.1499 0.1607 0.1684 0.1771 0.1577 0.1678 0.1757 0.1802 0.1742 0.1844 0.1869 0.1903 0.1969 0.2049
-1.000 -4.000 12 0.0425 0.0296 0.0393 0.0232 0.0219 0.0456 0.0363 0.0 0.0324 0.0602 0.0622 0.0273 0.0258 0.0538 0.0807 0.0924 0.0596 0.0408 0.0541 0.0794 0.1045 0.1224 0.0935 0.0699 0.0666 0.0828 0.1057 0.1279 0.1461 0.1249 0.1019 0.09 0.0933 0.1091 0.1278 0.1464 0.1475 0.1312 0.1158 0.1104 0.1164 0.1281 0.1431 0.1512 0.1388 0.1309 0.1268 0.1315 0.1404 0.1577 0.1495 0.1427 0.1398 0.1414 0.165 0.1603 0.1521 0.1478 0.175 0.1686 0.1599 0.1845 0.1751 0.1912
1.000 -4.000 12 0.0396 0.0392 0.0257 0.0488 0.0203 0.0189 0.069 0.0324 0.0 0.0279 0.0969 0.0577 0.0241 0.0223 0.0465 0.1285 0.0903 0.0542 0.0356 0.0468 0.0688 0.1596 0.1259 0.0889 0.0623 0.0577 0.0715 0.0914 0.1835 0.1571 0.1248 0.0938 0.0785 0.08 0.0938 0.1098 0.1798 0.1547 0.1262 0.1028 0.094 0.0987 0.1095 0.176 0.1532 0.1279 0.112 0.1056 0.1105 0.1736 0.1531 0.1315 0.118 0.1148 0.1731 0.1529 0.1349 0.1227 0.1739 0.1542 0.1367 0.174 0.155 0.1741
3.000 -4.000 18 0.0494 0.0576 0.0338 0.0733 0.0422 0.0175 0.0969 0.0602 0.0279 0.0 0.1272 0.087 0.05 0.0208 0.0194 0.1607 0.1205 0.0799 0.0469 0.0309 0.0406 0.1929 0.1564 0.1148 0.0776 0.0538 0.05 0.0618 0.2168 0.1874 0.1496 0.1107 0.0806 0.0674 0.0689 0.0805 0.2092 0.1787 0.142 0.1087 0.0868 0.08 0.0846 0.201 0.1686 0.1348 0.1069 0.0934 0.0894 0.1906 0.1592 0.1292 0.1073 0.0975 0.1816 0.1515 0.1245 0.1085 0.1729 0.1454 0.1223 0.1665 0.1402 0.1605
-4.000 -3.000 24 0.0882 0.0718 0.0954 0.0517 0.0803 0.1083 0.0276 0.0622 0.0969 0.1272 0.0 0.0423 0.0839 0.1203 0.1512 0.0288 0.031 0.0711 0.1117 0.1467 0.1768 0.0559 0.0439 0.0655 0.1037 0.1403 0.1719 0.1992 0.0781 0.0658 0.0719 0.0996 0.1345 0.165 0.1914 0.2146 0.0843 0.0852 0.1015 0.13 0.1573 0.1809 0.2022 0.0965 0.107 0.1288 0.1523 0.1723 0.19 0.1127 0.129 0.1504 0.1681 0.1831 0.1303 0.1504 0.1678 0.1804 0.1494 0.1689 0.182 0.1684 0.1843 0.1852
-2.000 -3.000 18 0.0672 0.0522 0.0663 0.0363 0.0491 0.0728 0.028 0.0273 0.0577 0.087 0.0423 0.0 0.0408 0.0765 0.1072 0.0688 0.032 0.0315 0.067 0.1008 0.1305 0.0958 0.0653 0.0472 0.0645 0.0954 0.1253 0.152 0.1187 0.0947 0.075 0.0748 0.0946 0.1207 0.1453 0.1677 0.1175 0.1007 0.094 0.1011 0.119 0.1383 0.1578 0.1208 0.1128 0.1134 0.1226 0.1348 0.1491 0.1276 0.1277 0.1305 0.137 0.145 0.1393 0.142 0.1449 0.1472 0.1527 0.1553 0.1552 0.1656 0.1664 0.177
0.000 -3.000 12 0.0559 0.0491 0.0458 0.049 0.0324 0.0427 0.0608 0.0258 0.0241 0.05 0.0839 0.0408 0.0 0.0356 0.0664 0.1122 0.0701 0.03 0.0281 0.0583 0.0875 0.1395 0.1031 0.0645 0.0433 0.0564 0.0825 0.1082 0.162 0.1335 0.0988 0.0714 0.0664 0.0814 0.1034 0.1246 0.1548 0.1289 0.1011 0.086 0.0869 0.1006 0.1175 0.1495 0.1282 0.1081 0.0992 0.1024 0.1124 0.1477 0.13 0.1164 0.1094 0.112 0.1495 0.1351 0.1231 0.1176 0.153 0.1405 0.1288 0.1579 0.1448 0.1619
2.000 -3.000 18 0.0582 0.0613 0.0424 0.0724 0.0426 0.0279 0.0925 0.0538 0.0223 0.0208 0.1203 0.0765 0.0356 0.0 0.0309 0.151 0.1073 0.0628 0.0261 0.0243 0.0505 0.1791 0.1402 0.0959 0.0566 0.0373 0.0487 0.0712 0.2012 0.1695 0.1296 0.0888 0.0614 0.0566 0.0697 0.0886 0.1892 0.1574 0.1202 0.0876 0.0722 0.0731 0.0855 0.1768 0.1463 0.1141 0.0902 0.0815 0.0855 0.1663 0.1382 0.1106 0.094 0.0887 0.1588 0.133 0.11 0.0973 0.1538 0.1297 0.1105 0.1503 0.1278 0.147
4.000 -3.000 24 0.0684 0.0783 0.053 0.0953 0.0626 0.0368 0.1199 0.0807 0.0465 0.0194 0.1512 0.1072 0.0664 0.0309 0.0 0.1845 0.1399 0.0944 0.0543 0.0226 0.0211 0.2135 0.1731 0.1267 0.0831 0.0488 0.0323 0.0419 0.2349 0.2013 0.1584 0.1134 0.0757 0.0525 0.0486 0.0594 0.219 0.1837 0.1414 0.1019 0.0734 0.0613 0.0623 0.2007 0.1651 0.1259 0.094 0.0746 0.0686 0.1844 0.1485 0.114 0.089 0.0772 0.169 0.1353 0.106 0.0875 0.1563 0.1254 0.1012 0.1457 0.1181 0.1371
-5.000 -2.000 30 0.1184 0.102 0.1274 0.0814 0.1122 0.1417 0.0568 0.0924 0.1285 0.1607 0.0288 0.0688 0.1122 0.151 0.1845 0.0 0.0439 0.0922 0.1374 0.1757 0.2082 0.0266 0.0299 0.0724 0.1197 0.1615 0.1963 0.2258 0.0483 0.039 0.0613 0.1028 0.1448 0.18 0.2093 0.2344 0.0544 0.0618 0.0909 0.1298 0.1642 0.1918 0.2152 0.0681 0.0857 0.1172 0.1497 0.1757 0.1966 0.0848 0.1089 0.1386 0.1641 0.183 0.1035 0.1302 0.1562 0.1757 0.1231 0.1497 0.1708 0.1425 0.1666 0.1604
-3.000 -2.000 24 0.0972 0.0814 0.0986 0.0625 0.0815 0.1063 0.0423 0.0596 0.0903 0.1205 0.031 0.032 0.0701 0.1073 0.1399 0.0439 0.0 0.0472 0.0912 0.1288 0.1609 0.0664 0.0326 0.034 0.0753 0.1151 0.149 0.1781 0.0863 0.0611 0.0469 0.0675 0.1027 0.1353 0.1635 0.188 0.0822 0.0683 0.0724 0.0961 0.1247 0.1494 0.1715 0.0856 0.0844 0.097 0.1185 0.1386 0.1568 0.0955 0.1029 0.1181 0.1339 0.1477 0.1096 0.1215 0.1348 0.1451 0.1259 0.1386 0.1478 0.1425 0.1529 0.1573
-1.000 -2.000 18 0.0808 0.0698 0.0736 0.0611 0.0579 0.0727 0.0597 0.0408 0.0542 0.0799 0.0711 0.0315 0.03 0.0628 0.0944 0.0922 0.0472 0.0 0.0433 0.0805 0.1125 0.1146 0.0755 0.0339 0.0324 0.0673 0.1004 0.1292 0.1325 0.1021 0.0674 0.0469 0.0618 0.0895 0.1165 0.1405 0.1226 0.0954 0.0725 0.0691 0.0846 0.1059 0.1267 0.1162 0.0965 0.0855 0.0881 0.1005 0.1157 0.1156 0.1037 0.099 0.1023 0.1105 0.1199 0.1137 0.1109 0.1122 0.1282 0.1239 0.1202 0.1373 0.1328 0.1458
1.000 -2.000 18 0.0749 0.0731 0.0607 0.0773 0.0538 0.0501 0.0903 0.0541 0.0356 0.0469 0.1117 0.067 0.0281 0.0261 0.0543 0.1374 0.0912 0.0433 0.0 0.0373 0.0695 0.1604 0.1194 0.0722 0.0302 0.0279 0.0575 0.086 0.1768 0.1439 0.1028 0.062 0.0406 0.0522 0.0758 0.099 0.1621 0.1296 0.0919 0.0637 0.0577 0.0701 0.0886 0.1478 0.1182 0.0884 0.0717 0.0714 0.082 0.1377 0.1122 0.09 0.0797 0.0811 0.1322 0.1106 0.0936 0.0865 0.1304 0.1118 0.0978 0.1307 0.1134 0.1314
3.000 -2.000 24 0.0794 0.0857 0.0631 0.0989 0.067 0.0465 0.1197 0.0794 0.0468 0.0309 0.1467 0.1008 0.0583 0.0243 0.0226 0.1757 0.1288 0.0805 0.0373 0.0 0.0323 0.1995 0.1573 0.1086 0.0623 0.0258 0.0239 0.0494 0.2147 0.1801 0.1364 0.0902 0.0523 0.0342 0.0444 0.0645 0.1956 0.1597 0.117 0.0776 0.0526 0.0481 0.0591 0.175 0.1397 0.1016 0.0718 0.058 0.059 0.1572 0.124 0.0919 0.0708 0.0636 0.1436 0.1131 0.0871 0.0722 0.1335 0.1059 0.0852 0.1261 0.1019 0.1202
5.000 -2.000 30 0.0896 0.1015 0.0742 0.1202 0.0856 0.0581 0.1458 0.1045 0.0688 0.0406 0.1768 0.1305 0.0875 0.0505 0.0211 0.2082 0.1609 0.1125 0.0695 0.0323 0.0 0.2327 0.1897 0.1403 0.0933 0.0534 0.0222 0.0204 0.2466 0.2109 0.1657 0.1177 0.0761 0.0444 0.0291 0.0374 0.2234 0.1855 0.1403 0.0974 0.0642 0.0442 0.0406 0.1975 0.1593 0.1174 0.0822 0.0587 0.0484 0.1738 0.1367 0.0999 0.0728 0.0576 0.1544 0.119 0.0881 0.0683 0.1379 0.1061 0.081 0.1247 0.0969 0.1146
-6.000 -1.000 36 0.1475 0.1309 0.1581 0.1103 0.1425 0.1733 0.0845 0.1224 0.1596 0.1929 0.0559 0.0958 0.1395 0.1791 0.2135 0.0266 0.0664 0.1146 0.1604 0.1995 0.2327 0.0 0.039 0.0866 0.1361 0.1792 0.2146 0.2441 0.0215 0.0246 0.0623 0.1092 0.154 0.1904 0.2199 0.2446 0.0299 0.0485 0.0862 0.129 0.1659 0.1946 0.2181 0.0459 0.0708 0.1081 0.1452 0.1739 0.1957 0.0631 0.0917 0.1267 0.1566 0.1779 0.0808 0.1115 0.1425 0.1654 0.0993 0.1299 0.1563 0.1177 0.1462 0.1348
-4.000 -1.000 30 0.1301 0.1135 0.1336 0.0927 0.1165 0.1424 0.0686 0.0935 0.1259 0.1564 0.0439 0.0653 0.1031 0.1402 0.1731 0.0299 0.0326 0.0755 0.1194 0.1573 0.1897 0.039 0.0 0.0469 0.0951 0.1371 0.1716 0.2006 0.055 0.0279 0.0309 0.0726 0.1152 0.1503 0.179 0.2032 0.0486 0.039 0.06 0.0967 0.1306 0.1576 0.1803 0.053 0.0597 0.0854 0.1163 0.1415 0.1614 0.0653 0.0813 0.1068 0.1304 0.1481 0.0816 0.1019 0.1242 0.141 0.0999 0.1208 0.1382 0.1179 0.1369 0.1348
-2.000 -1.000 24 0.1118 0.0985 0.107 0.0842 0.0903 0.1077 0.0709 0.0699 0.0889 0.1148 0.0655 0.0472 0.0645 0.0959 0.1267 0.0724 0.034 0.0339 0.0722 0.1086 0.1403 0.0866 0.0469 0.0 0.0469 0.0879 0.1219 0.1506 0.0998 0.0687 0.0327 0.0328 0.0696 0.1031 0.1313 0.1552 0.0862 0.06 0.0442 0.0608 0.0886 0.1137 0.1356 0.0794 0.0641 0.0649 0.0821 0.1021 0.12 0.0809 0.0766 0.0841 0.0975 0.1108 0.0892 0.092 0.0998 0.1086 0.1013 0.107 0.1123 0.115 0.1196 0.1278
0.000 -1.000 18 0.0994 0.0933 0.0873 0.0902 0.0762 0.0793 0.0931 0.0666 0.0623 0.0776 0.1037 0.0645 0.0433 0.0566 0.0831 0.1197 0.0753 0.0324 0.0302 0.0623 0.0933 0.1361 0.0951 0.0469 0.0 0.0406 0.0745 0.1034 0.1472 0.1144 0.0728 0.0313 0.0288 0.0584 0.0861 0.1101 0.1283 0.0963 0.0607 0.0401 0.0511 0.0726 0.0937 0.1142 0.0858 0.0616 0.0558 0.0663 0.0816 0.1053 0.0836 0.0694 0.0688 0.0763 0.1027 0.0874 0.0788 0.0781 0.1051 0.0935 0.0871 0.1099 0.1002 0.115
2.000 -1.000 24 0.0969 0.099 0.0807 0.1067 0.0787 0.0658 0.1211 0.0828 0.0577 0.0538 0.1403 0.0954 0.0564 0.0373 0.0488 0.1615 0.1151 0.0673 0.0279 0.0258 0.0534 0.1792 0.1371 0.0879 0.0406 0.0 0.0342 0.0633 0.1886 0.1546 0.1109 0.0643 0.0262 0.0238 0.0487 0.0723 0.1651 0.1304 0.0889 0.0512 0.0325 0.0413 0.0598 0.1449 0.1111 0.0749 0.0494 0.0437 0.053 0.1281 0.0972 0.069 0.0533 0.0528 0.1167 0.0896 0.0683 0.0588 0.1097 0.0869 0.07 0.1058 0.0861 0.104
4.000 -1.000 30 0.1023 0.111 0.0856 0.1259 0.0923 0.068 0.1471 0.1057 0.0715 0.05 0.1719 0.1253 0.0825 0.0487 0.0323 0.1963 0.149 0.1004 0.0575 0.0239 0.0222 0.2146 0.1716 0.1219 0.0745 0.0342 0.0 0.0291 0.2223 0.1873 0.1425 0.0948 0.0532 0.0218 0.02 0.041 0.1946 0.1583 0.1146 0.0729 0.0414 0.0267 0.0345 0.1692 0.1325 0.0922 0.0591 0.0392 0.0357 0.1465 0.1113 0.0768 0.0528 0.0418 0.1286 0.096 0.0678 0.0515 0.1151 0.0859 0.0643 0.1049 0.0794 0.0971
6.000 -1.000 36 0.1113 0.125 0.0959 0.1448 0.1088 0.0798 0.1706 0.1279 0.0914 0.0618 0.1992 0.152 0.1082 0.0712 0.0419 0.2258 0.1781 0.1292 0.086 0.0494 0.0204 0.2441 0.2006 0.1506 0.1034 0.0633 0.0291 0.0 0.25 0.2143 0.1689 0.1208 0.0788 0.0447 0.0184 0.0167 0.2185 0.1813 0.1366 0.0938 0.0596 0.0344 0.0223 0.1885 0.1504 0.1085 0.073 0.0477 0.0324 0.1612 0.1241 0.0874 0.0597 0.0425 0.1389 0.104 0.0732 0.0525 0.1206 0.0893 0.0645 0.106 0.079 0.0945
-7.000 0.000 42 0.1729 0.1547 0.1849 0.1337 0.1673 0.1987 0.108 0.1461 0.1835 0.2168 0.0781 0.1187 0.162 0.2012 0.2349 0.0483 0.0863 0.1325 0.1768 0.2147 0.2466 0.0215 0.055 0.0998 0.1472 0.1886 0.2223 0.25 0.0 0.0299 0.0689 0.1149 0.1587 0.1937 0.2213 0.2438 0.0178 0.046 0.0852 0.1278 0.1642 0.1916 0.2133 0.0341 0.0629 0.1009 0.138 0.1665 0.1874 0.0495 0.0797 0.1159 0.1471 0.1689 0.0648 0.0965 0.1293 0.1539 0.081 0.1128 0.1408 0.0974 0.1275 0.1129
-5.000 0.000 36 0.16 0.1428 0.1653 0.1215 0.1477 0.1745 0.0945 0.1249 0.1571 0.1874 0.0658 0.0947 0.1335 0.1695 0.2013 0.039 0.0611 0.1021 0.1439 0.1801 0.2109 0.0246 0.0279 0.0687 0.1144 0.1546 0.1873 0.2143 0.0299 0.0 0.039 0.0844 0.1271 0.1611 0.1879 0.21 0.0206 0.0237 0.0596 0.1007 0.1357 0.1621 0.1831 0.0281 0.0459 0.0799 0.1145 0.1412 0.161 0.0432 0.0668 0.0986 0.1265 0.146 0.0604 0.0865 0.1146 0.1355 0.0783 0.1049 0.1279 0.0965 0.121 0.1134
-3.000 0.000 30 0.1447 0.1291 0.142 0.1113 0.1249 0.1435 0.0913 0.1019 0.1248 0.1496 0.0719 0.075 0.0988 0.1296 0.1584 0.0613 0.0469 0.0674 0.1028 0.1364 0.1657 0.0623 0.0309 0.0327 0.0728 0.1109 0.1425 0.1689 0.0689 0.039 0.0 0.0442 0.0855 0.1184 0.1446 0.1663 0.0531 0.0268 0.0288 0.0645 0.0973 0.1226 0.143 0.0459 0.0362 0.0538 0.0823 0.1062 0.1247 0.0499 0.0548 0.0749 0.0966 0.1131 0.0616 0.0742 0.0923 0.1074 0.0773 0.092 0.1062 0.094 0.1076 0.1092
-1.000 0.000 24 0.1289 0.1198 0.1184 0.1102 0.1049 0.1124 0.1025 0.09 0.0938 0.1107 0.0996 0.0748 0.0714 0.0888 0.1134 0.1028 0.0675 0.0469 0.062 0.0902 0.1177 0.1092 0.0726 0.0328 0.0313 0.0643 0.0948 0.1208 0.1149 0.0844 0.0442 0.0 0.0401 0.0725 0.0986 0.1203 0.0945 0.0638 0.029 0.0276 0.0557 0.08 0.1003 0.0796 0.0537 0.0374 0.0487 0.068 0.0853 0.0725 0.056 0.0534 0.0641 0.0767 0.0734 0.0658 0.0682 0.0752 0.0803 0.078 0.0798 0.0898 0.0893 0.1
1.000 0.000 24 0.1194 0.1172 0.1044 0.1192 0.0975 0.0907 0.1248 0.0933 0.0785 0.0806 0.1345 0.0946 0.0664 0.0614 0.0757 0.1448 0.1027 0.0618 0.0406 0.0523 0.0761 0.154 0.1152 0.0696 0.0288 0.0262 0.0532 0.0788 0.1587 0.1271 0.0855 0.0401 0.0 0.0325 0.0588 0.0808 0.134 0.1013 0.0613 0.025 0.0221 0.0438 0.0639 0.1133 0.0819 0.0487 0.0303 0.0373 0.0524 0.0991 0.0709 0.0477 0.0411 0.0478 0.0903 0.0677 0.0527 0.0504 0.0869 0.0695 0.0594 0.0874 0.0732 0.0895
3.000 0.000 30 0.1184 0.1232 0.1007 0.1329 0.1028 0.0837 0.1475 0.1091 0.08 0.0674 0.165 0.1207 0.0814 0.0566 0.0525 0.18 0.1353 0.0895 0.0522 0.0342 0.0444 0.1904 0.1503 0.1031 0.0584 0.0238 0.0218 0.0447 0.1937 0.1611 0.1184 0.0725 0.0325 0.0 0.0267 0.0489 0.1651 0.1312 0.0895 0.0495 0.0195 0.0175 0.0356 0.1397 0.1059 0.0682 0.0374 0.023 0.0293 0.1201 0.0872 0.0556 0.0352 0.0307 0.1047 0.0748 0.0505 0.0379 0.094 0.068 0.0499 0.0869 0.0654 0.0822
5.000 0.000 36 0.1231 0.1334 0.1062 0.1489 0.1145 0.0887 0.1693 0.1278 0.0938 0.0689 0.1914 0.1453 0.1034 0.0697 0.0486 0.2093 0.1635 0.1165 0.0758 0.0444 0.0291 0.2199 0.179 0.1313 0.0861 0.0487 0.02 0.0184 0.2213 0.1879 0.1446 0.0986 0.0588 0.0267 0.0 0.0223 0.189 0.1543 0.1119 0.0714 0.0392 0.0159 0.0145 0.1596 0.1246 0.0856 0.0524 0.0292 0.0186 0.1357 0.101 0.0666 0.0417 0.0273 0.116 0.0835 0.0551 0.0375 0.1007 0.0714 0.049 0.0888 0.0636 0.0799
7.000 0.000 42 0.1308 0.1455 0.1147 0.1647 0.1282 0.0984 0.1891 0.1464 0.1098 0.0805 0.2146 0.1677 0.1246 0.0886 0.0594 0.2344 0.188 0.1405 0.099 0.0645 0.0374 0.2446 0.2032 0.1552 0.1101 0.0723 0.041 0.0167 0.2438 0.21 0.1663 0.1203 0.0808 0.0489 0.0223 0.0 0.2082 0.1729 0.1302 0.0897 0.0575 0.0323 0.0132 0.1752 0.1396 0.1002 0.0666 0.0418 0.024 0.148 0.1125 0.0776 0.0511 0.0333 0.1253 0.0918 0.0625 0.0423 0.1071 0.0767 0.053 0.0919 0.066 0.0802
-6.000 1.000 36 0.1842 0.1648 0.1908 0.1427 0.171 0.2001 0.1157 0.1475 0.1798 0.2092 0.0843 0.1175 0.1548 0.1892 0.219 0.0544 0.0822 0.1226 0.1621 0.1956 0.2234 0.0299 0.0486 0.0862 0.1283 0.1651 0.1946 0.2185 0.0178 0.0206 0.0531 0.0945 0.134 0.1651 0.189 0.2082 0.0 0.0281 0.0647 0.1046 0.138 0.1623 0.1807 0.0163 0.043 0.0786 0.1135 0.1395 0.1579 0.0318 0.0594 0.0929 0.1215 0.1413 0.0475 0.0763 0.1068 0.1297 0.0637 0.0927 0.1186 0.0802 0.1074 0.0957
-4.000 1.000 30 0.173 0.1568 0.172 0.1352 0.1542 0.174 0.1112 0.1312 0.1547 0.1787 0.0852 0.1007 0.1289 0.1574 0.1837 0.0618 0.0683 0.0954 0.1296 0.1597 0.1855 0.0485 0.039 0.06 0.0963 0.1304 0.1583 0.1813 0.046 0.0237 0.0268 0.0638 0.1013 0.1312 0.1543 0.1729 0.0281 0.0 0.0362 0.075 0.1072 0.1306 0.1485 0.0192 0.0222 0.0541 0.087 0.1116 0.1291 0.0265 0.0431 0.072 0.0978 0.1158 0.0418 0.0629 0.0884 0.1078 0.0591 0.0813 0.1019 0.0766 0.0974 0.0931
-2.000 1.000 24 0.1584 0.1466 0.1505 0.1331 0.1343 0.1445 0.1167 0.1158 0.1262 0.142 0.1015 0.094 0.1011 0.1202 0.1414 0.0909 0.0724 0.0725 0.0919 0.117 0.1403 0.0862 0.06 0.0442 0.0607 0.0889 0.1146 0.1366 0.0852 0.0596 0.0288 0.029 0.0613 0.0895 0.1119 0.1302 0.0647 0.0362 0.0 0.0374 0.0683 0.0909 0.1085 0.0494 0.0244 0.025 0.0527 0.0756 0.0924 0.043 0.0327 0.046 0.0664 0.0822 0.047 0.0493 0.0634 0.0775 0.0581 0.0662 0.0774 0.0722 0.0808 0.086
0.000 1.000 18 0.1452 0.1393 0.1301 0.1342 0.1211 0.1173 0.1319 0.1104 0.1028 0.1087 0.13 0.1011 0.086 0.0876 0.1019 0.1298 0.0961 0.0691 0.0637 0.0776 0.0974 0.129 0.0967 0.0608 0.0401 0.0512 0.0729 0.0938 0.1278 0.1007 0.0645 0.0276 0.025 0.0495 0.0714 0.0897 0.1046 0.075 0.0374 0.0 0.0303 0.0529 0.0707 0.0848 0.0553 0.0237 0.0211 0.0408 0.0572 0.0712 0.0458 0.0299 0.0368 0.0496 0.0648 0.0473 0.0423 0.0484 0.0652 0.0549 0.0536 0.0702 0.064 0.0769
2.000 1.000 24 0.136 0.138 0.119 0.142 0.1157 0.103 0.149 0.1164 0.094 0.0868 0.1573 0.119 0.0869 0.0722 0.0734 0.1642 0.1247 0.0846 0.0577 0.0526 0.0642 0.1659 0.1306 0.0886 0.0511 0.0325 0.0414 0.0596 0.1642 0.1357 0.0973 0.0557 0.0221 0.0195 0.0392 0.0575 0.138 0.1072 0.0683 0.0303 0.0 0.023 0.0413 0.1144 0.083 0.0472 0.0182 0.0155 0.0304 0.0961 0.0659 0.0367 0.0218 0.0263 0.0837 0.0563 0.0358 0.0298 0.0755 0.0532 0.0395 0.0715 0.054 0.0704
4.000 1.000 30 0.1354 0.1418 0.1178 0.1524 0.1211 0.0986 0.1664 0.1281 0.0987 0.08 0.1809 0.1383 0.1006 0.0731 0.0613 0.1918 0.1494 0.1059 0.0701 0.0481 0.0442 0.1946 0.1576 0.1137 0.0726 0.0413 0.0267 0.0344 0.1916 0.1621 0.1226 0.08 0.0438 0.0175 0.0159 0.0323 0.1623 0.1306 0.0909 0.0529 0.023 0.0 0.0186 0.1354 0.103 0.0662 0.0349 0.0135 0.012 0.1136 0.0817 0.0497 0.0263 0.016 0.0971 0.0665 0.0406 0.0252 0.084 0.0568 0.0372 0.0744 0.0514 0.0677
6.000 1.000 36 0.1398 0.1508 0.1218 0.1662 0.1306 0.1039 0.1838 0.1431 0.1095 0.0846 0.2022 0.1578 0.1175 0.0855 0.0623 0.2152 0.1715 0.1267 0.0886 0.0591 0.0406 0.2181 0.1803 0.1356 0.0937 0.0598 0.0345 0.0223 0.2133 0.1831 0.143 0.1003 0.0639 0.0356 0.0145 0.0132 0.1807 0.1485 0.1085 0.0707 0.0413 0.0186 0.0 0.151 0.118 0.0811 0.0498 0.027 0.0109 0.1266 0.094 0.0614 0.0367 0.0204 0.1073 0.0757 0.0481 0.0299 0.0913 0.0626 0.0406 0.0785 0.0538 0.0686
-5.000 2.000 30 0.1931 0.1756 0.1956 0.154 0.1752 0.1979 0.1259 0.1512 0.176 0.201 0.0965 0.1208 0.1495 0.1768 0.2007 0.0681 0.0856 0.1162 0.1478 0.175 0.1975 0.0459 0.053 0.0794 0.1142 0.1449 0.1692 0.1885 0.0341 0.0281 0.0459 0.0796 0.1133 0.1397 0.1596 0.1752 0.0163 0.0192 0.0494 0.0848 0.1144 0.1354 0.151 0.0 0.0265 0.0601 0.0928 0.1166 0.1326 0.0157 0.0414 0.0732 0.1004 0.1186 0.0315 0.0579 0.0864 0.1077 0.0479 0.0745 0.0988 0.0644 0.0892 0.0799
-3.000 2.000 24 0.1847 0.1692 0.1775 0.152 0.1613 0.1722 0.1312 0.1388 0.1532 0.1686 0.107 0.1128 0.1282 0.1463 0.1651 0.0857 0.0844 0.0965 0.1182 0.1397 0.1593 0.0708 0.0597 0.0641 0.0858 0.1111 0.1325 0.1504 0.0629 0.0459 0.0362 0.0537 0.0819 0.1059 0.1246 0.1396 0.043 0.0222 0.0244 0.0553 0.083 0.103 0.118 0.0265 0.0 0.0327 0.0639 0.0866 0.1019 0.0186 0.0209 0.0486 0.0737 0.0906 0.0262 0.0408 0.0643 0.0829 0.0414 0.0591 0.0782 0.058 0.0752 0.0738
-1.000 2.000 18 0.1701 0.1625 0.156 0.1519 0.1446 0.1451 0.1401 0.1309 0.1279 0.1348 0.1288 0.1134 0.1081 0.1141 0.1259 0.1172 0.097 0.0855 0.0884 0.1016 0.1174 0.1081 0.0854 0.0649 0.0616 0.0749 0.0922 0.1085 0.1009 0.0799 0.0538 0.0374 0.0487 0.0682 0.0856 0.1002 0.0786 0.0541 0.025 0.0237 0.0472 0.0662 0.0811 0.0601 0.0327 0.0 0.0299 0.0517 0.0668 0.0464 0.0219 0.0211 0.0419 0.0576 0.0406 0.0293 0.0386 0.0528 0.0442 0.0436 0.0526 0.0539 0.0573 0.0652
1.000 2.000 18 0.1562 0.1538 0.1396 0.1541 0.133 0.1224 0.1534 0.1268 0.112 0.1069 0.1523 0.1226 0.0992 0.0902 0.094 0.1497 0.1185 0.0881 0.0717 0.0718 0.0822 0.1452 0.1163 0.0821 0.0558 0.0494 0.0591 0.073 0.138 0.1145 0.0823 0.0487 0.0303 0.0374 0.0524 0.0666 0.1135 0.087 0.0527 0.0211 0.0182 0.0349 0.0498 0.0928 0.0639 0.0299 0.0 0.0218 0.0372 0.0755 0.0467 0.0188 0.0158 0.0296 0.0634 0.0384 0.0235 0.0277 0.0571 0.0391 0.0332 0.0564 0.0447 0.0593
3.000 2.000 24 0.1486 0.1517 0.1292 0.1576 0.13 0.1112 0.1653 0.1315 0.1056 0.0934 0.1723 0.1348 0.1024 0.0815 0.0746 0.1757 0.1386 0.1005 0.0714 0.058 0.0587 0.1739 0.1415 0.1021 0.0663 0.0437 0.0392 0.0477 0.1665 0.1412 0.1062 0.068 0.0373 0.023 0.0292 0.0418 0.1395 0.1116 0.0756 0.0408 0.0155 0.0135 0.027 0.1166 0.0866 0.0517 0.0218 0.0 0.016 0.0967 0.0664 0.0355 0.0131 0.0111 0.0811 0.0524 0.0277 0.0161 0.0699 0.0444 0.0272 0.062 0.0416 0.0576
5.000 2.000 30 0.1467 0.1555 0.1287 0.1664 0.1333 0.1103 0.1794 0.1404 0.1105 0.0894 0.19 0.1491 0.1124 0.0855 0.0686 0.1966 0.1568 0.1157 0.082 0.059 0.0484 0.1957 0.1614 0.12 0.0816 0.053 0.0357 0.0324 0.1874 0.161 0.1247 0.0853 0.0524 0.0293 0.0186 0.024 0.1579 0.1291 0.0924 0.0572 0.0304 0.012 0.0109 0.1326 0.1019 0.0668 0.0372 0.016 0.0 0.1109 0.0799 0.0487 0.025 0.0097 0.0932 0.0634 0.037 0.0195 0.0789 0.0514 0.0307 0.0673 0.0439 0.0588
-4.000 3.000 24 0.203 0.1872 0.1977 0.1654 0.1803 0.1951 0.1407 0.1577 0.1736 0.1906 0.1127 0.1276 0.1477 0.1663 0.1844 0.0848 0.0955 0.1156 0.1377 0.1572 0.1738 0.0631 0.0653 0.0809 0.1053 0.1281 0.1465 0.1612 0.0495 0.0432 0.0499 0.0725 0.0991 0.1201 0.1357 0.148 0.0318 0.0265 0.043 0.0712 0.0961 0.1136 0.1266 0.0157 0.0186 0.0464 0.0755 0.0967 0.1109 0.0 0.0262 0.0567 0.0826 0.0995 0.0159 0.041 0.0686 0.0892 0.0324 0.0568 0.0799 0.0487 0.0717 0.0643
-2.000 3.000 18 0.1927 0.1821 0.1816 0.1687 0.1667 0.1699 0.1499 0.1495 0.1531 0.1592 0.129 0.1277 0.13 0.1382 0.1485 0.1089 0.1029 0.1037 0.1122 0.124 0.1367 0.0917 0.0813 0.0766 0.0836 0.0972 0.1113 0.1241 0.0797 0.0668 0.0548 0.056 0.0709 0.0872 0.101 0.1125 0.0594 0.0431 0.0327 0.0458 0.0659 0.0817 0.094 0.0414 0.0209 0.0219 0.0467 0.0664 0.0799 0.0262 0.0 0.0293 0.0538 0.0698 0.0185 0.0198 0.0431 0.0619 0.0259 0.038 0.0563 0.0402 0.0538 0.0549
0.000 3.000 12 0.1785 0.1732 0.1606 0.1671 0.1533 0.1438 0.1607 0.1427 0.1315 0.1292 0.1504 0.1305 0.1164 0.1106 0.114 0.1386 0.1181 0.099 0.09 0.0919 0.0999 0.1267 0.1068 0.0841 0.0694 0.069 0.0768 0.0874 0.1159 0.0986 0.0749 0.0534 0.0477 0.0556 0.0666 0.0776 0.0929 0.072 0.046 0.0299 0.0367 0.0497 0.0614 0.0732 0.0486 0.0211 0.0188 0.0355 0.0487 0.0567 0.0293 0.0 0.0235 0.0393 0.0437 0.0194 0.0175 0.0331 0.0378 0.0256 0.0316 0.0403 0.0371 0.0477
2.000 3.000 18 0.1629 0.1649 0.1445 0.1667 0.1412 0.1265 0.1684 0.1398 0.118 0.1073 0.1681 0.137 0.1094 0.094 0.089 0.1641 0.1339 0.1023 0.0797 0.0708 0.0728 0.1566 0.1304 0.0975 0.0688 0.0533 0.0528 0.0597 0.1471 0.1265 0.0966 0.0641 0.0411 0.0352 0.0417 0.0511 0.1215 0.0978 0.0664 0.0368 0.0218 0.0263 0.0367 0.1004 0.0737 0.0419 0.0158 0.0131 0.025 0.0826 0.0538 0.0235 0.0 0.0161 0.0669 0.0389 0.0148 0.0121 0.0553 0.0315 0.0185 0.0487 0.0316 0.0469
4.000 3.000 24 0.1558 0.1605 0.1372 0.1691 0.1384 0.117 0.1771 0.1414 0.1148 0.0975 0.1831 0.145 0.112 0.0887 0.0772 0.183 0.1477 0.1105 0.0811 0.0636 0.0576 0.1779 0.1481 0.1108 0.0763 0.0528 0.0418 0.0425 0.1689 0.146 0.1131 0.0767 0.0478 0.0307 0.0273 0.0333 0.1413 0.1158 0.0822 0.0496 0.0263 0.016 0.0204 0.1186 0.0906 0.0576 0.0296 0.0111 0.0097 0.0995 0.0698 0.0393 0.0161 0.0 0.0823 0.0532 0.0272 0.01 0.0681 0.0416 0.0214 0.0574 0.035 0.0499
-3.000 4.000 18 0.2121 0.1972 0.2015 0.1799 0.1865 0.191 0.1577 0.165 0.1731 0.1816 0.1303 0.1393 0.1495 0.1588 0.169 0.1035 0.1096 0.1199 0.1322 0.1436 0.1544 0.0808 0.0816 0.0892 0.1027 0.1167 0.1286 0.1389 0.0648 0.0604 0.0616 0.0734 0.0903 0.1047 0.116 0.1253 0.0475 0.0418 0.047 0.0648 0.0837 0.0971 0.1073 0.0315 0.0262 0.0406 0.0634 0.0811 0.0932 0.0159 0.0185 0.0437 0.0669 0.0823 0.0 0.0259 0.0528 0.0727 0.0164 0.0399 0.0626 0.0326 0.0538 0.0478
-1.000 4.000 12 0.1998 0.1931 0.1829 0.1823 0.1732 0.1677 0.1678 0.1603 0.1529 0.1515 0.1504 0.142 0.1351 0.133 0.1353 0.1302 0.1215 0.1137 0.1106 0.1131 0.119 0.1115 0.1019 0.092 0.0874 0.0896 0.096 0.104 0.0965 0.0865 0.0742 0.0658 0.0677 0.0748 0.0835 0.0918 0.0763 0.0629 0.0493 0.0473 0.0563 0.0665 0.0757 0.0579 0.0408 0.0293 0.0384 0.0524 0.0634 0.041 0.0198 0.0194 0.0389 0.0532 0.0259 0.0 0.0256 0.0444 0.018 0.0181 0.0369 0.0246 0.0338 0.0371
1.000 4.000 12 0.1823 0.1807 0.1635 0.1799 0.1582 0.1437 0.1757 0.1521 0.1349 0.1245 0.1678 0.1449 0.1231 0.11 0.106 0.1562 0.1348 0.1109 0.0936 0.0871 0.0881 0.1425 0.1242 0.0998 0.0788 0.0683 0.0678 0.0732 0.1293 0.1146 0.0923 0.0682 0.0527 0.0505 0.0551 0.0625 0.1068 0.0884 0.0634 0.0423 0.0358 0.0406 0.0481 0.0864 0.0643 0.0386 0.0235 0.0277 0.037 0.0686 0.0431 0.0175 0.0148 0.0272 0.0528 0.0256 0.0 0.0185 0.0399 0.0166 0.0142 0.0335 0.0213 0.0347
3.000 4.000 18 0.1682 0.1711 0.1476 0.1753 0.148 0.1282 0.1802 0.1478 0.1227 0.1085 0.1804 0.1472 0.1176 0.0973 0.0875 0.1757 0.1451 0.1122 0.0865 0.0722 0.0683 0.1654 0.141 0.1086 0.0781 0.0588 0.0515 0.0525 0.1539 0.1355 0.1074 0.0752 0.0504 0.0379 0.0375 0.0423 0.1297 0.1078 0.0775 0.0484 0.0298 0.0252 0.0299 0.1077 0.0829 0.0528 0.0277 0.0161 0.0195 0.0892 0.0619 0.0331 0.0121 0.01 0.0727 0.0444 0.0185 0.0 0.0578 0.0316 0.0116 0.0465 0.0252 0.0399
-2.000 5.000 12 0.2184 0.2085 0.2046 0.1947 0.1913 0.189 0.1742 0.175 0.1739 0.1729 0.1494 0.1527 0.153 0.1538 0.1563 0.1231 0.1259 0.1282 0.1304 0.1335 0.1379 0.0993 0.0999 0.1013 0.1051 0.1097 0.1151 0.1206 0.081 0.0783 0.0773 0.0803 0.0869 0.094 0.1007 0.1071 0.0637 0.0591 0.0581 0.0652 0.0755 0.084 0.0913 0.0479 0.0414 0.0442 0.0571 0.0699 0.0789 0.0324 0.0259 0.0378 0.0553 0.0681 0.0164 0.018 0.0399 0.0578 0.0 0.0246 0.047 0.0161 0.0367 0.0312
0.000 5.000 6 0.2043 0.2001 0.1843 0.1938 0.1784 0.1644 0.1844 0.1686 0.1542 0.1454 0.1689 0.1553 0.1405 0.1297 0.1254 0.1497 0.1386 0.1239 0.1118 0.1059 0.1061 0.1299 0.1208 0.107 0.0935 0.0869 0.0859 0.0893 0.1128 0.1049 0.092 0.078 0.0695 0.068 0.0714 0.0767 0.0927 0.0813 0.0662 0.0549 0.0532 0.0568 0.0626 0.0745 0.0591 0.0436 0.0391 0.0444 0.0514 0.0568 0.038 0.0256 0.0315 0.0416 0.0399 0.0181 0.0166 0.0316 0.0246 0.0 0.0213 0.0166 0.0156 0.022
2.000 5.000 12 0.1842 0.1867 0.1639 0.1879 0.1617 0.1437 0.1869 0.1599 0.1367 0.1223 0.182 0.1552 0.1288 0.1105 0.1012 0.1708 0.1478 0.1202 0.0978 0.0852 0.081 0.1563 0.1382 0.1123 0.0871 0.07 0.0643 0.0645 0.1408 0.1279 0.1062 0.0798 0.0594 0.0499 0.049 0.053 0.1186 0.1019 0.0774 0.0536 0.0395 0.0372 0.0406 0.0988 0.0782 0.0526 0.0332 0.0272 0.0307 0.0799 0.0563 0.0316 0.0185 0.0214 0.0626 0.0369 0.0142 0.0116 0.047 0.0213 0.0 0.0344 0.0135 0.0281
-1.000 6.000 6 0.224 0.218 0.205 0.2069 0.1968 0.1866 0.1903 0.1845 0.174 0.1665 0.1684 0.1656 0.1579 0.1503 0.1457 0.1425 0.1425 0.1373 0.1307 0.1261 0.1247 0.1177 0.1179 0.115 0.1099 0.1058 0.1049 0.106 0.0974 0.0965 0.094 0.0898 0.0874 0.0869 0.0888 0.0919 0.0802 0.0766 0.0722 0.0702 0.0715 0.0744 0.0785 0.0644 0.058 0.0539 0.0564 0.062 0.0673 0.0487 0.0402 0.0403 0.0487 0.0574 0.0326 0.0246 0.0335 0.0465 0.0161 0.0166 0.0344 0.0 0.022 0.0149
1.000 6.000 6 0.2052 0.2046 0.1842 0.2034 0.1806 0.1622 0.1969 0.1751 0.155 0.1402 0.1843 0.1664 0.1448 0.1278 0.1181 0.1666 0.1529 0.1328 0.1134 0.1019 0.0969 0.1462 0.1369 0.1196 0.1002 0.0861 0.0794 0.079 0.1275 0.121 0.1076 0.0893 0.0732 0.0654 0.0636 0.066 0.1074 0.0974 0.0808 0.064 0.054 0.0514 0.0538 0.0892 0.0752 0.0573 0.0447 0.0416 0.0439 0.0717 0.0538 0.0371 0.0316 0.035 0.0538 0.0338 0.0213 0.0252 0.0367 0.0156 0.0135 0.022 0.0 0.0143
0.000 7.000 0 0.2267 0.2234 0.2048 0.2167 0.2002 0.1826 0.2049 0.1912 0.1741 0.1605 0.1852 0.177 0.1619 0.147 0.1371 0.1604 0.1573 0.1458 0.1314 0.1202 0.1146 0.1348 0.1348 0.1278 0.115 0.104 0.0971 0.0945 0.1129 0.1134 0.1092 0.1 0.0895 0.0822 0.0799 0.0802 0.0957 0.0931 0.086 0.0769 0.0704 0.0677 0.0686 0.0799 0.0738 0.0652 0.0593 0.0576 0.0588 0.0643 0.0549 0.0477 0.0469 0.0499 0.0478 0.0371 0.0347 0.0399 0.0312 0.022 0.0281 0.0149 0.0143 0.0